GeographyCode,WP604EW0001,WP604EW0002,WP604EW0003,WP604EW0004,WP604EW0005,WP604EW0006,WP604EW0007
K04000001,26414207,7702954,2538319,5164635,18711253,15240757,3470496
E92000001,25087843,7298821,2415440,4883381,17789022,14471000,3318022
W92000004,1326364,404133,122879,281254,922231,769757,152474
E12000001,1124017,342956,99063,243893,781061,669002,112059
E12000002,3224701,963075,291533,671542,2261626,1916980,344646
E12000003,2417774,744428,228614,515814,1673346,1390765,282581
E12000004,2057346,618765,203501,415264,1438581,1179291,259290
E12000005,2515748,751352,240030,511322,1764396,1462165,302231
E12000006,2650835,807867,289535,518332,1842968,1478897,364071
E12000007,4500481,1066130,355710,710420,3434351,2678912,755439
E12000008,4063350,1205179,434730,770449,2858171,2289718,568453
E12000009,2533591,799069,272724,526345,1734522,1405270,329252
E06000001,34197,11754,3154,8600,22443,19233,3210
E06000002,62839,22110,6308,15802,40729,35462,5267
E06000003,45844,15511,4839,10672,30333,25234,5099
E06000004,86322,27102,7583,19519,59220,50781,8439
E06000005,52096,15583,4437,11146,36513,31362,5151
E06000006,57420,14993,4249,10744,42427,35866,6561
E06000007,114983,31284,9532,21752,83699,70994,12705
E06000008,64522,20036,5527,14509,44486,38836,5650
E06000009,63189,20945,5473,15472,42244,35657,6587
E06000010,124406,38925,11066,27859,85481,73479,12002
E06000011,133512,43226,14674,28552,90286,71678,18608
E06000012,71067,23933,6909,17024,47134,38625,8509
E06000013,76797,22250,6954,15296,54547,44330,10217
E06000014,102927,34128,11816,22312,68799,58138,10661
E06000015,123890,37792,11804,25988,86098,73698,12400
E06000016,163224,52634,15978,36656,110590,95709,14881
E06000017,18293,5409,1938,3471,12884,10053,2831
E06000018,174216,51817,15920,35897,122399,105994,16405
E06000019,87169,27715,9208,18507,59454,45557,13897
E06000020,83177,22100,6874,15226,61077,51931,9146
E06000021,114156,34155,9604,24551,80001,68872,11129
E06000022,89861,30008,11303,18705,59853,49258,10595
E06000023,236098,67295,22449,44846,168803,142294,26509
E06000024,83584,28350,10012,18338,55234,44158,11076
E06000025,141998,39578,13931,25647,102420,85436,16984
E06000026,121963,39197,12132,27065,82766,69015,13751
E06000027,52544,19419,5712,13707,33125,27278,5847
E06000028,81141,27286,9433,17853,53855,44765,9090
E06000029,78847,23541,8158,15383,55306,45781,9525
E06000030,108642,28509,9165,19344,80133,68279,11854
E06000031,101167,27565,8052,19513,73602,62454,11148
E06000032,89954,25826,8329,17497,64128,53718,10410
E06000033,72074,25817,8897,16920,46257,37759,8498
E06000034,64202,19576,7034,12542,44626,35206,9420
E06000035,98648,31484,10926,20558,67164,53364,13800
E06000036,59267,13927,5025,8902,45340,35348,9992
E06000037,87006,21190,7935,13255,65816,52136,13680
E06000038,89115,23419,8391,15028,65696,54587,11109
E06000039,74593,16031,5174,10857,58562,47361,11201
E06000040,76112,20467,7626,12841,55645,42741,12904
E06000041,69107,18763,7627,11136,50344,39495,10849
E06000042,143998,34983,11450,23533,109015,90685,18330
E06000043,134345,45410,15459,29951,88935,74277,14658
E06000044,109456,31916,10743,21173,77540,63998,13542
E06000045,112852,35229,12742,22487,77623,64118,13505
E06000046,56591,20509,6384,14125,36082,30203,5879
E06000047,196872,58647,17576,41071,138225,116970,21255
E06000048,123686,39188,12220,26968,84498,68951,15547
E06000049,182026,53890,18484,35406,128136,104786,23350
E06000050,158249,50234,16479,33755,108015,89582,18433
E06000051,145002,46246,15599,30647,98756,77284,21472
E06000052,235859,81591,26227,55364,154268,122706,31562
E06000053,1299,307,86,221,992,752,240
E06000054,222448,65471,23582,41889,156977,122567,34410
E06000055,74527,22368,7797,14571,52159,42640,9519
E06000056,98170,28895,10796,18099,69275,53932,15343
E07000004,75310,22871,8205,14666,52439,40944,11495
E07000005,35476,12265,5003,7262,23211,17945,5266
E07000006,33210,9172,3440,5732,24038,18147,5891
E07000007,80986,22962,8816,14146,58024,45983,12041
E07000008,94190,25498,9190,16308,68692,57455,11237
E07000009,31112,9333,3470,5863,21779,16452,5327
E07000010,38156,10990,3670,7320,27166,21287,5879
E07000011,77355,21358,7696,13662,55997,44552,11445
E07000012,74393,18254,6737,11517,56139,45479,10660
E07000026,40513,13645,4062,9583,26868,21678,5190
E07000027,31302,10331,3111,7220,20971,18797,2174
E07000028,56652,17950,5406,12544,38702,31128,7574
E07000029,34640,8981,2649,6332,25659,22588,3071
E07000030,28783,9259,3194,6065,19524,13883,5641
E07000031,52022,17131,6179,10952,34891,27527,7364
E07000032,55025,16101,5347,10754,38924,31829,7095
E07000033,29342,8185,2631,5554,21157,16912,4245
E07000034,51786,17375,5006,12369,34411,29029,5382
E07000035,36196,12121,4505,7616,24075,18300,5775
E07000036,42970,13245,4372,8873,29725,24491,5234
E07000037,35791,11704,4086,7618,24087,19165,4922
E07000038,31416,10093,3347,6746,21323,16893,4430
E07000039,33980,9728,3518,6210,24252,18767,5485
E07000040,53997,18555,6662,11893,35442,26820,8622
E07000041,83220,25139,8165,16974,58081,49884,8197
E07000042,30331,10191,3582,6609,20140,14904,5236
E07000043,47704,15811,5040,10771,31893,25103,6790
E07000044,43382,14257,4959,9298,29125,22643,6482
E07000045,50050,17254,6062,11192,32796,25852,6944
E07000046,24610,8771,2997,5774,15839,11731,4108
E07000047,21560,7812,2890,4922,13748,9902,3846
E07000048,20702,6543,2315,4228,14159,11478,2681
E07000049,33977,11547,4566,6981,22430,17461,4969
E07000050,30265,9115,3437,5678,21150,15977,5173
E07000051,20220,6155,2289,3866,14065,10978,3087
E07000052,52101,18038,6211,11827,34063,27009,7054
E07000053,21283,8620,2794,5826,12663,10157,2506
E07000061,43881,15435,5023,10412,28446,23742,4704
E07000062,36828,12760,3867,8893,24068,19913,4155
E07000063,40055,13445,4742,8703,26610,21220,5390
E07000064,32090,11478,4032,7446,20612,15835,4777
E07000065,55601,19363,7549,11814,36238,27504,8734
E07000066,82802,24009,8466,15543,58793,48213,10580
E07000067,57625,18209,6729,11480,39416,30694,8722
E07000068,33868,10217,3916,6301,23651,18538,5113
E07000069,25388,9240,3522,5718,16148,12584,3564
E07000070,82621,26304,9691,16613,56317,45368,10949
E07000071,83688,27185,10041,17144,56503,45100,11403
E07000072,47610,15564,5857,9707,32046,24896,7150
E07000073,39814,11341,3767,7574,28473,23949,4524
E07000074,23037,7618,3065,4553,15419,11749,3670
E07000075,26660,8841,3455,5386,17819,13683,4136
E07000076,44323,16217,5494,10723,28106,21992,6114
E07000077,40286,12056,4665,7391,28230,21942,6288
E07000078,63483,19663,6747,12916,43820,37163,6657
E07000079,43391,13771,5351,8420,29620,22783,6837
E07000080,30458,10009,3636,6373,20449,15754,4695
E07000081,63844,19691,5896,13795,44153,37708,6445
E07000082,50092,15995,5944,10051,34097,27050,7047
E07000083,46180,11282,3976,7306,34898,28832,6066
E07000084,84821,21662,8010,13652,63159,50932,12227
E07000085,48214,15584,6152,9432,32630,25461,7169
E07000086,64219,18619,6577,12042,45600,37205,8395
E07000087,51004,15265,5411,9854,35739,29169,6570
E07000088,26652,8134,2741,5393,18518,15054,3464
E07000089,40079,10817,4380,6437,29262,22492,6770
E07000090,46667,14957,5130,9827,31710,25943,5767
E07000091,75620,25530,9787,15743,50090,38948,11142
E07000092,49880,11342,3983,7359,38538,30661,7877
E07000093,57602,15904,5899,10005,41698,32992,8706
E07000094,75566,21852,8387,13465,53714,43818,9896
E07000095,38867,11181,3934,7247,27686,21609,6077
E07000096,66247,19703,7309,12394,46544,37019,9525
E07000097,58180,18710,7432,11278,39470,31154,8316
E07000098,46377,13310,4847,8463,33067,26117,6950
E07000099,52441,16643,6288,10355,35798,28640,7158
E07000100,61531,20463,8042,12421,41068,32237,8831
E07000101,44839,12661,4202,8459,32178,27234,4944
E07000102,35393,9349,3621,5728,26044,19959,6085
E07000103,51469,14959,5350,9609,36510,29805,6705
E07000104,68426,17627,6483,11144,50799,42109,8690
E07000105,54618,16984,5908,11076,37634,29965,7669
E07000106,66713,23900,8822,15078,42813,34506,8307
E07000107,54972,17169,6299,10870,37803,30426,7377
E07000108,43282,13684,4459,9225,29598,23271,6327
E07000109,32015,10910,3756,7154,21105,16408,4697
E07000110,76795,23217,8215,15002,53578,42923,10655
E07000111,46402,15283,5892,9391,31119,24152,6967
E07000112,44250,14213,4693,9520,30037,24250,5787
E07000113,52439,15769,5497,10272,36670,28395,8275
E07000114,47538,17106,5303,11803,30432,24784,5648
E07000115,60126,17003,5965,11038,43123,34187,8936
E07000116,54985,17591,6460,11131,37394,29749,7645
E07000117,37472,11889,3152,8737,25583,22284,3299
E07000118,41674,13466,4341,9125,28208,23326,4882
E07000119,42934,10445,3348,7097,32489,28175,4314
E07000120,31172,9348,2402,6946,21824,18808,3016
E07000121,58893,20331,6841,13490,38562,31293,7269
E07000122,34602,10848,3087,7761,23754,20334,3420
E07000123,87088,25818,7625,18193,61270,53265,8005
E07000124,29815,8094,2929,5165,21721,17851,3870
E07000125,24266,7143,2146,4997,17123,14192,2931
E07000126,49069,13449,4341,9108,35620,29392,6228
E07000127,49510,14676,4786,9890,34834,28533,6301
E07000128,37730,12892,4260,8632,24838,20057,4781
E07000129,51967,14354,4593,9761,37613,31534,6079
E07000130,67856,21065,7651,13414,46791,38114,8677
E07000131,42180,12096,4459,7637,30084,23848,6236
E07000132,42514,12688,4358,8330,29826,24011,5815
E07000133,22107,6897,2579,4318,15210,11894,3316
E07000134,53711,13323,4235,9088,40388,32723,7665
E07000135,21125,7199,2444,4755,13926,11846,2080
E07000136,31094,9718,2721,6997,21376,17066,4310
E07000137,51693,17325,5554,11771,34368,26348,8020
E07000138,55050,18614,6126,12488,36436,31183,5253
E07000139,45839,12187,4243,7944,33652,26289,7363
E07000140,38861,10052,3410,6642,28809,21774,7035
E07000141,57223,18370,6389,11981,38853,30951,7902
E07000142,31075,10248,3825,6423,20827,15815,5012
E07000143,50487,15488,5402,10086,34999,26313,8686
E07000144,47264,15009,5342,9667,32255,26047,6208
E07000145,39960,14216,4346,9870,25744,20872,4872
E07000146,63513,19300,6596,12704,44213,35125,9088
E07000147,39632,14133,5091,9042,25499,19979,5520
E07000148,89224,27822,9820,18002,61402,52637,8765
E07000149,54367,17575,6185,11390,36792,28750,8042
E07000150,30883,7416,2132,5284,23467,19857,3610
E07000151,38650,9755,3560,6195,28895,22606,6289
E07000152,31128,9326,3505,5821,21802,16807,4995
E07000153,42290,12872,4003,8869,29418,24178,5240
E07000154,118778,31478,9967,21511,87300,73265,14035
E07000155,34323,9758,3860,5898,24565,18241,6324
E07000156,34351,9111,2998,6113,25240,20475,4765
E07000163,27277,8586,3157,5429,18691,14142,4549
E07000164,48641,13976,4961,9015,34665,26671,7994
E07000165,82129,24421,8646,15775,57708,44879,12829
E07000166,27802,6494,2275,4219,21308,13325,7983
E07000167,25988,7918,2847,5071,18070,13643,4427
E07000168,46119,17019,5203,11816,29100,23268,5832
E07000169,35476,9716,3278,6438,25760,20071,5689
E07000170,53093,14214,4048,10166,38879,32600,6279
E07000171,51829,15648,4802,10846,36181,29350,6831
E07000172,38833,12337,4378,7959,26496,21702,4794
E07000173,36897,12263,3992,8271,24634,19922,4712
E07000174,40987,13510,4264,9246,27477,22776,4701
E07000175,50938,15982,5644,10338,34956,27874,7082
E07000176,45942,14755,5309,9446,31187,25402,5785
E07000177,71803,19738,6887,12851,52065,41761,10304
E07000178,99423,27309,9497,17812,72114,60242,11872
E07000179,61683,18566,7191,11375,43117,33879,9238
E07000180,62253,15860,5781,10079,46393,37298,9095
E07000181,48222,13487,5048,8439,34735,26903,7832
E07000187,49267,17246,6052,11194,32021,24332,7689
E07000188,46639,15245,5334,9911,31394,24768,6626
E07000189,77724,23312,7960,15352,54412,43743,10669
E07000190,59898,19560,6055,13505,40338,33161,7177
E07000191,14929,4935,1614,3321,9994,7788,2206
E07000192,38814,12399,3939,8460,26415,21112,5303
E07000193,59222,16893,5520,11373,42329,34423,7906
E07000194,44755,14099,5071,9028,30656,24394,6262
E07000195,49280,15305,4947,10358,33975,28089,5886
E07000196,36453,12063,4414,7649,24390,19263,5127
E07000197,67178,20389,6914,13475,46789,38001,8788
E07000198,34851,11374,3941,7433,23477,18244,5233
E07000199,30315,9514,3127,6387,20801,16851,3950
E07000200,35722,11773,4548,7225,23949,18679,5270
E07000201,32904,8475,3088,5387,24429,18299,6130
E07000202,71601,23821,7681,16140,47780,40360,7420
E07000203,41665,12521,4989,7532,29144,21833,7311
E07000204,58400,17633,6262,11371,40767,32625,8142
E07000205,54351,16935,6667,10268,37416,28593,8823
E07000206,44953,16279,5674,10605,28674,23260,5414
E07000207,56375,17024,6755,10269,39351,30014,9337
E07000208,30223,9875,3760,6115,20348,16198,4150
E07000209,77684,21824,8884,12940,55860,44255,11605
E07000210,46437,12977,4953,8024,33460,26512,6948
E07000211,67831,18944,6662,12282,48887,39769,9118
E07000212,49802,11864,4380,7484,37938,29654,8284
E07000213,41012,10797,3911,6886,30215,23501,6714
E07000214,43918,12719,4782,7937,31199,24412,6787
E07000215,33114,10879,4316,6563,22235,17203,5032
E07000216,52153,17573,7031,10542,34580,26811,7769
E07000217,44230,12505,4842,7663,31725,25194,6531
E07000218,39558,9694,3012,6682,29864,23798,6066
E07000219,45300,14766,4437,10329,30534,25411,5123
E07000220,47452,12685,4347,8338,34767,27990,6777
E07000221,63398,18060,6679,11381,45338,35747,9591
E07000222,77726,21005,7310,13695,56721,47215,9506
E07000223,22179,7114,2429,4685,15065,12153,2912
E07000224,49092,17443,6298,11145,31649,25134,6515
E07000225,61226,20165,7663,12502,41061,32636,8425
E07000226,79370,18407,5401,13006,60963,51081,9882
E07000227,56174,18022,7258,10764,38152,29557,8595
E07000228,60745,19887,7550,12337,40858,32553,8305
E07000229,49415,16626,5566,11060,32789,27761,5028
E07000234,39055,12594,4414,8180,26461,21275,5186
E07000235,31181,10138,3666,6472,21043,16373,4670
E07000236,39031,10985,3565,7420,28046,23639,4407
E07000237,53214,17090,5486,11604,36124,30264,5860
E07000238,54092,15924,5705,10219,38168,30152,8016
E07000239,37393,12828,4134,8694,24565,19874,4691
E08000001,114946,36284,10355,25929,78662,67668,10994
E08000002,73437,23850,6938,16912,49587,41992,7595
E08000003,319745,82361,24927,57434,237384,205163,32221
E08000004,89047,26432,7349,19083,62615,53857,8758
E08000005,79184,22790,6005,16785,56394,48042,8352
E08000006,113752,28702,7831,20871,85050,72881,12169
E08000007,125903,38285,11859,26426,87618,74458,13160
E08000008,79528,23171,6466,16705,56357,48284,8073
E08000009,129951,36078,13133,22945,93873,79722,14151
E08000010,117725,36505,10582,25923,81220,69086,12134
E08000011,57202,15452,3708,11744,41750,36219,5531
E08000012,235801,71869,20730,51139,163932,143265,20667
E08000013,64928,19312,5655,13657,45616,38616,7000
E08000014,102777,36001,11039,24962,66776,56830,9946
E08000015,112249,38905,11353,27552,73344,62065,11279
E08000016,82962,26497,7290,19207,56465,46848,9617
E08000017,127557,40854,11464,29390,86703,72495,14208
E08000018,107716,32955,8881,24074,74761,62608,12153
E08000019,261340,84015,26653,57362,177325,152800,24525
E08000020,91882,26481,7567,18914,65401,56220,9181
E08000021,169652,48689,14870,33819,120963,106007,14956
E08000022,84221,25094,6756,18338,59127,51258,7869
E08000023,50317,16004,4168,11836,34313,29063,5250
E08000024,126089,36793,9585,27208,89296,78461,10835
E08000025,488095,141895,43122,98773,346200,294123,52077
E08000026,148246,43283,13748,29535,104963,90034,14929
E08000027,123197,40409,12622,27787,82788,69693,13095
E08000028,125467,33888,9639,24249,91579,77759,13820
E08000029,99967,29496,9899,19597,70471,59214,11257
E08000030,105000,31717,9375,22342,73283,61380,11903
E08000031,108004,32643,9712,22931,75361,64203,11158
E08000032,213515,68576,19414,49162,144939,123861,21078
E08000033,94704,28636,8377,20259,66068,55933,10135
E08000034,166882,54939,17317,37622,111943,93169,18774
E08000035,409815,113163,34980,78183,296652,250621,46031
E08000036,151142,44201,12452,31749,106941,90181,16760
E09000001,356706,26769,7714,19055,329937,218125,111812
E09000002,58444,16687,5369,11318,41757,33960,7797
E09000003,129112,44553,16103,28450,84559,67645,16914
E09000004,74670,24194,8282,15912,50476,40141,10335
E09000005,115221,33778,11022,22756,81443,66061,15382
E09000006,111405,38399,14114,24285,73006,58788,14218
E09000007,272367,48863,16387,32476,223504,178886,44618
E09000008,120398,38178,12985,25193,82220,67464,14756
E09000009,132461,36344,12107,24237,96117,78359,17758
E09000010,105493,34905,11488,23417,70588,57483,13105
E09000011,86199,27396,8891,18505,58803,47941,10862
E09000012,103604,28197,8346,19851,75407,59507,15900
E09000013,124530,27152,9743,17409,97378,77983,19395
E09000014,81001,28686,9451,19235,52315,42319,9996
E09000015,73804,24944,8822,16122,48860,39443,9417
E09000016,84726,28291,9828,18463,56435,45477,10958
E09000017,164963,39665,12698,26967,125298,102857,22441
E09000018,128880,28976,9771,19205,99904,80145,19759
E09000019,167159,33315,10698,22617,133844,106071,27773
E09000020,116546,27035,9378,17657,89511,70227,19284
E09000021,72450,23576,9211,14365,48874,39993,8881
E09000022,137664,32170,10052,22118,105494,85148,20346
E09000023,78895,26426,8731,17695,52469,42085,10384
E09000024,75223,21991,7477,14514,53232,42457,10775
E09000025,103887,32649,10664,21985,71238,59108,12130
E09000026,78894,28001,9387,18614,50893,41500,9393
E09000027,78387,23405,8911,14494,54982,42843,12139
E09000028,183496,36821,11553,25268,146675,117958,28717
E09000029,72286,22619,7886,14733,49667,39984,9683
E09000030,234726,36842,11345,25497,197884,140359,57525
E09000031,79221,26426,8455,17971,52795,43499,9296
E09000032,117924,32275,10715,21560,85649,67457,18192
E09000033,579739,86602,28126,58476,493137,377639,115498
W06000001,24405,7310,2338,4972,17095,13721,3374
W06000002,57626,18645,5871,12774,38981,31848,7133
W06000003,45201,15383,4564,10819,29818,24165,5653
W06000004,41357,13128,3715,9413,28229,23213,5016
W06000005,72020,18672,5990,12682,53348,45528,7820
W06000006,60837,18599,5497,13102,42238,35696,6542
W06000008,32426,10782,3895,6887,21644,16430,5214
W06000009,52951,17720,5468,12252,35231,26913,8318
W06000010,73870,22920,6784,16136,50950,40294,10656
W06000011,110469,36501,10691,25810,73968,64174,9794
W06000012,51434,15017,4284,10733,36417,31311,5106
W06000013,60466,17835,5141,12694,42631,36182,6449
W06000014,45574,14759,4696,10063,30815,24931,5884
W06000015,199702,56812,18315,38497,142890,123534,19356
W06000016,82073,25396,7263,18133,56677,48419,8258
W06000018,58647,16951,5000,11951,41696,35563,6133
W06000019,22021,6773,1933,4840,15248,13208,2040
W06000020,38863,11299,3299,8000,27564,23909,3655
W06000021,38064,12288,4229,8059,25776,20328,5448
W06000022,73360,21193,5789,15404,52167,44791,7376
W06000023,60142,18583,6073,12510,41559,30372,11187
W06000024,24856,7567,2044,5523,17289,15227,2062
E02000001,356706,26769,7714,19055,329937,218125,111812
E02000002,1130,433,112,321,697,559,138
E02000003,3620,1097,366,731,2523,1993,530
E02000004,1508,479,175,304,1029,869,160
E02000005,1545,562,185,377,983,755,228
E02000007,3664,1190,423,767,2474,2199,275
E02000008,2356,739,268,471,1617,1330,287
E02000009,1168,468,179,289,700,560,140
E02000010,1504,466,164,302,1038,875,163
E02000011,2785,691,248,443,2094,1693,401
E02000012,1900,634,228,406,1266,1073,193
E02000013,1289,490,142,348,799,640,159
E02000014,1836,749,235,514,1087,876,211
E02000015,1333,474,140,334,859,733,126
E02000016,7136,2031,591,1440,5105,4477,628
E02000017,1704,601,182,419,1103,910,193
E02000018,1206,365,103,262,841,671,170
E02000019,4262,1034,319,715,3228,2526,702
E02000020,4988,1245,318,927,3743,2860,883
E02000021,6053,773,258,515,5280,4220,1060
E02000022,2425,725,246,479,1700,1421,279
E02000023,2634,605,198,407,2029,1541,488
E02000024,5670,2136,842,1294,3534,2740,794
E02000025,1870,714,239,475,1156,862,294
E02000026,1104,414,165,249,690,521,169
E02000027,4111,1291,375,916,2820,2358,462
E02000028,2254,585,194,391,1669,1356,313
E02000029,2668,913,325,588,1755,1335,420
E02000030,2495,867,369,498,1628,1217,411
E02000031,3976,1279,489,790,2697,2179,518
E02000032,1432,530,208,322,902,667,235
E02000033,3970,1045,315,730,2925,2510,415
E02000034,2040,778,294,484,1262,952,310
E02000035,2504,914,322,592,1590,1245,345
E02000036,2026,801,300,501,1225,931,294
E02000037,2010,864,351,513,1146,864,282
E02000038,2799,976,341,635,1823,1414,409
E02000039,2855,1000,368,632,1855,1474,381
E02000040,4021,1052,407,645,2969,2402,567
E02000041,4515,1646,513,1133,2869,2321,548
E02000042,4995,1883,742,1141,3112,2505,607
E02000043,1202,430,196,234,772,600,172
E02000044,1683,584,198,386,1099,826,273
E02000045,2481,846,296,550,1635,1265,370
E02000046,3090,1052,332,720,2038,1653,385
E02000047,3399,1188,339,849,2211,1856,355
E02000048,2281,953,379,574,1328,983,345
E02000049,2586,915,292,623,1671,1349,322
E02000050,3095,1023,348,675,2072,1671,401
E02000051,4881,1570,525,1045,3311,2645,666
E02000052,3361,981,361,620,2380,1722,658
E02000053,6353,1133,325,808,5220,4447,773
E02000054,2394,881,396,485,1513,1201,312
E02000055,5792,1910,672,1238,3882,3087,795
E02000056,2679,1032,430,602,1647,1258,389
E02000057,2107,914,336,578,1193,942,251
E02000058,3616,1381,553,828,2235,1736,499
E02000059,3873,1167,389,778,2706,2195,511
E02000060,2819,1179,373,806,1640,1326,314
E02000061,3668,1333,469,864,2335,1914,421
E02000062,7652,3371,1405,1966,4281,3761,520
E02000063,1338,479,163,316,859,690,169
E02000064,1447,543,167,376,904,665,239
E02000065,2874,648,186,462,2226,1833,393
E02000066,1626,438,123,315,1188,959,229
E02000067,3267,885,259,626,2382,1882,500
E02000068,4939,1341,378,963,3598,2742,856
E02000069,1292,419,136,283,873,690,183
E02000070,1027,351,155,196,676,508,168
E02000071,2018,704,240,464,1314,918,396
E02000072,3509,760,260,500,2749,2186,563
E02000073,1520,592,213,379,928,701,227
E02000074,1554,406,122,284,1148,881,267
E02000075,1366,472,171,301,894,695,199
E02000077,1408,480,150,330,928,685,243
E02000078,1137,427,162,265,710,528,182
E02000079,8226,3282,1139,2143,4944,4297,647
E02000080,3239,1349,463,886,1890,1465,425
E02000081,2584,675,223,452,1909,1503,406
E02000082,2001,657,235,422,1344,1065,279
E02000083,5895,1870,688,1182,4025,3155,870
E02000084,2139,769,292,477,1370,1043,327
E02000085,1760,614,201,413,1146,884,262
E02000086,1472,574,252,322,898,667,231
E02000087,2112,754,292,462,1358,1031,327
E02000088,1175,390,162,228,785,599,186
E02000089,1204,463,175,288,741,577,164
E02000090,6096,2247,777,1470,3849,3195,654
E02000091,3887,1286,384,902,2601,2181,420
E02000092,4545,1072,336,736,3473,2874,599
E02000093,3553,1296,425,871,2257,1868,389
E02000094,3622,1190,396,794,2432,1950,482
E02000095,2888,1014,333,681,1874,1455,419
E02000096,1926,751,284,467,1175,884,291
E02000097,2024,620,203,417,1404,1084,320
E02000098,1861,697,231,466,1164,907,257
E02000099,2772,990,284,706,1782,1415,367
E02000100,6410,1585,468,1117,4825,4117,708
E02000101,3090,1178,335,843,1912,1640,272
E02000102,1708,524,175,349,1184,930,254
E02000103,4955,1102,356,746,3853,3151,702
E02000104,1811,557,216,341,1254,1027,227
E02000105,2006,788,262,526,1218,947,271
E02000106,3903,1099,340,759,2804,2302,502
E02000107,2721,932,347,585,1789,1378,411
E02000108,823,299,113,186,524,406,118
E02000109,8614,1970,743,1227,6644,5363,1281
E02000110,1356,500,169,331,856,667,189
E02000111,3337,1025,330,695,2312,1961,351
E02000112,5163,1523,500,1023,3640,3158,482
E02000113,3579,1070,322,748,2509,2141,368
E02000114,2261,826,270,556,1435,1120,315
E02000115,1414,547,200,347,867,650,217
E02000116,3123,955,313,642,2168,1796,372
E02000117,2801,899,250,649,1902,1600,302
E02000118,3321,822,279,543,2499,2060,439
E02000119,11908,1766,478,1288,10142,8243,1899
E02000120,2756,1009,349,660,1747,1364,383
E02000121,5186,1378,459,919,3808,3087,721
E02000122,1987,701,251,450,1286,987,299
E02000123,4155,1551,458,1093,2604,2093,511
E02000124,4590,1234,414,820,3356,2591,765
E02000125,1928,702,256,446,1226,914,312
E02000126,1669,678,213,465,991,805,186
E02000127,1415,517,175,342,898,670,228
E02000128,1913,767,267,500,1146,877,269
E02000130,3516,1041,344,697,2475,1898,577
E02000131,2056,721,215,506,1335,1082,253
E02000132,4125,1440,519,921,2685,2264,421
E02000133,2512,978,363,615,1534,1101,433
E02000134,6331,2075,707,1368,4256,3590,666
E02000135,2342,770,259,511,1572,1226,346
E02000136,1795,645,228,417,1150,890,260
E02000137,1372,478,182,296,894,705,189
E02000138,2203,811,344,467,1392,1108,284
E02000139,1983,674,221,453,1309,1040,269
E02000140,3070,778,248,530,2292,1788,504
E02000141,1472,418,125,293,1054,845,209
E02000142,4012,1501,610,891,2511,2092,419
E02000144,14700,4598,1616,2982,10102,8769,1333
E02000145,3359,1240,527,713,2119,1742,377
E02000146,3044,936,289,647,2108,1688,420
E02000147,1250,559,260,299,691,506,185
E02000148,2010,788,323,465,1222,922,300
E02000149,3243,724,251,473,2519,2060,459
E02000150,3044,816,276,540,2228,1864,364
E02000151,1177,561,272,289,616,449,167
E02000152,1831,696,230,466,1135,926,209
E02000153,1181,472,195,277,709,505,204
E02000154,5507,1993,768,1225,3514,2943,571
E02000155,1112,406,163,243,706,534,172
E02000156,3703,1626,626,1000,2077,1657,420
E02000157,1459,548,246,302,911,685,226
E02000158,1093,398,148,250,695,527,168
E02000159,3078,1113,428,685,1965,1507,458
E02000160,2798,1045,419,626,1753,1323,430
E02000161,1477,574,203,371,903,690,213
E02000162,4595,1521,431,1090,3074,2515,559
E02000163,2866,1082,459,623,1784,1403,381
E02000165,1541,473,172,301,1068,790,278
E02000166,3101,967,334,633,2134,1626,508
E02000167,3845,1258,498,760,2587,1916,671
E02000168,5494,1299,468,831,4195,3086,1109
E02000169,2121,771,345,426,1350,956,394
E02000170,2264,772,308,464,1492,1095,397
E02000171,2314,701,231,470,1613,1234,379
E02000172,4975,1279,397,882,3696,3022,674
E02000173,10765,2197,646,1551,8568,7060,1508
E02000174,3056,799,246,553,2257,1760,497
E02000175,3949,1123,357,766,2826,2213,613
E02000176,2045,715,293,422,1330,958,372
E02000177,2355,702,241,461,1653,1292,361
E02000178,2190,714,250,464,1476,1085,391
E02000179,1483,544,218,326,939,708,231
E02000180,2218,774,249,525,1444,1116,328
E02000181,1281,445,154,291,836,599,237
E02000182,3585,1042,449,593,2543,2131,412
E02000183,7108,1530,489,1041,5578,4386,1192
E02000184,9940,1773,540,1233,8167,6703,1464
E02000185,2541,924,322,602,1617,1298,319
E02000186,24140,3279,927,2352,20861,16643,4218
E02000187,7794,1487,531,956,6307,5411,896
E02000188,7915,1245,425,820,6670,5750,920
E02000189,5189,1266,384,882,3923,3307,616
E02000190,10143,2099,771,1328,8044,6931,1113
E02000191,40890,5649,1991,3658,35241,28190,7051
E02000192,30890,4117,1162,2955,26773,21563,5210
E02000193,68776,9392,3161,6231,59384,46847,12537
E02000194,2849,1005,329,676,1844,1416,428
E02000195,1668,597,222,375,1071,803,268
E02000196,1815,595,205,390,1220,985,235
E02000197,1821,714,210,504,1107,893,214
E02000198,1685,628,188,440,1057,858,199
E02000199,1228,457,148,309,771,628,143
E02000200,2227,645,216,429,1582,1247,335
E02000201,1952,664,207,457,1288,997,291
E02000202,1368,546,156,390,822,655,167
E02000203,2770,1001,357,644,1769,1512,257
E02000204,1843,652,192,460,1191,967,224
E02000206,3798,1078,366,712,2720,2242,478
E02000207,1915,681,201,480,1234,963,271
E02000208,4799,1345,306,1039,3454,2975,479
E02000209,2203,755,254,501,1448,1179,269
E02000210,1366,442,173,269,924,745,179
E02000211,1348,483,183,300,865,653,212
E02000212,3705,1387,449,938,2318,1953,365
E02000213,7010,2364,856,1508,4646,4052,594
E02000214,1451,469,145,324,982,790,192
E02000215,3623,885,315,570,2738,2300,438
E02000216,1241,424,156,268,817,653,164
E02000217,7813,2836,1121,1715,4977,4168,809
E02000218,1025,430,163,267,595,472,123
E02000219,2001,827,323,504,1174,899,275
E02000220,16751,3650,1000,2650,13101,11598,1503
E02000221,5359,1313,453,860,4046,3205,841
E02000222,2780,728,262,466,2052,1681,371
E02000223,756,286,87,199,470,374,96
E02000224,2862,813,241,572,2049,1625,424
E02000225,1529,516,174,342,1013,814,199
E02000226,2126,862,359,503,1264,985,279
E02000227,2109,694,243,451,1415,1125,290
E02000228,1584,637,241,396,947,714,233
E02000229,1626,630,204,426,996,781,215
E02000230,4058,1392,474,918,2666,2181,485
E02000231,2065,788,302,486,1277,942,335
E02000232,1325,539,250,289,786,608,178
E02000233,1455,477,174,303,978,734,244
E02000234,3422,917,346,571,2505,1992,513
E02000235,1688,500,158,342,1188,918,270
E02000236,1554,482,211,271,1072,808,264
E02000237,1712,608,218,390,1104,852,252
E02000238,3474,827,266,561,2647,2224,423
E02000239,1738,625,222,403,1113,899,214
E02000240,1669,590,196,394,1079,846,233
E02000241,2092,647,186,461,1445,1194,251
E02000242,2830,737,225,512,2093,1701,392
E02000243,6078,1394,461,933,4684,3827,857
E02000244,4066,1072,310,762,2994,2369,625
E02000245,1215,411,150,261,804,644,160
E02000246,1180,455,146,309,725,601,124
E02000247,1933,664,214,450,1269,985,284
E02000248,6059,1105,380,725,4954,4149,805
E02000249,3086,975,315,660,2111,1703,408
E02000250,1306,532,222,310,774,589,185
E02000251,1130,405,146,259,725,578,147
E02000252,17880,3015,914,2101,14865,11978,2887
E02000253,1465,535,213,322,930,704,226
E02000254,1281,482,165,317,799,655,144
E02000255,1954,677,237,440,1277,1002,275
E02000256,6327,1532,511,1021,4795,4173,622
E02000257,7657,2719,1028,1691,4938,4046,892
E02000258,1106,409,144,265,697,549,148
E02000259,1584,569,193,376,1015,747,268
E02000260,3412,1175,388,787,2237,1815,422
E02000261,2402,767,275,492,1635,1343,292
E02000262,3686,1204,373,831,2482,1970,512
E02000263,2398,881,286,595,1517,1261,256
E02000264,2527,784,293,491,1743,1303,440
E02000265,3733,1315,445,870,2418,2001,417
E02000266,9321,2007,602,1405,7314,6478,836
E02000267,2928,979,324,655,1949,1565,384
E02000268,3347,916,349,567,2431,1836,595
E02000269,3471,860,273,587,2611,2123,488
E02000270,4009,929,320,609,3080,2644,436
E02000271,3414,800,222,578,2614,2074,540
E02000272,2075,609,220,389,1466,1105,361
E02000274,3798,1212,369,843,2586,2104,482
E02000275,1715,561,175,386,1154,946,208
E02000276,1696,565,211,354,1131,897,234
E02000277,1148,312,95,217,836,666,170
E02000278,1305,603,192,411,702,585,117
E02000279,3655,880,265,615,2775,2172,603
E02000280,3308,1093,410,683,2215,1750,465
E02000281,2220,822,244,578,1398,1119,279
E02000282,1841,665,215,450,1176,924,252
E02000283,1627,492,178,314,1135,928,207
E02000284,3451,1388,453,935,2063,1716,347
E02000285,3617,992,262,730,2625,2295,330
E02000286,6148,1669,479,1190,4479,3948,531
E02000287,3046,1139,433,706,1907,1481,426
E02000288,6738,2270,716,1554,4468,3666,802
E02000289,1156,489,196,293,667,491,176
E02000290,6847,1130,312,818,5717,4469,1248
E02000291,4711,1980,754,1226,2731,2314,417
E02000292,3546,1089,367,722,2457,1972,485
E02000293,1121,441,202,239,680,512,168
E02000294,1671,566,170,396,1105,922,183
E02000295,1857,767,258,509,1090,831,259
E02000296,6305,2114,771,1343,4191,3468,723
E02000297,2047,751,258,493,1296,1023,273
E02000298,2148,796,298,498,1352,1016,336
E02000299,1970,823,276,547,1147,939,208
E02000300,1341,470,161,309,871,720,151
E02000301,2111,695,211,484,1416,1138,278
E02000302,1751,714,222,492,1037,825,212
E02000303,2026,763,233,530,1263,1026,237
E02000304,1528,657,246,411,871,658,213
E02000305,2843,1153,388,765,1690,1347,343
E02000306,5044,1504,430,1074,3540,2873,667
E02000307,1471,496,169,327,975,765,210
E02000308,2581,777,248,529,1804,1503,301
E02000309,3933,1578,506,1072,2355,1943,412
E02000311,2216,736,272,464,1480,1177,303
E02000312,2795,1007,304,703,1788,1445,343
E02000313,784,290,72,218,494,397,97
E02000314,6011,1614,458,1156,4397,3813,584
E02000315,1545,558,162,396,987,831,156
E02000316,11386,2995,888,2107,8391,7195,1196
E02000317,1386,520,132,388,866,724,142
E02000318,2703,962,251,711,1741,1355,386
E02000319,2717,866,279,587,1851,1510,341
E02000320,1208,429,109,320,779,629,150
E02000321,1476,545,179,366,931,741,190
E02000323,2744,905,276,629,1839,1590,249
E02000324,1735,698,270,428,1037,871,166
E02000326,1158,454,183,271,704,549,155
E02000327,6047,1488,390,1098,4559,3640,919
E02000328,1303,477,184,293,826,624,202
E02000329,1012,354,124,230,658,527,131
E02000331,1334,403,134,269,931,757,174
E02000332,1814,634,162,472,1180,973,207
E02000333,1990,639,223,416,1351,1022,329
E02000334,1095,356,92,264,739,589,150
E02000335,939,318,104,214,621,473,148
E02000337,1277,432,117,315,845,699,146
E02000339,2678,1029,363,666,1649,1319,330
E02000340,3539,1337,455,882,2202,1764,438
E02000341,1389,463,162,301,926,694,232
E02000342,1733,646,269,377,1087,887,200
E02000343,1075,373,120,253,702,554,148
E02000344,2049,518,169,349,1531,1195,336
E02000345,3248,1677,392,1285,1571,1304,267
E02000346,1297,535,149,386,762,588,174
E02000347,1908,1071,233,838,837,706,131
E02000348,1414,778,197,581,636,510,126
E02000350,2157,1080,296,784,1077,817,260
E02000351,1494,548,182,366,946,727,219
E02000352,1349,500,167,333,849,657,192
E02000353,2699,1059,334,725,1640,1264,376
E02000354,2187,771,260,511,1416,1143,273
E02000355,1974,712,216,496,1262,1000,262
E02000356,1792,681,204,477,1111,861,250
E02000357,937,260,85,175,677,570,107
E02000358,3313,1107,360,747,2206,1697,509
E02000359,1205,469,148,321,736,534,202
E02000360,2156,735,201,534,1421,1085,336
E02000361,6239,1532,432,1100,4707,4158,549
E02000362,2618,667,190,477,1951,1596,355
E02000363,4856,1201,340,861,3655,3170,485
E02000364,2882,1012,363,649,1870,1520,350
E02000365,4999,1655,523,1132,3344,2604,740
E02000366,1529,543,162,381,986,744,242
E02000367,4723,1206,365,841,3517,2838,679
E02000368,1522,461,141,320,1061,792,269
E02000369,4167,1163,351,812,3004,2396,608
E02000370,3999,673,212,461,3326,2671,655
E02000371,34404,4891,1515,3376,29513,22502,7011
E02000372,17198,2259,622,1637,14939,12496,2443
E02000373,1201,434,134,300,767,602,165
E02000374,931,308,128,180,623,464,159
E02000375,14464,4227,1788,2439,10237,8732,1505
E02000376,3354,973,294,679,2381,1837,544
E02000377,1967,598,203,395,1369,1044,325
E02000378,3130,716,247,469,2414,1855,559
E02000379,1512,521,196,325,991,772,219
E02000380,1974,566,200,366,1408,1033,375
E02000381,4431,1033,353,680,3398,2595,803
E02000382,3876,938,306,632,2938,2202,736
E02000383,7398,1194,413,781,6204,4919,1285
E02000384,20591,3331,1139,2192,17260,14001,3259
E02000385,1705,521,179,342,1184,910,274
E02000386,4440,752,238,514,3688,3297,391
E02000387,5081,926,302,624,4155,3469,686
E02000388,3616,931,318,613,2685,2053,632
E02000389,3756,687,241,446,3069,2433,636
E02000390,1986,532,183,349,1454,1089,365
E02000391,4522,1396,677,719,3126,2343,783
E02000392,4578,1159,410,749,3419,2591,828
E02000393,1185,358,140,218,827,575,252
E02000394,4654,962,279,683,3692,2816,876
E02000395,3945,1095,483,612,2850,2101,749
E02000396,3035,735,270,465,2300,1754,546
E02000397,1757,642,209,433,1115,867,248
E02000398,3079,926,275,651,2153,1641,512
E02000400,2331,693,228,465,1638,1323,315
E02000401,1083,410,134,276,673,572,101
E02000402,1099,451,160,291,648,528,120
E02000403,5783,1330,355,975,4453,3891,562
E02000404,1552,573,204,369,979,788,191
E02000405,1654,626,232,394,1028,761,267
E02000406,1048,402,129,273,646,536,110
E02000407,2071,805,255,550,1266,1037,229
E02000408,2148,745,242,503,1403,1172,231
E02000409,1602,612,181,431,990,821,169
E02000410,2023,714,284,430,1309,996,313
E02000411,3606,903,260,643,2703,2241,462
E02000412,5848,2439,818,1621,3409,2952,457
E02000413,1664,671,271,400,993,786,207
E02000414,1309,398,119,279,911,708,203
E02000415,1782,669,245,424,1113,937,176
E02000416,2018,740,275,465,1278,999,279
E02000417,2756,1076,329,747,1680,1314,366
E02000418,1474,555,191,364,919,713,206
E02000419,2445,922,297,625,1523,1228,295
E02000420,1684,658,182,476,1026,806,220
E02000421,3822,1350,436,914,2472,2097,375
E02000422,1658,696,218,478,962,753,209
E02000423,2812,841,265,576,1971,1710,261
E02000424,1890,671,197,474,1219,932,287
E02000425,1455,645,160,485,810,671,139
E02000426,2700,878,337,541,1822,1312,510
E02000427,1624,689,263,426,935,728,207
E02000428,2211,848,214,634,1363,1121,242
E02000429,1686,661,233,428,1025,785,240
E02000430,3167,1094,386,708,2073,1565,508
E02000431,1802,613,239,374,1189,883,306
E02000432,1235,433,133,300,802,628,174
E02000433,4418,1386,501,885,3032,2483,549
E02000434,2824,912,304,608,1912,1446,466
E02000435,1481,535,227,308,946,766,180
E02000436,1327,535,206,329,792,625,167
E02000437,1970,732,286,446,1238,996,242
E02000438,2501,929,329,600,1572,1214,358
E02000439,2597,830,269,561,1767,1416,351
E02000440,1745,726,272,454,1019,767,252
E02000441,1260,497,196,301,763,584,179
E02000442,1930,604,194,410,1326,1063,263
E02000443,2630,781,249,532,1849,1464,385
E02000444,1479,521,189,332,958,731,227
E02000445,3456,1092,345,747,2364,2036,328
E02000447,1261,488,174,314,773,555,218
E02000448,2970,1194,430,764,1776,1396,380
E02000449,1440,498,178,320,942,749,193
E02000451,1313,521,192,329,792,622,170
E02000452,6005,1911,676,1235,4094,3498,596
E02000453,1963,620,243,377,1343,1069,274
E02000454,1197,444,180,264,753,556,197
E02000455,8448,2741,996,1745,5707,4892,815
E02000456,1074,385,138,247,689,545,144
E02000457,2963,924,256,668,2039,1647,392
E02000459,3114,888,317,571,2226,1730,496
E02000460,1037,404,128,276,633,515,118
E02000461,3339,1132,390,742,2207,1690,517
E02000462,1418,617,211,406,801,633,168
E02000463,1122,420,154,266,702,529,173
E02000464,1073,378,104,274,695,562,133
E02000465,1433,552,190,362,881,711,170
E02000466,1730,638,216,422,1092,864,228
E02000467,2377,567,177,390,1810,1446,364
E02000468,1691,719,243,476,972,741,231
E02000469,1407,567,175,392,840,675,165
E02000470,6153,1601,513,1088,4552,3618,934
E02000471,1253,429,188,241,824,633,191
E02000472,1921,573,217,356,1348,1084,264
E02000473,2634,968,382,586,1666,1304,362
E02000474,1890,573,181,392,1317,1004,313
E02000475,2240,749,265,484,1491,1151,340
E02000476,14394,5635,1993,3642,8759,7712,1047
E02000477,1557,591,221,370,966,708,258
E02000478,1099,405,179,226,694,510,184
E02000479,4844,1616,561,1055,3228,2690,538
E02000480,8683,2159,530,1629,6524,5488,1036
E02000481,1538,585,220,365,953,722,231
E02000482,1637,517,239,278,1120,861,259
E02000483,3976,1731,611,1120,2245,1826,419
E02000484,1693,572,206,366,1121,848,273
E02000485,3142,1275,514,761,1867,1443,424
E02000486,1668,607,229,378,1061,829,232
E02000487,1744,620,217,403,1124,827,297
E02000488,1906,623,223,400,1283,1095,188
E02000489,1256,465,158,307,791,623,168
E02000490,1296,456,157,299,840,660,180
E02000491,3583,747,239,508,2836,2125,711
E02000492,3410,664,227,437,2746,2074,672
E02000493,1498,709,253,456,789,643,146
E02000494,2919,1177,384,793,1742,1452,290
E02000495,5144,1532,527,1005,3612,3019,593
E02000496,4326,1036,329,707,3290,2591,699
E02000497,1962,670,251,419,1292,1037,255
E02000498,1562,433,145,288,1129,825,304
E02000499,2003,762,276,486,1241,974,267
E02000500,3543,1417,568,849,2126,1679,447
E02000501,1827,725,255,470,1102,847,255
E02000502,1896,568,190,378,1328,1061,267
E02000503,1402,346,149,197,1056,806,250
E02000504,1794,651,269,382,1143,853,290
E02000506,2407,796,313,483,1611,1272,339
E02000507,2232,643,212,431,1589,1185,404
E02000508,13602,3969,1653,2316,9633,8268,1365
E02000509,13056,2400,825,1575,10656,8410,2246
E02000510,5219,1426,431,995,3793,3227,566
E02000511,2927,689,204,485,2238,1733,505
E02000512,1264,367,115,252,897,715,182
E02000513,1659,634,240,394,1025,822,203
E02000514,1661,617,169,448,1044,854,190
E02000515,3974,1171,376,795,2803,2278,525
E02000516,1046,346,114,232,700,573,127
E02000517,1492,493,156,337,999,837,162
E02000518,5562,854,237,617,4708,3790,918
E02000519,3368,1340,486,854,2028,1734,294
E02000520,12505,2027,716,1311,10478,8183,2295
E02000521,2019,477,123,354,1542,1242,300
E02000522,1853,575,166,409,1278,1011,267
E02000523,3759,718,225,493,3041,2513,528
E02000524,46243,8537,1840,6697,37706,32083,5623
E02000525,4705,999,286,713,3706,3115,591
E02000526,5175,1167,398,769,4008,3062,946
E02000528,6364,1078,344,734,5286,4201,1085
E02000529,1435,546,204,342,889,707,182
E02000530,6452,1352,397,955,5100,4098,1002
E02000531,8922,1518,480,1038,7404,5722,1682
E02000532,3100,897,332,565,2203,1664,539
E02000533,1829,609,233,376,1220,864,356
E02000534,10186,1506,553,953,8680,7061,1619
E02000535,1212,478,179,299,734,598,136
E02000536,3591,964,310,654,2627,2307,320
E02000537,1626,565,216,349,1061,835,226
E02000538,5483,946,288,658,4537,3780,757
E02000539,5771,1510,436,1074,4261,3549,712
E02000540,3939,1192,380,812,2747,2258,489
E02000541,2135,715,250,465,1420,1178,242
E02000542,3700,1026,313,713,2674,2264,410
E02000543,6885,2426,843,1583,4459,3807,652
E02000544,1370,411,149,262,959,766,193
E02000545,2874,978,505,473,1896,1515,381
E02000546,2995,786,194,592,2209,1809,400
E02000547,7542,1221,405,816,6321,4999,1322
E02000548,6416,812,246,566,5604,4003,1601
E02000549,3179,955,319,636,2224,1792,432
E02000550,2326,882,305,577,1444,1253,191
E02000551,4237,956,334,622,3281,2715,566
E02000552,4954,886,255,631,4068,3286,782
E02000553,974,341,120,221,633,499,134
E02000554,1768,575,186,389,1193,974,219
E02000555,2278,680,220,460,1598,1287,311
E02000556,2883,988,310,678,1895,1498,397
E02000557,6174,1568,431,1137,4606,3931,675
E02000558,2408,841,257,584,1567,1348,219
E02000559,10488,3497,1271,2226,6991,5665,1326
E02000560,3741,1444,486,958,2297,1950,347
E02000561,1827,612,229,383,1215,956,259
E02000562,1926,556,191,365,1370,1048,322
E02000563,2393,768,229,539,1625,1384,241
E02000564,4122,1294,490,804,2828,2315,513
E02000565,1758,584,248,336,1174,919,255
E02000566,4842,1386,443,943,3456,2903,553
E02000567,1975,586,197,389,1389,1059,330
E02000568,6422,1156,379,777,5266,4483,783
E02000569,3996,987,294,693,3009,2561,448
E02000570,2503,785,298,487,1718,1277,441
E02000571,2441,660,199,461,1781,1368,413
E02000572,3092,780,254,526,2312,1879,433
E02000573,11341,2539,839,1700,8802,6931,1871
E02000574,14582,2161,601,1560,12421,10085,2336
E02000575,37979,4862,1456,3406,33117,26371,6746
E02000576,36220,4006,1190,2816,32214,23879,8335
E02000577,4541,1202,341,861,3339,2611,728
E02000578,2861,643,222,421,2218,1764,454
E02000579,2989,901,363,538,2088,1609,479
E02000580,3923,1122,370,752,2801,2089,712
E02000581,3743,715,255,460,3028,2473,555
E02000582,4174,1279,497,782,2895,2150,745
E02000583,3033,936,352,584,2097,1483,614
E02000584,8092,1751,588,1163,6341,4970,1371
E02000585,3180,825,294,531,2355,1713,642
E02000586,9960,1705,562,1143,8255,6402,1853
E02000587,4510,1192,431,761,3318,2664,654
E02000588,18774,3956,1396,2560,14818,12134,2684
E02000589,4504,1115,357,758,3389,2698,691
E02000590,6259,1298,453,845,4961,3795,1166
E02000591,2242,619,198,421,1623,1283,340
E02000592,8075,1821,567,1254,6254,5127,1127
E02000593,2212,681,243,438,1531,1070,461
E02000594,5499,1452,538,914,4047,3123,924
E02000595,8384,1669,580,1089,6715,5306,1409
E02000596,6363,1369,453,916,4994,3968,1026
E02000597,3228,784,318,466,2444,1795,649
E02000598,1690,656,294,362,1034,802,232
E02000599,2830,973,382,591,1857,1473,384
E02000600,4799,1547,455,1092,3252,2742,510
E02000601,3158,1070,399,671,2088,1692,396
E02000602,5281,1647,583,1064,3634,2988,646
E02000603,1696,599,234,365,1097,866,231
E02000604,5250,1578,627,951,3672,3096,576
E02000605,2152,769,287,482,1383,1076,307
E02000606,18275,6310,2740,3570,11965,10359,1606
E02000607,1376,403,187,216,973,781,192
E02000608,3460,1193,494,699,2267,1769,498
E02000609,1431,518,198,320,913,661,252
E02000610,2775,943,306,637,1832,1480,352
E02000611,1231,485,215,270,746,549,197
E02000612,1612,607,219,388,1005,756,249
E02000613,1844,646,230,416,1198,887,311
E02000614,5378,1348,439,909,4030,3303,727
E02000615,2563,799,286,513,1764,1405,359
E02000616,1814,349,119,230,1465,1208,257
E02000617,3835,1136,517,619,2699,2100,599
E02000619,3029,677,231,446,2352,1837,515
E02000620,8479,1539,418,1121,6940,5714,1226
E02000621,7785,1483,471,1012,6302,5303,999
E02000622,3329,748,240,508,2581,2101,480
E02000623,1320,428,150,278,892,673,219
E02000624,1373,512,167,345,861,658,203
E02000625,2621,681,203,478,1940,1488,452
E02000626,1670,561,178,383,1109,880,229
E02000627,2282,631,216,415,1651,1369,282
E02000628,5258,1486,491,995,3772,3274,498
E02000629,2870,722,253,469,2148,1617,531
E02000630,3520,842,248,594,2678,2108,570
E02000631,10550,1993,573,1420,8557,7128,1429
E02000632,2145,558,191,367,1587,1262,325
E02000633,4313,1122,349,773,3191,2750,441
E02000634,2791,804,253,551,1987,1605,382
E02000635,2270,690,230,460,1580,1225,355
E02000636,2490,783,262,521,1707,1228,479
E02000637,1880,606,184,422,1274,993,281
E02000638,2745,820,278,542,1925,1588,337
E02000639,1116,420,137,283,696,555,141
E02000640,1833,460,152,308,1373,1054,319
E02000641,1350,485,132,353,865,700,165
E02000642,1907,638,212,426,1269,1038,231
E02000643,1830,591,170,421,1239,978,261
E02000644,1713,560,192,368,1153,848,305
E02000645,3557,1053,340,713,2504,2012,492
E02000646,3224,1081,313,768,2143,1696,447
E02000647,1591,548,190,358,1043,803,240
E02000648,1415,451,126,325,964,739,225
E02000649,3479,1161,352,809,2318,1919,399
E02000650,1503,512,168,344,991,779,212
E02000651,1780,651,218,433,1129,902,227
E02000652,1214,427,129,298,787,644,143
E02000653,1467,493,163,330,974,788,186
E02000654,2327,719,191,528,1608,1186,422
E02000655,2728,795,306,489,1933,1577,356
E02000657,3575,1387,573,814,2188,1667,521
E02000658,1915,673,244,429,1242,1008,234
E02000659,3171,789,293,496,2382,1948,434
E02000660,2062,684,219,465,1378,1135,243
E02000661,2678,1014,388,626,1664,1313,351
E02000662,1967,626,181,445,1341,1024,317
E02000663,1291,449,159,290,842,655,187
E02000664,8896,2595,809,1786,6301,5431,870
E02000665,1773,712,237,475,1061,847,214
E02000666,1346,513,211,302,833,626,207
E02000667,1257,410,125,285,847,644,203
E02000668,1934,600,181,419,1334,1024,310
E02000669,1872,622,211,411,1250,961,289
E02000670,1292,451,129,322,841,706,135
E02000671,3026,974,342,632,2052,1627,425
E02000672,6364,1887,531,1356,4477,3914,563
E02000673,2196,891,270,621,1305,998,307
E02000674,1232,490,154,336,742,570,172
E02000675,1553,501,181,320,1052,844,208
E02000676,1254,435,142,293,819,628,191
E02000677,2349,633,201,432,1716,1388,328
E02000678,792,232,71,161,560,452,108
E02000679,1675,614,198,416,1061,832,229
E02000680,1579,551,187,364,1028,786,242
E02000681,1894,813,224,589,1081,865,216
E02000682,1595,525,186,339,1070,834,236
E02000683,1038,373,101,272,665,536,129
E02000685,1487,557,188,369,930,713,217
E02000686,1719,545,162,383,1174,893,281
E02000687,1937,746,269,477,1191,893,298
E02000689,4692,1089,377,712,3603,2820,783
E02000690,2903,969,401,568,1934,1390,544
E02000691,4640,1425,523,902,3215,2704,511
E02000692,7993,1738,658,1080,6255,4899,1356
E02000693,3205,1373,484,889,1832,1480,352
E02000694,2868,689,238,451,2179,1728,451
E02000695,1687,533,160,373,1154,892,262
E02000696,1889,612,184,428,1277,989,288
E02000697,7146,1693,576,1117,5453,4460,993
E02000698,1968,705,291,414,1263,955,308
E02000699,1887,680,236,444,1207,960,247
E02000700,3590,1024,292,732,2566,2062,504
E02000701,1814,701,223,478,1113,882,231
E02000702,1027,355,136,219,672,519,153
E02000703,1459,528,188,340,931,717,214
E02000704,3726,1299,446,853,2427,1931,496
E02000705,1447,484,156,328,963,756,207
E02000706,1979,661,190,471,1318,1067,251
E02000707,1082,403,114,289,679,536,143
E02000708,2986,828,319,509,2158,1781,377
E02000709,1082,358,148,210,724,526,198
E02000710,5835,1302,385,917,4533,3581,952
E02000711,4051,1298,370,928,2753,2425,328
E02000712,2017,710,201,509,1307,1065,242
E02000713,2250,534,181,353,1716,1332,384
E02000714,1567,549,202,347,1018,809,209
E02000715,1270,494,148,346,776,650,126
E02000716,1247,535,188,347,712,590,122
E02000717,1827,789,228,561,1038,841,197
E02000718,1053,398,121,277,655,519,136
E02000719,1861,699,224,475,1162,951,211
E02000720,1429,614,228,386,815,653,162
E02000721,3180,1130,349,781,2050,1671,379
E02000722,2347,726,248,478,1621,1330,291
E02000723,2528,1007,323,684,1521,1298,223
E02000724,1436,627,242,385,809,673,136
E02000725,8839,2594,797,1797,6245,5395,850
E02000726,7071,1096,299,797,5975,4389,1586
E02000727,1901,901,290,611,1000,841,159
E02000728,998,392,159,233,606,501,105
E02000729,1210,441,150,291,769,609,160
E02000730,2347,1032,326,706,1315,1091,224
E02000731,4038,1796,614,1182,2242,1927,315
E02000732,1848,759,370,389,1089,917,172
E02000733,2374,775,275,500,1599,1344,255
E02000734,1089,402,146,256,687,563,124
E02000735,1958,666,226,440,1292,1052,240
E02000736,2053,744,189,555,1309,1134,175
E02000737,2895,1062,398,664,1833,1579,254
E02000738,1364,637,230,407,727,584,143
E02000739,1702,580,163,417,1122,939,183
E02000740,2673,562,178,384,2111,1704,407
E02000741,5621,1291,358,933,4330,3798,532
E02000742,1224,387,124,263,837,694,143
E02000743,2748,962,285,677,1786,1520,266
E02000744,1691,561,190,371,1130,923,207
E02000745,1181,376,108,268,805,640,165
E02000746,7517,2776,1000,1776,4741,4040,701
E02000747,5865,1056,333,723,4809,3975,834
E02000748,5106,1185,389,796,3921,3409,512
E02000749,2593,692,200,492,1901,1581,320
E02000750,6236,1356,366,990,4880,3974,906
E02000751,3309,1153,411,742,2156,1588,568
E02000752,3251,857,264,593,2394,1928,466
E02000753,690,224,71,153,466,358,108
E02000754,1134,333,114,219,801,633,168
E02000755,1403,475,151,324,928,728,200
E02000756,4030,1345,499,846,2685,2215,470
E02000757,4025,1545,587,958,2480,1942,538
E02000758,1146,453,162,291,693,529,164
E02000759,2797,931,296,635,1866,1463,403
E02000760,1574,645,237,408,929,692,237
E02000762,978,394,139,255,584,471,113
E02000763,2025,794,251,543,1231,993,238
E02000764,3631,1261,423,838,2370,1887,483
E02000765,1471,638,248,390,833,672,161
E02000767,2568,981,313,668,1587,1374,213
E02000768,963,357,131,226,606,449,157
E02000769,2773,940,335,605,1833,1445,388
E02000770,1439,478,161,317,961,779,182
E02000772,5243,1700,516,1184,3543,3117,426
E02000773,2308,732,208,524,1576,1257,319
E02000774,1345,564,205,359,781,627,154
E02000776,1935,709,209,500,1226,1002,224
E02000777,878,306,121,185,572,438,134
E02000779,3073,1398,503,895,1675,1433,242
E02000780,8318,2924,956,1968,5394,4623,771
E02000781,2500,965,333,632,1535,1210,325
E02000782,2957,1082,339,743,1875,1588,287
E02000783,1009,455,128,327,554,461,93
E02000784,3114,1063,418,645,2051,1429,622
E02000785,4679,1477,524,953,3202,2505,697
E02000786,3787,1149,455,694,2638,1947,691
E02000787,3706,973,351,622,2733,2117,616
E02000788,3034,1104,390,714,1930,1453,477
E02000789,2321,641,244,397,1680,1221,459
E02000790,2069,639,253,386,1430,1053,377
E02000791,9243,2209,892,1317,7034,5528,1506
E02000792,2036,714,275,439,1322,958,364
E02000793,1906,692,266,426,1214,921,293
E02000794,2835,960,467,493,1875,1494,381
E02000795,2038,774,334,440,1264,925,339
E02000796,1842,627,233,394,1215,962,253
E02000797,7572,1995,685,1310,5577,4597,980
E02000798,2507,990,381,609,1517,1194,323
E02000799,2306,836,372,464,1470,1086,384
E02000800,851,313,123,190,538,423,115
E02000801,4086,893,323,570,3193,2634,559
E02000802,2612,743,261,482,1869,1391,478
E02000803,2520,967,353,614,1553,1181,372
E02000804,5790,1453,479,974,4337,3655,682
E02000805,3185,964,387,577,2221,1678,543
E02000806,4348,1229,445,784,3119,2491,628
E02000807,1786,501,156,345,1285,936,349
E02000808,55705,6470,1849,4621,49235,40781,8454
E02000809,34969,3821,1118,2703,31148,23365,7783
E02000810,2694,745,225,520,1949,1544,405
E02000812,6676,1341,408,933,5335,4342,993
E02000813,2963,1144,423,721,1819,1451,368
E02000814,2308,609,205,404,1699,1340,359
E02000815,3742,903,270,633,2839,2362,477
E02000816,3000,854,284,570,2146,1690,456
E02000817,2262,575,139,436,1687,1332,355
E02000818,2379,866,305,561,1513,1239,274
E02000819,2320,642,198,444,1678,1399,279
E02000820,2735,648,233,415,2087,1586,501
E02000821,2342,948,249,699,1394,1104,290
E02000822,1649,598,172,426,1051,911,140
E02000823,2091,794,229,565,1297,1052,245
E02000824,3597,1001,321,680,2596,2142,454
E02000825,1620,587,168,419,1033,900,133
E02000826,2313,769,248,521,1544,1306,238
E02000827,4036,1224,367,857,2812,2291,521
E02000828,2829,1078,333,745,1751,1430,321
E02000829,1858,660,208,452,1198,957,241
E02000830,5180,1203,360,843,3977,3306,671
E02000831,2887,983,297,686,1904,1437,467
E02000832,1888,609,194,415,1279,1001,278
E02000833,1582,579,208,371,1003,795,208
E02000834,2430,781,287,494,1649,1311,338
E02000835,1157,418,121,297,739,539,200
E02000836,2481,849,316,533,1632,1220,412
E02000837,2663,1019,383,636,1644,1190,454
E02000838,1660,651,228,423,1009,770,239
E02000839,2386,795,286,509,1591,1167,424
E02000840,1304,390,115,275,914,745,169
E02000841,4901,1458,329,1129,3443,2942,501
E02000842,2873,912,336,576,1961,1539,422
E02000843,2643,748,219,529,1895,1538,357
E02000844,1676,587,227,360,1089,825,264
E02000845,2169,781,318,463,1388,1091,297
E02000846,1540,482,159,323,1058,838,220
E02000847,2609,1027,338,689,1582,1279,303
E02000848,2449,989,377,612,1460,1156,304
E02000849,1593,563,197,366,1030,806,224
E02000850,7335,1430,464,966,5905,4593,1312
E02000851,11488,3807,1403,2404,7681,6470,1211
E02000852,1948,639,222,417,1309,1028,281
E02000853,1694,456,178,278,1238,1022,216
E02000854,2570,873,302,571,1697,1288,409
E02000855,2912,926,358,568,1986,1496,490
E02000856,3883,1093,385,708,2790,2221,569
E02000857,2502,919,280,639,1583,1253,330
E02000858,1877,624,223,401,1253,974,279
E02000859,2019,832,305,527,1187,885,302
E02000860,3764,828,237,591,2936,2577,359
E02000861,3204,1029,364,665,2175,1831,344
E02000863,1617,613,261,352,1004,745,259
E02000864,2510,748,216,532,1762,1389,373
E02000865,2974,949,309,640,2025,1613,412
E02000866,2113,783,283,500,1330,1018,312
E02000867,3520,959,305,654,2561,2070,491
E02000868,2517,780,225,555,1737,1351,386
E02000869,1828,582,182,400,1246,921,325
E02000870,2395,762,199,563,1633,1353,280
E02000871,2301,749,231,518,1552,1250,302
E02000872,2643,961,288,673,1682,1227,455
E02000873,5415,1495,651,844,3920,3308,612
E02000874,1306,547,146,401,759,610,149
E02000875,2964,712,235,477,2252,1761,491
E02000876,3304,1294,400,894,2010,1674,336
E02000877,2702,880,269,611,1822,1466,356
E02000878,23569,3734,1097,2637,19835,13756,6079
E02000879,1614,662,193,469,952,813,139
E02000880,3700,1019,311,708,2681,2339,342
E02000881,1549,514,171,343,1035,818,217
E02000882,1921,754,229,525,1167,942,225
E02000883,1723,672,197,475,1051,857,194
E02000884,14738,2618,754,1864,12120,10159,1961
E02000885,2027,782,246,536,1245,1019,226
E02000886,1629,501,151,350,1128,835,293
E02000887,3166,698,187,511,2468,2062,406
E02000888,1756,724,217,507,1032,786,246
E02000889,7920,1067,337,730,6853,5101,1752
E02000890,7012,797,219,578,6215,4873,1342
E02000891,14585,2234,631,1603,12351,10394,1957
E02000893,1218,419,130,289,799,595,204
E02000894,1415,394,139,255,1021,735,286
E02000895,1789,642,230,412,1147,890,257
E02000896,2747,976,359,617,1771,1415,356
E02000897,1690,565,177,388,1125,928,197
E02000898,1445,510,167,343,935,791,144
E02000899,2363,1000,348,652,1363,1073,290
E02000900,2630,889,301,588,1741,1487,254
E02000901,3570,1101,367,734,2469,1949,520
E02000902,1339,484,184,300,855,632,223
E02000903,1818,618,203,415,1200,953,247
E02000904,2780,883,272,611,1897,1609,288
E02000905,3457,1052,310,742,2405,2070,335
E02000906,1965,681,216,465,1284,1071,213
E02000907,2788,918,283,635,1870,1551,319
E02000908,4521,1191,320,871,3330,2786,544
E02000909,2504,929,313,616,1575,1223,352
E02000910,3305,1174,355,819,2131,1802,329
E02000911,4475,1782,608,1174,2693,2287,406
E02000912,1791,594,190,404,1197,990,207
E02000913,5717,1454,386,1068,4263,3687,576
E02000914,3168,1115,320,795,2053,1752,301
E02000915,2159,731,207,524,1428,1160,268
E02000916,4933,1420,428,992,3513,2793,720
E02000917,2053,655,194,461,1398,1123,275
E02000918,3543,1139,386,753,2404,2027,377
E02000919,1633,599,169,430,1034,827,207
E02000920,4481,1630,576,1054,2851,2280,571
E02000921,2350,848,256,592,1502,1244,258
E02000922,2207,846,330,516,1361,1099,262
E02000923,4184,730,251,479,3454,2340,1114
E02000924,11109,1915,611,1304,9194,7361,1833
E02000925,1618,571,176,395,1047,791,256
E02000926,4493,956,341,615,3537,2631,906
E02000927,1796,530,171,359,1266,941,325
E02000928,2429,783,271,512,1646,1176,470
E02000929,919,331,92,239,588,474,114
E02000930,4735,1353,509,844,3382,2645,737
E02000931,1623,566,202,364,1057,737,320
E02000932,10537,2323,785,1538,8214,6531,1683
E02000933,2927,821,303,518,2106,1652,454
E02000934,6237,1721,548,1173,4516,3788,728
E02000935,3135,989,384,605,2146,1727,419
E02000936,2236,608,222,386,1628,1292,336
E02000937,1938,597,222,375,1341,950,391
E02000938,2186,721,233,488,1465,1180,285
E02000939,1810,631,247,384,1179,846,333
E02000940,4561,1745,612,1133,2816,2415,401
E02000941,2498,738,229,509,1760,1315,445
E02000942,2052,711,254,457,1341,968,373
E02000943,3481,1129,359,770,2352,1798,554
E02000944,1643,469,130,339,1174,961,213
E02000945,2037,762,234,528,1275,1047,228
E02000946,2968,789,224,565,2179,1675,504
E02000947,2644,678,248,430,1966,1510,456
E02000948,1494,422,140,282,1072,818,254
E02000949,5093,1269,363,906,3824,3177,647
E02000950,1570,529,194,335,1041,833,208
E02000951,1499,512,178,334,987,742,245
E02000952,1247,420,153,267,827,662,165
E02000953,2070,459,145,314,1611,1211,400
E02000954,1387,545,147,398,842,661,181
E02000955,1264,452,129,323,812,636,176
E02000956,9869,2047,592,1455,7822,6631,1191
E02000957,3754,1394,467,927,2360,1933,427
E02000958,1547,577,202,375,970,721,249
E02000959,1334,482,147,335,852,681,171
E02000960,4146,990,339,651,3156,2370,786
E02000961,2230,745,286,459,1485,1045,440
E02000962,2943,712,266,446,2231,1800,431
E02000963,1581,530,156,374,1051,817,234
E02000964,2346,833,243,590,1513,1204,309
E02000965,2269,723,230,493,1546,1117,429
E02000966,2503,788,280,508,1715,1217,498
E02000967,14347,2033,690,1343,12314,8657,3657
E02000968,5745,1459,421,1038,4286,3457,829
E02000969,3434,972,307,665,2462,2049,413
E02000970,49759,8630,2868,5762,41129,31007,10122
E02000971,15673,3284,1110,2174,12389,9853,2536
E02000972,130851,20417,7335,13082,110434,83939,26495
E02000973,3721,1022,366,656,2699,2006,693
E02000974,17261,2957,887,2070,14304,11539,2765
E02000975,11652,1401,415,986,10251,7916,2335
E02000976,6041,1709,492,1217,4332,3368,964
E02000977,154611,19319,5958,13361,135292,99449,35843
E02000978,24762,3655,1474,2181,21107,15241,5866
E02000979,86983,8825,2283,6542,78158,64584,13574
E02000980,10911,1551,414,1137,9360,7842,1518
E02000981,4416,1073,375,698,3343,2632,711
E02000982,19410,2425,739,1686,16985,13330,3655
E02000983,2144,549,192,357,1595,1200,395
E02000984,1841,554,204,350,1287,1025,262
E02000985,2255,842,280,562,1413,1155,258
E02000986,1433,532,192,340,901,739,162
E02000987,2325,867,271,596,1458,1193,265
E02000988,3441,1133,305,828,2308,1954,354
E02000989,1250,497,174,323,753,572,181
E02000990,7989,2683,849,1834,5306,4647,659
E02000991,1503,581,179,402,922,752,170
E02000992,1597,433,147,286,1164,914,250
E02000993,3006,847,211,636,2159,1876,283
E02000994,1821,622,114,508,1199,1032,167
E02000995,1205,515,181,334,690,535,155
E02000996,1696,526,119,407,1170,1017,153
E02000997,6702,1549,549,1000,5153,4507,646
E02000998,3633,1250,335,915,2383,2033,350
E02000999,18076,5774,1550,4224,12302,11137,1165
E02001000,2221,743,189,554,1478,1233,245
E02001001,1758,652,185,467,1106,910,196
E02001002,1966,524,167,357,1442,1212,230
E02001003,1722,616,218,398,1106,883,223
E02001004,3443,1283,346,937,2160,1902,258
E02001005,10577,3202,874,2328,7375,6516,859
E02001006,2489,813,229,584,1676,1483,193
E02001007,1818,649,228,421,1169,901,268
E02001008,1034,434,95,339,600,506,94
E02001009,1934,484,130,354,1450,1240,210
E02001010,2088,548,135,413,1540,1307,233
E02001011,1931,603,198,405,1328,1076,252
E02001012,5859,1938,340,1598,3921,3520,401
E02001013,1152,376,129,247,776,637,139
E02001014,5547,1372,466,906,4175,3647,528
E02001015,4062,1394,333,1061,2668,2310,358
E02001016,1025,365,109,256,660,546,114
E02001017,3364,724,185,539,2640,2120,520
E02001018,1183,359,139,220,824,631,193
E02001019,3148,1149,409,740,1999,1585,414
E02001020,1143,483,177,306,660,528,132
E02001021,2368,755,284,471,1613,1238,375
E02001022,1791,552,137,415,1239,1072,167
E02001023,1390,388,125,263,1002,792,210
E02001024,1415,430,171,259,985,806,179
E02001025,5335,1443,273,1170,3892,3423,469
E02001026,12252,4539,1405,3134,7713,6777,936
E02001027,3020,814,200,614,2206,1877,329
E02001028,1143,454,158,296,689,533,156
E02001029,7076,2451,657,1794,4625,4124,501
E02001030,1596,394,134,260,1202,997,205
E02001031,6178,1553,404,1149,4625,3942,683
E02001032,1091,366,108,258,725,590,135
E02001033,1878,378,87,291,1500,1299,201
E02001034,3068,970,263,707,2098,1780,318
E02001035,1392,535,166,369,857,676,181
E02001036,1657,612,177,435,1045,873,172
E02001037,1935,729,251,478,1206,979,227
E02001038,2706,764,236,528,1942,1580,362
E02001039,1112,371,114,257,741,596,145
E02001040,3488,1007,258,749,2481,2172,309
E02001041,1601,623,200,423,978,790,188
E02001042,2608,835,214,621,1773,1442,331
E02001043,1006,352,89,263,654,550,104
E02001044,2040,903,241,662,1137,971,166
E02001045,1734,628,164,464,1106,943,163
E02001046,1849,518,132,386,1331,1131,200
E02001047,1694,532,149,383,1162,968,194
E02001048,1153,474,164,310,679,569,110
E02001049,1411,445,114,331,966,782,184
E02001050,5932,1867,323,1544,4065,3603,462
E02001051,1896,654,209,445,1242,1069,173
E02001052,4003,1551,444,1107,2452,2096,356
E02001053,2516,541,142,399,1975,1722,253
E02001055,4930,1034,300,734,3896,3312,584
E02001056,1558,460,156,304,1098,982,116
E02001057,3345,1003,415,588,2342,1983,359
E02001059,7685,1937,510,1427,5748,4980,768
E02001061,3868,1112,290,822,2756,2399,357
E02001062,17124,4002,1464,2538,13122,11054,2068
E02001063,8653,2365,932,1433,6288,5424,864
E02001064,5145,1544,416,1128,3601,3229,372
E02001065,1359,501,133,368,858,693,165
E02001066,11479,2853,737,2116,8626,7662,964
E02001067,1438,537,143,394,901,776,125
E02001068,1561,574,148,426,987,875,112
E02001069,2468,1012,328,684,1456,1223,233
E02001070,4000,1374,468,906,2626,2192,434
E02001071,2296,968,242,726,1328,1106,222
E02001072,1914,655,189,466,1259,1020,239
E02001073,3764,1277,353,924,2487,2156,331
E02001074,2407,749,207,542,1658,1392,266
E02001075,2276,899,247,652,1377,1144,233
E02001076,2487,1139,551,588,1348,1118,230
E02001077,2417,809,256,553,1608,1339,269
E02001078,1881,625,183,442,1256,1046,210
E02001079,1170,434,149,285,736,630,106
E02001080,1893,821,390,431,1072,909,163
E02001081,1397,460,169,291,937,735,202
E02001082,4413,1214,337,877,3199,2843,356
E02001083,4175,1029,275,754,3146,2747,399
E02001084,1643,706,251,455,937,792,145
E02001085,1871,646,192,454,1225,1036,189
E02001086,2194,716,203,513,1478,1286,192
E02001087,2940,969,414,555,1971,1598,373
E02001088,1513,493,144,349,1020,873,147
E02001089,5526,1453,495,958,4073,3343,730
E02001090,4284,982,274,708,3302,2885,417
E02001091,1959,460,142,318,1499,1308,191
E02001092,2076,663,175,488,1413,1221,192
E02001093,4214,827,187,640,3387,3005,382
E02001094,3164,1037,258,779,2127,1879,248
E02001095,10455,2445,482,1963,8010,7001,1009
E02001096,5039,773,176,597,4266,3743,523
E02001097,18089,3608,707,2901,14481,12783,1698
E02001098,1178,334,121,213,844,667,177
E02001099,2711,822,242,580,1889,1662,227
E02001100,2768,922,249,673,1846,1633,213
E02001101,740,252,95,157,488,376,112
E02001102,1382,399,117,282,983,775,208
E02001103,1670,527,199,328,1143,850,293
E02001104,1161,339,101,238,822,673,149
E02001105,2514,973,379,594,1541,1362,179
E02001106,3712,821,209,612,2891,2369,522
E02001107,1075,368,123,245,707,542,165
E02001108,3351,968,253,715,2383,2104,279
E02001109,1587,462,104,358,1125,995,130
E02001110,2103,669,268,401,1434,1091,343
E02001111,8471,2504,618,1886,5967,5378,589
E02001112,3880,575,169,406,3305,2755,550
E02001113,6332,2142,453,1689,4190,3792,398
E02001114,4236,1233,323,910,3003,2540,463
E02001115,1473,505,120,385,968,800,168
E02001116,2132,580,165,415,1552,1268,284
E02001117,1787,643,222,421,1144,944,200
E02001118,1146,385,147,238,761,581,180
E02001119,3436,1081,266,815,2355,2121,234
E02001121,7231,2395,770,1625,4836,4488,348
E02001123,879,278,78,200,601,494,107
E02001124,1331,371,107,264,960,753,207
E02001125,6047,1460,272,1188,4587,4080,507
E02001126,2442,582,154,428,1860,1675,185
E02001127,1115,365,83,282,750,630,120
E02001128,3440,801,191,610,2639,2227,412
E02001129,2906,942,269,673,1964,1704,260
E02001130,1197,339,112,227,858,704,154
E02001131,774,213,78,135,561,453,108
E02001132,2750,661,183,478,2089,1767,322
E02001133,1000,263,81,182,737,605,132
E02001134,1439,476,142,334,963,755,208
E02001135,1853,579,125,454,1274,1117,157
E02001136,2546,678,185,493,1868,1642,226
E02001137,1082,301,129,172,781,599,182
E02001138,1759,626,212,414,1133,896,237
E02001139,3464,1169,277,892,2295,1968,327
E02001140,2623,855,209,646,1768,1531,237
E02001141,13099,4393,1076,3317,8706,7854,852
E02001142,915,377,147,230,538,411,127
E02001143,3222,1143,305,838,2079,1783,296
E02001144,2181,545,144,401,1636,1402,234
E02001145,1645,463,152,311,1182,943,239
E02001146,4122,1346,363,983,2776,2430,346
E02001147,1701,537,144,393,1164,961,203
E02001148,4266,1183,325,858,3083,2533,550
E02001149,5300,1351,271,1080,3949,3339,610
E02001150,4467,751,187,564,3716,3152,564
E02001151,4656,874,230,644,3782,3080,702
E02001152,3836,870,224,646,2966,2507,459
E02001153,1346,519,137,382,827,669,158
E02001154,2695,621,171,450,2074,1751,323
E02001155,5874,1691,402,1289,4183,3699,484
E02001156,1343,518,184,334,825,648,177
E02001157,1776,511,119,392,1265,1115,150
E02001158,2012,802,187,615,1210,1034,176
E02001159,2056,350,118,232,1706,1453,253
E02001160,2025,405,94,311,1620,1355,265
E02001161,2025,648,204,444,1377,1134,243
E02001162,1600,451,158,293,1149,967,182
E02001163,2384,697,209,488,1687,1399,288
E02001164,3382,523,158,365,2859,2386,473
E02001165,3520,700,164,536,2820,2473,347
E02001166,1895,1058,260,798,837,713,124
E02001167,1022,400,132,268,622,508,114
E02001168,5673,1609,439,1170,4064,3625,439
E02001169,2186,738,287,451,1448,1128,320
E02001170,2226,698,242,456,1528,1207,321
E02001171,1522,306,88,218,1216,1016,200
E02001172,2661,1254,317,937,1407,1163,244
E02001173,5042,1423,396,1027,3619,3172,447
E02001174,1489,532,124,408,957,785,172
E02001175,880,273,71,202,607,487,120
E02001176,5380,1476,378,1098,3904,3309,595
E02001177,14628,3230,709,2521,11398,10034,1364
E02001178,12780,2808,774,2034,9972,8620,1352
E02001179,968,344,111,233,624,512,112
E02001180,1237,352,103,249,885,790,95
E02001181,1615,431,130,301,1184,1006,178
E02001182,1962,613,162,451,1349,1170,179
E02001183,1743,489,149,340,1254,972,282
E02001184,19435,3643,996,2647,15792,13942,1850
E02001185,1978,690,193,497,1288,1027,261
E02001186,6650,1248,359,889,5402,4379,1023
E02001187,956,334,96,238,622,506,116
E02001188,1899,553,146,407,1346,1071,275
E02001189,2893,813,215,598,2080,1731,349
E02001190,835,307,67,240,528,469,59
E02001191,1040,370,139,231,670,499,171
E02001192,3545,963,267,696,2582,2206,376
E02001193,5296,1413,366,1047,3883,3359,524
E02001194,1754,669,234,435,1085,857,228
E02001195,7017,1221,334,887,5796,4861,935
E02001196,1889,690,267,423,1199,979,220
E02001197,4005,961,252,709,3044,2652,392
E02001198,1850,656,207,449,1194,960,234
E02001199,3189,939,320,619,2250,1834,416
E02001200,16934,5524,1593,3931,11410,10301,1109
E02001201,1118,377,92,285,741,619,122
E02001202,4976,1234,405,829,3742,3269,473
E02001203,1089,446,191,255,643,491,152
E02001204,2789,859,273,586,1930,1680,250
E02001205,4939,1127,314,813,3812,3261,551
E02001206,2882,1153,404,749,1729,1436,293
E02001207,1602,609,193,416,993,794,199
E02001208,6798,1780,492,1288,5018,4526,492
E02001209,1938,623,196,427,1315,1081,234
E02001210,1033,384,99,285,649,547,102
E02001211,1532,496,160,336,1036,821,215
E02001212,2238,445,112,333,1793,1548,245
E02001213,6451,2179,454,1725,4272,3706,566
E02001214,2109,723,271,452,1386,1126,260
E02001215,1547,471,178,293,1076,877,199
E02001216,2643,912,335,577,1731,1432,299
E02001217,4174,1365,450,915,2809,2376,433
E02001218,916,385,144,241,531,380,151
E02001219,2765,685,258,427,2080,1764,316
E02001220,2281,1102,407,695,1179,1015,164
E02001221,1099,404,155,249,695,555,140
E02001222,3875,1049,261,788,2826,2416,410
E02001223,1384,594,225,369,790,610,180
E02001224,1443,498,179,319,945,715,230
E02001225,3526,1109,429,680,2417,1994,423
E02001226,1808,513,161,352,1295,1095,200
E02001227,1027,429,168,261,598,446,152
E02001228,2819,921,350,571,1898,1593,305
E02001229,2514,681,190,491,1833,1491,342
E02001230,1310,370,100,270,940,769,171
E02001231,1017,360,127,233,657,528,129
E02001232,1094,356,104,252,738,602,136
E02001233,1203,382,120,262,821,667,154
E02001234,1207,425,111,314,782,645,137
E02001235,5907,1668,340,1328,4239,3772,467
E02001236,1579,466,114,352,1113,905,208
E02001237,1540,466,136,330,1074,852,222
E02001238,2259,695,200,495,1564,1324,240
E02001239,1760,587,177,410,1173,953,220
E02001240,721,217,72,145,504,412,92
E02001241,16684,5067,1312,3755,11617,10577,1040
E02001242,1232,353,114,239,879,709,170
E02001243,3634,983,308,675,2651,2209,442
E02001244,1187,366,115,251,821,698,123
E02001245,4797,831,233,598,3966,3384,582
E02001246,1569,533,153,380,1036,824,212
E02001247,2865,531,172,359,2334,2016,318
E02001248,4008,838,223,615,3170,2704,466
E02001249,2149,726,216,510,1423,1197,226
E02001250,2132,493,122,371,1639,1450,189
E02001251,1277,435,157,278,842,657,185
E02001252,1205,406,139,267,799,634,165
E02001253,4739,1463,469,994,3276,2845,431
E02001254,631,210,61,149,421,342,79
E02001255,1441,465,111,354,976,857,119
E02001256,5180,1878,444,1434,3302,2875,427
E02001257,1223,400,154,246,823,654,169
E02001258,1464,520,172,348,944,732,212
E02001259,8691,1423,424,999,7268,6412,856
E02001260,24081,7135,3040,4095,16946,14639,2307
E02001261,9985,3099,1486,1613,6886,6094,792
E02001262,4717,1032,295,737,3685,3273,412
E02001263,4027,1258,340,918,2769,2432,337
E02001264,10759,1310,312,998,9449,8098,1351
E02001265,1466,486,181,305,980,773,207
E02001266,2850,564,181,383,2286,1875,411
E02001267,3276,1154,342,812,2122,1726,396
E02001268,1534,550,190,360,984,788,196
E02001269,3132,1274,447,827,1858,1611,247
E02001270,4893,1104,361,743,3789,3230,559
E02001271,1391,489,134,355,902,739,163
E02001272,2345,746,265,481,1599,1313,286
E02001273,7024,2220,676,1544,4804,4107,697
E02001274,1579,599,214,385,980,789,191
E02001275,2883,646,206,440,2237,1751,486
E02001276,865,302,104,198,563,432,131
E02001277,4052,820,304,516,3232,2772,460
E02001278,2772,728,253,475,2044,1625,419
E02001279,1273,519,172,347,754,612,142
E02001280,1169,437,131,306,732,586,146
E02001281,1663,619,253,366,1044,792,252
E02001282,6345,1827,673,1154,4518,3881,637
E02001283,8892,2738,974,1764,6154,5169,985
E02001284,1815,653,285,368,1162,918,244
E02001285,4349,1514,544,970,2835,2272,563
E02001286,2123,832,346,486,1291,1013,278
E02001287,1072,398,134,264,674,533,141
E02001288,2735,888,310,578,1847,1462,385
E02001289,2044,762,222,540,1282,1048,234
E02001290,1130,422,148,274,708,558,150
E02001291,1625,353,95,258,1272,1090,182
E02001292,5764,2043,526,1517,3721,3360,361
E02001293,1291,262,91,171,1029,799,230
E02001294,11077,4226,1222,3004,6851,6239,612
E02001295,1949,599,138,461,1350,1213,137
E02001296,4017,1048,393,655,2969,2536,433
E02001297,3543,620,168,452,2923,2603,320
E02001298,4301,1095,270,825,3206,2832,374
E02001299,3539,1227,329,898,2312,2005,307
E02001300,2788,838,224,614,1950,1660,290
E02001301,9613,3118,952,2166,6495,5671,824
E02001302,962,307,75,232,655,508,147
E02001303,1749,490,126,364,1259,1087,172
E02001304,2363,822,299,523,1541,1242,299
E02001305,2221,485,147,338,1736,1429,307
E02001306,1159,385,116,269,774,637,137
E02001307,3180,1007,339,668,2173,1883,290
E02001308,2203,571,167,404,1632,1328,304
E02001309,2819,1032,273,759,1787,1479,308
E02001310,1736,646,156,490,1090,908,182
E02001311,1900,684,178,506,1216,958,258
E02001312,2226,403,91,312,1823,1555,268
E02001313,2228,876,308,568,1352,1185,167
E02001314,1065,359,141,218,706,554,152
E02001315,3261,731,232,499,2530,1992,538
E02001316,5651,2249,618,1631,3402,3030,372
E02001317,3812,1146,246,900,2666,2404,262
E02001318,3968,1009,240,769,2959,2501,458
E02001319,1073,341,73,268,732,599,133
E02001320,3414,727,227,500,2687,2234,453
E02001321,1129,380,142,238,749,574,175
E02001322,2696,1122,314,808,1574,1277,297
E02001323,1687,511,180,331,1176,1010,166
E02001324,3997,1005,264,741,2992,2504,488
E02001325,1942,655,203,452,1287,910,377
E02001326,2796,663,205,458,2133,1689,444
E02001327,2028,462,110,352,1566,1263,303
E02001328,1157,411,101,310,746,576,170
E02001329,3530,1286,226,1060,2244,2032,212
E02001330,960,316,86,230,644,560,84
E02001331,12882,2189,482,1707,10693,9145,1548
E02001332,922,256,57,199,666,587,79
E02001333,3947,1619,472,1147,2328,2002,326
E02001334,953,344,57,287,609,551,58
E02001335,6700,2071,396,1675,4629,4070,559
E02001336,982,332,98,234,650,557,93
E02001337,1956,394,99,295,1562,1399,163
E02001338,949,380,79,301,569,473,96
E02001339,1134,420,89,331,714,621,93
E02001340,1531,506,149,357,1025,842,183
E02001341,4551,1400,325,1075,3151,2837,314
E02001342,3590,1244,321,923,2346,2099,247
E02001343,3757,774,258,516,2983,2597,386
E02001344,737,267,73,194,470,399,71
E02001345,877,295,90,205,582,455,127
E02001346,4059,486,140,346,3573,3154,419
E02001347,6477,1823,355,1468,4654,4152,502
E02001348,2218,685,176,509,1533,1281,252
E02001349,1642,619,166,453,1023,836,187
E02001350,3104,871,215,656,2233,1907,326
E02001351,4297,989,195,794,3308,2946,362
E02001352,2702,883,201,682,1819,1627,192
E02001353,859,278,90,188,581,457,124
E02001354,2890,1142,246,896,1748,1565,183
E02001355,1612,541,136,405,1071,911,160
E02001356,1094,421,82,339,673,587,86
E02001357,1209,460,119,341,749,658,91
E02001358,1858,825,323,502,1033,863,170
E02001359,867,298,79,219,569,453,116
E02001360,4473,911,237,674,3562,2862,700
E02001361,864,290,75,215,574,489,85
E02001362,888,308,85,223,580,477,103
E02001363,738,283,74,209,455,376,79
E02001364,1251,652,358,294,599,523,76
E02001365,1509,547,163,384,962,816,146
E02001366,2324,801,231,570,1523,1305,218
E02001367,2733,1006,313,693,1727,1460,267
E02001368,4348,1089,227,862,3259,2780,479
E02001369,3700,923,253,670,2777,2422,355
E02001370,2292,723,154,569,1569,1314,255
E02001371,949,339,78,261,610,509,101
E02001372,8483,2749,505,2244,5734,5127,607
E02001373,4400,1381,380,1001,3019,2667,352
E02001374,5179,1305,321,984,3874,3482,392
E02001375,1379,560,128,432,819,702,117
E02001376,2002,647,179,468,1355,1189,166
E02001377,11751,3283,726,2557,8468,7510,958
E02001378,1936,634,159,475,1302,1140,162
E02001380,1358,458,143,315,900,714,186
E02001381,3084,765,210,555,2319,2111,208
E02001382,894,339,117,222,555,444,111
E02001383,3679,1178,414,764,2501,2090,411
E02001384,2276,1048,371,677,1228,1063,165
E02001385,1457,552,125,427,905,761,144
E02001386,2234,938,286,652,1296,1169,127
E02001387,2217,879,287,592,1338,1107,231
E02001388,2286,984,340,644,1302,1090,212
E02001389,1609,521,143,378,1088,879,209
E02001390,2157,621,138,483,1536,1318,218
E02001391,735,257,64,193,478,393,85
E02001392,1085,354,116,238,731,574,157
E02001393,4516,1408,533,875,3108,2549,559
E02001394,3335,1238,348,890,2097,1812,285
E02001395,1792,721,283,438,1071,885,186
E02001396,3704,824,219,605,2880,2486,394
E02001397,2067,935,279,656,1132,949,183
E02001398,1681,691,197,494,990,804,186
E02001399,1254,498,202,296,756,593,163
E02001400,1381,382,100,282,999,881,118
E02001401,4410,1662,430,1232,2748,2340,408
E02001402,2229,669,208,461,1560,1324,236
E02001403,1885,671,163,508,1214,1015,199
E02001404,15940,3329,965,2364,12611,11267,1344
E02001405,1939,726,169,557,1213,1075,138
E02001406,3057,873,316,557,2184,1771,413
E02001407,1049,405,138,267,644,522,122
E02001408,1120,337,104,233,783,611,172
E02001409,1398,446,145,301,952,740,212
E02001410,7723,1262,343,919,6461,5360,1101
E02001411,1169,426,103,323,743,614,129
E02001412,2101,743,249,494,1358,1116,242
E02001413,1219,461,144,317,758,614,144
E02001414,1170,410,129,281,760,561,199
E02001415,1026,311,110,201,715,567,148
E02001416,946,250,68,182,696,598,98
E02001417,8301,3136,822,2314,5165,4633,532
E02001418,2303,740,210,530,1563,1285,278
E02001419,10749,3378,863,2515,7371,6585,786
E02001420,3082,804,248,556,2278,1951,327
E02001421,2282,656,192,464,1626,1407,219
E02001422,1316,362,96,266,954,835,119
E02001423,1251,408,131,277,843,723,120
E02001424,6524,1716,547,1169,4808,4089,719
E02001425,1659,580,182,398,1079,852,227
E02001426,1025,375,133,242,650,536,114
E02001427,2929,669,193,476,2260,1873,387
E02001428,1529,564,189,375,965,773,192
E02001429,1364,413,146,267,951,785,166
E02001430,1987,831,300,531,1156,933,223
E02001431,1606,613,188,425,993,815,178
E02001432,11511,5115,1700,3415,6396,5573,823
E02001433,1605,497,167,330,1108,918,190
E02001434,2670,927,301,626,1743,1450,293
E02001435,3407,1169,302,867,2238,1784,454
E02001436,5427,1846,488,1358,3581,3134,447
E02001437,2945,1122,351,771,1823,1520,303
E02001438,1630,630,195,435,1000,804,196
E02001439,1423,586,188,398,837,686,151
E02001440,1014,366,133,233,648,523,125
E02001441,1623,692,289,403,931,770,161
E02001442,2425,1101,433,668,1324,1070,254
E02001443,1150,516,200,316,634,473,161
E02001444,2073,818,350,468,1255,1055,200
E02001445,1072,423,165,258,649,504,145
E02001446,2662,700,217,483,1962,1744,218
E02001447,1537,570,204,366,967,764,203
E02001448,2746,1035,367,668,1711,1440,271
E02001449,2689,1127,329,798,1562,1271,291
E02001450,2316,1013,369,644,1303,1042,261
E02001451,913,352,79,273,561,478,83
E02001452,866,319,85,234,547,470,77
E02001453,2707,1050,342,708,1657,1381,276
E02001454,1447,452,164,288,995,820,175
E02001455,4069,1393,477,916,2676,2338,338
E02001456,1600,580,177,403,1020,799,221
E02001457,4529,1153,276,877,3376,3018,358
E02001458,2692,988,277,711,1704,1452,252
E02001459,1313,488,151,337,825,706,119
E02001460,3633,999,262,737,2634,2259,375
E02001461,2839,741,151,590,2098,1933,165
E02001462,1638,447,108,339,1191,983,208
E02001463,2564,612,142,470,1952,1637,315
E02001464,1955,704,168,536,1251,1030,221
E02001465,10194,2822,617,2205,7372,6526,846
E02001466,2936,791,181,610,2145,1942,203
E02001467,1338,457,140,317,881,696,185
E02001468,1487,623,179,444,864,679,185
E02001469,1955,744,240,504,1211,929,282
E02001470,1880,791,219,572,1089,880,209
E02001471,1429,515,142,373,914,771,143
E02001472,1541,534,154,380,1007,811,196
E02001473,3404,1307,337,970,2097,1822,275
E02001474,2365,737,212,525,1628,1414,214
E02001475,1981,648,114,534,1333,1168,165
E02001476,3542,749,185,564,2793,2342,451
E02001477,2419,929,217,712,1490,1299,191
E02001478,2650,1022,285,737,1628,1365,263
E02001479,1300,461,167,294,839,677,162
E02001480,3080,1084,315,769,1996,1575,421
E02001481,1904,834,267,567,1070,887,183
E02001482,15944,4963,1192,3771,10981,9976,1005
E02001483,1179,488,185,303,691,563,128
E02001484,2511,980,325,655,1531,1299,232
E02001485,663,264,54,210,399,326,73
E02001486,2036,699,217,482,1337,1084,253
E02001487,3667,956,301,655,2711,2243,468
E02001488,2005,837,287,550,1168,961,207
E02001489,1442,630,234,396,812,635,177
E02001490,2425,575,170,405,1850,1566,284
E02001491,6246,2333,468,1865,3913,3434,479
E02001492,2895,1237,417,820,1658,1321,337
E02001493,2021,663,188,475,1358,1150,208
E02001494,1540,620,283,337,920,715,205
E02001495,1349,491,148,343,858,722,136
E02001496,1015,397,134,263,618,487,131
E02001497,1813,749,200,549,1064,874,190
E02001498,1363,523,156,367,840,656,184
E02001499,1176,535,194,341,641,509,132
E02001500,1491,627,183,444,864,692,172
E02001501,1488,538,190,348,950,744,206
E02001502,7657,1965,641,1324,5692,4985,707
E02001503,3505,1626,585,1041,1879,1533,346
E02001504,4321,1582,406,1176,2739,2407,332
E02001505,5799,1562,435,1127,4237,3660,577
E02001506,1627,686,294,392,941,697,244
E02001507,781,315,100,215,466,359,107
E02001508,2015,629,193,436,1386,1152,234
E02001509,1215,487,156,331,728,562,166
E02001510,3434,757,153,604,2677,2278,399
E02001511,1083,365,85,280,718,567,151
E02001512,1939,662,232,430,1277,1004,273
E02001513,2183,573,191,382,1610,1237,373
E02001514,2118,609,173,436,1509,1272,237
E02001515,2784,857,254,603,1927,1546,381
E02001516,1943,535,147,388,1408,1234,174
E02001517,1388,492,156,336,896,705,191
E02001518,3583,1278,345,933,2305,1967,338
E02001519,1750,509,142,367,1241,1015,226
E02001520,7353,2051,484,1567,5302,4485,817
E02001521,13382,4865,1218,3647,8517,7499,1018
E02001522,1953,661,162,499,1292,1083,209
E02001523,4936,1847,456,1391,3089,2696,393
E02001524,1805,682,267,415,1123,827,296
E02001525,1611,596,120,476,1015,884,131
E02001526,1013,331,86,245,682,591,91
E02001527,2418,679,196,483,1739,1368,371
E02001528,1673,617,182,435,1056,832,224
E02001529,1821,743,192,551,1078,894,184
E02001530,2673,753,210,543,1920,1632,288
E02001531,2665,792,207,585,1873,1561,312
E02001532,2735,921,315,606,1814,1406,408
E02001533,1008,376,99,277,632,493,139
E02001534,2981,710,192,518,2271,1899,372
E02001535,2372,686,262,424,1686,1229,457
E02001536,3888,915,266,649,2973,2434,539
E02001537,1327,519,174,345,808,596,212
E02001538,1928,629,168,461,1299,1052,247
E02001539,1505,343,116,227,1162,919,243
E02001540,2836,1118,356,762,1718,1291,427
E02001541,4250,1444,407,1037,2806,2364,442
E02001542,1862,591,148,443,1271,925,346
E02001543,2865,888,217,671,1977,1528,449
E02001544,1591,547,137,410,1044,825,219
E02001545,2977,720,231,489,2257,1804,453
E02001546,3841,1189,354,835,2652,2244,408
E02001547,2242,831,244,587,1411,1124,287
E02001548,1683,592,163,429,1091,879,212
E02001549,2038,954,292,662,1084,905,179
E02001550,1745,538,163,375,1207,931,276
E02001551,2315,745,215,530,1570,1307,263
E02001552,3780,867,208,659,2913,2450,463
E02001553,5281,1277,414,863,4004,3295,709
E02001554,1498,589,213,376,909,734,175
E02001555,843,273,94,179,570,449,121
E02001556,6722,2638,496,2142,4084,3615,469
E02001557,6971,2271,715,1556,4700,4051,649
E02001558,3571,843,276,567,2728,2280,448
E02001559,1954,680,223,457,1274,1061,213
E02001560,23257,7956,2146,5810,15301,13710,1591
E02001561,1203,414,115,299,789,650,139
E02001562,1004,406,113,293,598,493,105
E02001563,2601,1300,391,909,1301,1090,211
E02001564,2271,626,199,427,1645,1216,429
E02001565,2093,564,181,383,1529,1327,202
E02001566,10809,2578,589,1989,8231,7129,1102
E02001567,1802,552,172,380,1250,1045,205
E02001568,1578,509,153,356,1069,809,260
E02001569,2692,1104,226,878,1588,1347,241
E02001570,2152,667,160,507,1485,1251,234
E02001571,1972,489,163,326,1483,1183,300
E02001572,2325,636,155,481,1689,1342,347
E02001573,1289,441,135,306,848,649,199
E02001574,1102,369,126,243,733,560,173
E02001575,1511,557,168,389,954,746,208
E02001576,2840,1027,349,678,1813,1412,401
E02001577,2686,721,241,480,1965,1555,410
E02001578,3924,1504,434,1070,2420,2068,352
E02001579,11447,3168,531,2637,8279,7425,854
E02001580,2952,801,239,562,2151,1786,365
E02001581,595,190,48,142,405,316,89
E02001582,973,350,74,276,623,490,133
E02001583,1253,348,89,259,905,720,185
E02001584,1324,494,177,317,830,639,191
E02001585,4298,1774,555,1219,2524,2145,379
E02001586,3064,690,217,473,2374,1944,430
E02001587,1153,462,143,319,691,557,134
E02001588,849,357,94,263,492,413,79
E02001589,1055,333,116,217,722,521,201
E02001590,1333,659,164,495,674,564,110
E02001591,3847,966,256,710,2881,2442,439
E02001592,1679,646,205,441,1033,825,208
E02001593,5546,1138,278,860,4408,3789,619
E02001594,14323,4950,1182,3768,9373,8273,1100
E02001595,5766,1325,362,963,4441,3668,773
E02001596,1608,685,176,509,923,745,178
E02001597,2578,859,232,627,1719,1280,439
E02001598,1609,669,230,439,940,752,188
E02001599,2019,757,241,516,1262,989,273
E02001600,7209,2469,562,1907,4740,4166,574
E02001601,919,350,140,210,569,442,127
E02001602,5890,1178,319,859,4712,3889,823
E02001603,1907,637,190,447,1270,999,271
E02001604,3370,795,213,582,2575,2160,415
E02001605,3590,742,241,501,2848,2202,646
E02001606,2242,965,283,682,1277,1018,259
E02001607,1675,575,197,378,1100,903,197
E02001608,3299,702,212,490,2597,2120,477
E02001609,2449,700,228,472,1749,1403,346
E02001610,1971,717,253,464,1254,955,299
E02001611,2548,812,245,567,1736,1400,336
E02001612,953,339,130,209,614,459,155
E02001613,1569,577,179,398,992,789,203
E02001614,6440,1680,430,1250,4760,4022,738
E02001615,3986,1254,365,889,2732,2259,473
E02001616,1432,460,127,333,972,791,181
E02001617,700,219,51,168,481,386,95
E02001618,2349,686,245,441,1663,1282,381
E02001619,1414,580,154,426,834,654,180
E02001620,1776,613,156,457,1163,993,170
E02001621,734,274,76,198,460,378,82
E02001622,1682,622,163,459,1060,921,139
E02001623,1905,720,178,542,1185,1051,134
E02001624,4066,926,285,641,3140,2615,525
E02001625,2207,768,120,648,1439,1307,132
E02001626,1150,424,127,297,726,616,110
E02001627,7898,2307,695,1612,5591,4804,787
E02001628,19232,7237,2901,4336,11995,10618,1377
E02001629,1925,746,199,547,1179,990,189
E02001630,2016,650,162,488,1366,1167,199
E02001631,1364,505,144,361,859,710,149
E02001632,19830,4209,1038,3171,15621,13459,2162
E02001633,1836,728,228,500,1108,846,262
E02001634,1719,569,184,385,1150,956,194
E02001635,703,256,78,178,447,366,81
E02001636,7717,2262,815,1447,5455,4628,827
E02001637,7163,1581,358,1223,5582,4770,812
E02001638,997,465,225,240,532,418,114
E02001639,1090,515,199,316,575,471,104
E02001640,13750,5067,1452,3615,8683,7731,952
E02001642,5330,1301,362,939,4029,3511,518
E02001643,1518,579,214,365,939,765,174
E02001646,5308,1912,745,1167,3396,2883,513
E02001647,1706,710,207,503,996,835,161
E02001648,2488,1128,455,673,1360,1104,256
E02001649,2645,805,158,647,1840,1586,254
E02001650,5771,1752,516,1236,4019,3673,346
E02001651,1734,675,262,413,1059,875,184
E02001652,8026,2850,1150,1700,5176,4533,643
E02001653,3119,922,238,684,2197,1961,236
E02001654,1403,435,122,313,968,844,124
E02001655,1225,445,154,291,780,616,164
E02001656,2478,974,403,571,1504,1252,252
E02001657,2095,869,352,517,1226,995,231
E02001658,1325,549,118,431,776,675,101
E02001659,1658,617,148,469,1041,891,150
E02001660,2995,1171,372,799,1824,1534,290
E02001661,2104,593,122,471,1511,1358,153
E02001662,1478,505,137,368,973,817,156
E02001663,3184,980,327,653,2204,1928,276
E02001664,1075,358,101,257,717,607,110
E02001665,3484,1335,468,867,2149,1763,386
E02001666,2670,1239,482,757,1431,1259,172
E02001669,3354,1332,388,944,2022,1734,288
E02001670,520,203,66,137,317,270,47
E02001671,2618,739,282,457,1879,1659,220
E02001672,874,338,106,232,536,446,90
E02001673,3489,624,186,438,2865,2379,486
E02001674,2753,993,298,695,1760,1440,320
E02001675,2900,925,304,621,1975,1644,331
E02001676,1399,573,187,386,826,682,144
E02001678,2654,1142,443,699,1512,1156,356
E02001679,927,382,115,267,545,444,101
E02001680,990,416,108,308,574,493,81
E02001681,1145,479,203,276,666,509,157
E02001682,1750,476,144,332,1274,1017,257
E02001683,1674,617,192,425,1057,807,250
E02001684,5509,1121,262,859,4388,3863,525
E02001685,1055,388,101,287,667,521,146
E02001686,4759,972,244,728,3787,3183,604
E02001688,17972,2959,615,2344,15013,12915,2098
E02001689,2623,891,190,701,1732,1493,239
E02001690,9899,5330,2013,3317,4569,4075,494
E02001691,1509,557,162,395,952,772,180
E02001692,586,192,60,132,394,337,57
E02001693,946,335,82,253,611,531,80
E02001694,1395,378,111,267,1017,847,170
E02001695,1624,365,102,263,1259,1067,192
E02001696,1240,427,114,313,813,658,155
E02001697,5281,1660,363,1297,3621,3229,392
E02001698,1746,618,187,431,1128,949,179
E02001699,941,273,76,197,668,540,128
E02001700,2260,730,238,492,1530,1191,339
E02001701,1771,588,187,401,1183,965,218
E02001702,1103,407,109,298,696,574,122
E02001703,872,314,121,193,558,432,126
E02001704,820,318,99,219,502,409,93
E02001705,1320,468,138,330,852,681,171
E02001706,4558,1136,387,749,3422,2948,474
E02001707,5102,961,263,698,4141,3539,602
E02001708,5418,1427,412,1015,3991,3574,417
E02001709,3480,1080,410,670,2400,2026,374
E02001710,2620,578,162,416,2042,1823,219
E02001711,4844,1418,366,1052,3426,3008,418
E02001712,3280,1016,333,683,2264,1968,296
E02001713,10744,2871,726,2145,7873,7091,782
E02001714,9472,2399,523,1876,7073,6333,740
E02001715,3179,1041,314,727,2138,1849,289
E02001718,1285,344,83,261,941,819,122
E02001719,1917,719,242,477,1198,926,272
E02001720,1887,806,395,411,1081,871,210
E02001721,3666,862,246,616,2804,2335,469
E02001722,1701,652,195,457,1049,911,138
E02001723,1170,475,132,343,695,593,102
E02001724,4066,1391,474,917,2675,2203,472
E02001725,3723,1252,415,837,2471,2170,301
E02001726,2771,850,203,647,1921,1623,298
E02001727,2139,565,159,406,1574,1364,210
E02001728,4009,807,191,616,3202,2848,354
E02001729,3504,1220,368,852,2284,1999,285
E02001730,10920,2404,755,1649,8516,7194,1322
E02001731,54831,17033,5761,11272,37798,33668,4130
E02001732,1862,522,133,389,1340,1146,194
E02001733,8223,1952,514,1438,6271,5462,809
E02001734,2634,680,178,502,1954,1694,260
E02001735,846,325,91,234,521,424,97
E02001736,10986,2817,736,2081,8169,7309,860
E02001737,2658,489,121,368,2169,1865,304
E02001738,772,332,137,195,440,335,105
E02001739,1732,472,148,324,1260,1021,239
E02001740,919,403,142,261,516,395,121
E02001741,1916,505,146,359,1411,1122,289
E02001742,953,267,103,164,686,531,155
E02001743,3220,1363,417,946,1857,1502,355
E02001744,1515,590,162,428,925,768,157
E02001745,4870,1343,406,937,3527,3156,371
E02001746,2361,985,348,637,1376,1109,267
E02001747,796,313,125,188,483,367,116
E02001748,5184,1589,390,1199,3595,3263,332
E02001749,1009,350,91,259,659,547,112
E02001750,4200,1419,348,1071,2781,2435,346
E02001751,1622,536,168,368,1086,912,174
E02001752,11423,2420,599,1821,9003,8256,747
E02001753,2374,912,304,608,1462,1132,330
E02001754,1110,392,134,258,718,564,154
E02001755,5013,1444,334,1110,3569,3123,446
E02001756,9019,1981,380,1601,7038,6409,629
E02001757,1037,339,111,228,698,592,106
E02001758,1336,393,88,305,943,805,138
E02001759,5188,1829,413,1416,3359,2981,378
E02001760,3683,883,199,684,2800,2409,391
E02001761,887,359,102,257,528,438,90
E02001762,527,169,64,105,358,296,62
E02001763,1049,377,92,285,672,543,129
E02001764,2933,946,320,626,1987,1704,283
E02001765,1960,465,107,358,1495,1243,252
E02001766,2839,731,152,579,2108,1767,341
E02001767,2774,987,226,761,1787,1533,254
E02001768,4689,1740,475,1265,2949,2590,359
E02001769,7752,2812,653,2159,4940,4238,702
E02001770,1546,496,136,360,1050,861,189
E02001771,630,230,79,151,400,319,81
E02001772,1575,509,143,366,1066,896,170
E02001773,1061,405,133,272,656,520,136
E02001774,5068,1343,307,1036,3725,3263,462
E02001775,876,374,83,291,502,408,94
E02001776,3242,693,169,524,2549,2197,352
E02001777,2056,547,128,419,1509,1294,215
E02001778,3584,1304,236,1068,2280,2003,277
E02001779,4210,995,277,718,3215,2741,474
E02001780,493,152,40,112,341,284,57
E02001781,642,255,68,187,387,315,72
E02001782,1876,512,137,375,1364,1087,277
E02001783,713,256,66,190,457,370,87
E02001784,816,289,80,209,527,425,102
E02001785,1030,352,146,206,678,503,175
E02001786,756,263,83,180,493,402,91
E02001787,1443,357,95,262,1086,901,185
E02001788,2254,1006,235,771,1248,1058,190
E02001789,1080,329,120,209,751,533,218
E02001790,2925,785,279,506,2140,1855,285
E02001791,1578,583,160,423,995,816,179
E02001792,1604,705,242,463,899,768,131
E02001793,1053,378,93,285,675,572,103
E02001794,1131,364,100,264,767,653,114
E02001795,6908,1831,549,1282,5077,4427,650
E02001796,3886,1200,334,866,2686,2307,379
E02001797,10701,938,336,602,9763,8628,1135
E02001798,4872,1315,306,1009,3557,3178,379
E02001799,4554,1101,289,812,3453,2957,496
E02001800,3176,657,158,499,2519,2140,379
E02001801,5857,1813,381,1432,4044,3600,444
E02001802,1743,418,104,314,1325,1163,162
E02001803,16000,6042,1743,4299,9958,9069,889
E02001804,2013,617,139,478,1396,1238,158
E02001805,1125,431,102,329,694,589,105
E02001806,3762,1356,364,992,2406,2077,329
E02001807,7445,2018,289,1729,5427,4710,717
E02001808,1533,548,161,387,985,861,124
E02001809,5331,2399,660,1739,2932,2691,241
E02001810,1986,449,151,298,1537,1297,240
E02001811,1800,455,115,340,1345,1189,156
E02001812,2723,856,279,577,1867,1545,322
E02001813,2040,714,197,517,1326,1146,180
E02001814,3108,1071,233,838,2037,1804,233
E02001815,2670,728,242,486,1942,1639,303
E02001816,1437,587,148,439,850,760,90
E02001817,1141,486,144,342,655,557,98
E02001818,1850,574,162,412,1276,1108,168
E02001819,8734,2022,292,1730,6712,6288,424
E02001820,1606,483,130,353,1123,935,188
E02001821,696,183,58,125,513,425,88
E02001822,1839,574,144,430,1265,1005,260
E02001823,1355,453,140,313,902,746,156
E02001824,2700,964,258,706,1736,1498,238
E02001825,5079,1124,299,825,3955,3477,478
E02001826,1053,356,83,273,697,598,99
E02001827,919,361,156,205,558,406,152
E02001828,2845,1234,458,776,1611,1316,295
E02001829,1467,564,246,318,903,664,239
E02001830,4102,1334,443,891,2768,2217,551
E02001831,2185,630,201,429,1555,1296,259
E02001832,5446,1657,421,1236,3789,3243,546
E02001833,1318,516,168,348,802,647,155
E02001834,1451,412,131,281,1039,854,185
E02001835,5588,2246,829,1417,3342,2814,528
E02001836,3302,1502,552,950,1800,1455,345
E02001837,1348,553,155,398,795,650,145
E02001838,1864,582,245,337,1282,1012,270
E02001839,2187,915,254,661,1272,1025,247
E02001840,1553,556,148,408,997,867,130
E02001841,1160,489,197,292,671,509,162
E02001842,942,353,127,226,589,473,116
E02001843,1902,681,182,499,1221,999,222
E02001844,3169,1127,332,795,2042,1635,407
E02001845,1346,455,158,297,891,723,168
E02001846,1042,344,104,240,698,555,143
E02001847,4451,1040,298,742,3411,2883,528
E02001848,1753,553,188,365,1200,1015,185
E02001849,4241,1409,366,1043,2832,2454,378
E02001850,3315,1300,430,870,2015,1726,289
E02001851,2600,599,184,415,2001,1771,230
E02001852,1919,499,143,356,1420,1116,304
E02001854,8300,1838,679,1159,6462,5523,939
E02001855,6658,1398,419,979,5260,4734,526
E02001856,1974,492,146,346,1482,1225,257
E02001857,5211,1265,374,891,3946,3335,611
E02001858,1334,494,153,341,840,690,150
E02001859,8525,1975,644,1331,6550,5726,824
E02001860,1122,460,150,310,662,536,126
E02001861,1582,650,234,416,932,779,153
E02001862,2641,932,294,638,1709,1446,263
E02001863,5977,1506,512,994,4471,3771,700
E02001864,613,261,77,184,352,280,72
E02001865,3276,1201,408,793,2075,1698,377
E02001866,1771,795,219,576,976,855,121
E02001867,1754,688,216,472,1066,895,171
E02001868,1478,680,191,489,798,668,130
E02001869,7339,1309,314,995,6030,5106,924
E02001870,2380,896,244,652,1484,1277,207
E02001871,787,303,66,237,484,377,107
E02001872,1356,491,139,352,865,722,143
E02001873,7313,1994,461,1533,5319,4666,653
E02001874,2356,737,203,534,1619,1305,314
E02001875,5851,1526,377,1149,4325,3706,619
E02001876,34298,6844,1981,4863,27454,23820,3634
E02001877,2604,1110,270,840,1494,1299,195
E02001878,5655,1424,407,1017,4231,3299,932
E02001879,3262,1101,288,813,2161,1907,254
E02001880,1156,471,129,342,685,576,109
E02001881,1679,699,202,497,980,826,154
E02001882,2462,913,282,631,1549,1251,298
E02001883,2480,622,180,442,1858,1535,323
E02001884,2948,1044,254,790,1904,1643,261
E02001886,2423,830,272,558,1593,1350,243
E02001888,1178,367,95,272,811,648,163
E02001889,2550,940,211,729,1610,1451,159
E02001890,9011,2201,580,1621,6810,5910,900
E02001892,5933,1682,344,1338,4251,3801,450
E02001893,1502,621,185,436,881,723,158
E02001895,4156,901,239,662,3255,2670,585
E02001896,3290,1212,295,917,2078,1807,271
E02001897,4668,1553,425,1128,3115,2632,483
E02001898,719,234,75,159,485,363,122
E02001899,2694,968,285,683,1726,1418,308
E02001900,4027,948,236,712,3079,2773,306
E02001901,3561,1372,464,908,2189,1822,367
E02001902,1136,405,131,274,731,609,122
E02001903,2209,936,274,662,1273,1062,211
E02001904,7196,1424,369,1055,5772,4871,901
E02001905,12049,3577,1742,1835,8472,6957,1515
E02001906,1925,675,224,451,1250,1028,222
E02001907,4910,1523,429,1094,3387,2990,397
E02001908,1472,690,205,485,782,665,117
E02001909,2447,1069,325,744,1378,1183,195
E02001910,1365,595,167,428,770,638,132
E02001911,983,393,131,262,590,475,115
E02001913,9359,2428,489,1939,6931,6045,886
E02001914,1470,559,173,386,911,812,99
E02001915,3807,1517,447,1070,2290,1878,412
E02001916,3479,790,217,573,2689,2353,336
E02001918,4295,1526,498,1028,2769,2351,418
E02001919,807,316,92,224,491,415,76
E02001920,2941,483,146,337,2458,2076,382
E02001921,1084,328,124,204,756,620,136
E02001922,4364,1839,754,1085,2525,2249,276
E02001923,3199,1116,296,820,2083,1731,352
E02001924,1378,431,155,276,947,782,165
E02001925,1950,681,222,459,1269,1052,217
E02001926,2781,854,275,579,1927,1674,253
E02001927,1423,508,161,347,915,710,205
E02001928,1349,327,95,232,1022,876,146
E02001929,872,328,117,211,544,423,121
E02001930,3576,1597,503,1094,1979,1603,376
E02001931,1286,473,159,314,813,618,195
E02001932,1465,451,150,301,1014,816,198
E02001933,1875,561,147,414,1314,1111,203
E02001934,1533,610,215,395,923,747,176
E02001935,1574,592,181,411,982,792,190
E02001936,1524,523,199,324,1001,848,153
E02001937,1344,449,138,311,895,723,172
E02001938,2864,965,275,690,1899,1507,392
E02001939,2911,804,233,571,2107,1841,266
E02001941,900,352,105,247,548,449,99
E02001942,1898,640,182,458,1258,1058,200
E02001943,1255,423,157,266,832,683,149
E02001944,1573,483,128,355,1090,927,163
E02001945,1087,481,130,351,606,504,102
E02001946,2458,1064,362,702,1394,1176,218
E02001947,1195,483,146,337,712,594,118
E02001948,1823,615,179,436,1208,1039,169
E02001949,3539,693,176,517,2846,2465,381
E02001950,2292,647,200,447,1645,1369,276
E02001951,1133,358,114,244,775,623,152
E02001952,1416,513,162,351,903,713,190
E02001953,2596,675,192,483,1921,1674,247
E02001954,1040,341,132,209,699,564,135
E02001955,1769,492,123,369,1277,1078,199
E02001956,2953,918,256,662,2035,1747,288
E02001957,1042,349,94,255,693,571,122
E02001958,3705,1249,489,760,2456,2014,442
E02001959,3159,772,236,536,2387,2020,367
E02001961,947,374,114,260,573,455,118
E02001962,1992,824,307,517,1168,989,179
E02001963,1068,460,142,318,608,471,137
E02001964,2352,572,154,418,1780,1546,234
E02001965,5217,1178,343,835,4039,3499,540
E02001966,4919,1128,293,835,3791,3295,496
E02001967,3278,815,316,499,2463,2020,443
E02001968,2748,517,155,362,2231,1949,282
E02001969,984,390,125,265,594,466,128
E02001970,1243,445,157,288,798,666,132
E02001971,658,241,90,151,417,316,101
E02001972,3935,1293,401,892,2642,2218,424
E02001973,1410,590,164,426,820,698,122
E02001974,2607,1000,330,670,1607,1327,280
E02001975,1099,473,152,321,626,470,156
E02001976,11386,3374,654,2720,8012,7029,983
E02001977,3221,900,274,626,2321,1958,363
E02001978,1799,603,199,404,1196,1023,173
E02001979,1110,462,146,316,648,545,103
E02001980,764,292,119,173,472,339,133
E02001981,3462,1235,402,833,2227,1915,312
E02001982,1350,368,124,244,982,772,210
E02001983,4003,919,342,577,3084,2622,462
E02001984,1851,682,210,472,1169,971,198
E02001985,2851,928,310,618,1923,1652,271
E02001986,1716,629,168,461,1087,927,160
E02001987,1423,432,152,280,991,800,191
E02001988,25186,8114,2614,5500,17072,15311,1761
E02001989,1878,505,176,329,1373,1155,218
E02001990,4884,1387,349,1038,3497,3038,459
E02001991,3537,1029,399,630,2508,2085,423
E02001992,3909,830,261,569,3079,2592,487
E02001993,9042,1707,423,1284,7335,6496,839
E02001994,1160,487,145,342,673,558,115
E02001995,8194,1251,341,910,6943,6120,823
E02001996,1931,603,165,438,1328,1146,182
E02001997,981,367,155,212,614,464,150
E02001998,1246,439,151,288,807,630,177
E02001999,9117,3062,1413,1649,6055,4996,1059
E02002000,1638,412,121,291,1226,1016,210
E02002001,1640,657,258,399,983,784,199
E02002002,1248,532,196,336,716,600,116
E02002003,1462,589,204,385,873,698,175
E02002004,1112,371,133,238,741,616,125
E02002005,5092,1889,570,1319,3203,2771,432
E02002006,1123,424,140,284,699,555,144
E02002007,1400,567,222,345,833,641,192
E02002008,1826,530,175,355,1296,1043,253
E02002009,1867,861,264,597,1006,849,157
E02002010,7049,2251,566,1685,4798,4273,525
E02002011,6245,1370,400,970,4875,4061,814
E02002012,6355,2201,388,1813,4154,3668,486
E02002013,1866,822,300,522,1044,858,186
E02002014,4677,1216,286,930,3461,3086,375
E02002015,2245,456,137,319,1789,1555,234
E02002016,3137,710,193,517,2427,1978,449
E02002017,3961,974,268,706,2987,2480,507
E02002018,1672,746,295,451,926,711,215
E02002019,2666,484,160,324,2182,1858,324
E02002020,2411,787,261,526,1624,1336,288
E02002021,15915,6879,2319,4560,9036,8144,892
E02002022,2652,704,218,486,1948,1600,348
E02002023,667,189,83,106,478,364,114
E02002024,1588,470,164,306,1118,911,207
E02002025,2902,729,213,516,2173,1796,377
E02002026,1070,375,135,240,695,546,149
E02002027,985,431,148,283,554,441,113
E02002028,773,283,100,183,490,369,121
E02002029,1731,553,208,345,1178,972,206
E02002030,2328,621,169,452,1707,1422,285
E02002031,3102,674,167,507,2428,1955,473
E02002032,1859,613,196,417,1246,1020,226
E02002033,6028,1274,316,958,4754,4018,736
E02002034,5575,2144,755,1389,3431,2833,598
E02002035,1349,446,147,299,903,726,177
E02002036,2243,602,151,451,1641,1348,293
E02002037,1028,444,169,275,584,461,123
E02002038,4733,1776,568,1208,2957,2470,487
E02002039,2471,960,303,657,1511,1213,298
E02002040,1341,545,236,309,796,629,167
E02002041,1024,412,152,260,612,472,140
E02002042,1141,436,168,268,705,546,159
E02002043,2845,1140,398,742,1705,1430,275
E02002044,695,227,56,171,468,379,89
E02002045,1450,476,145,331,974,827,147
E02002046,977,313,74,239,664,565,99
E02002047,6264,1396,353,1043,4868,4219,649
E02002048,1581,596,228,368,985,765,220
E02002049,2231,399,122,277,1832,1564,268
E02002051,671,217,71,146,454,376,78
E02002052,2488,642,166,476,1846,1558,288
E02002053,1010,397,115,282,613,511,102
E02002054,661,244,80,164,417,323,94
E02002055,6462,1199,306,893,5263,4511,752
E02002056,2760,1019,244,775,1741,1475,266
E02002057,2125,630,175,455,1495,1201,294
E02002058,5826,1231,340,891,4595,3967,628
E02002059,5514,1677,395,1282,3837,3468,369
E02002060,5004,1006,299,707,3998,3369,629
E02002061,6930,1698,467,1231,5232,4661,571
E02002062,8400,2287,657,1630,6113,5153,960
E02002063,8181,1635,465,1170,6546,5695,851
E02002064,1336,501,154,347,835,664,171
E02002065,8997,1904,536,1368,7093,6081,1012
E02002066,7364,1866,512,1354,5498,4653,845
E02002067,1462,321,91,230,1141,905,236
E02002068,6513,1768,497,1271,4745,4011,734
E02002069,3265,952,245,707,2313,1997,316
E02002070,1739,620,183,437,1119,950,169
E02002071,776,288,95,193,488,390,98
E02002072,2293,807,242,565,1486,1219,267
E02002073,1080,464,139,325,616,484,132
E02002074,1023,404,128,276,619,510,109
E02002075,3134,1107,266,841,2027,1637,390
E02002076,2557,972,305,667,1585,1286,299
E02002077,4557,1218,365,853,3339,2796,543
E02002078,1143,390,115,275,753,592,161
E02002079,1440,516,147,369,924,747,177
E02002080,3141,765,243,522,2376,2001,375
E02002081,1238,388,152,236,850,710,140
E02002082,465,147,55,92,318,251,67
E02002083,1401,525,156,369,876,701,175
E02002084,1328,543,147,396,785,646,139
E02002085,1034,366,101,265,668,552,116
E02002086,2763,1098,264,834,1665,1423,242
E02002087,1319,425,134,291,894,753,141
E02002088,1125,393,107,286,732,598,134
E02002089,17679,3624,921,2703,14055,11926,2129
E02002090,805,275,98,177,530,437,93
E02002091,8377,657,257,400,7720,7103,617
E02002092,1575,637,217,420,938,755,183
E02002093,2158,879,270,609,1279,1020,259
E02002094,1124,395,161,234,729,552,177
E02002095,1958,743,266,477,1215,951,264
E02002096,6272,1977,586,1391,4295,3689,606
E02002097,3771,1068,410,658,2703,2104,599
E02002098,2863,1132,372,760,1731,1429,302
E02002099,14311,5093,1869,3224,9218,8200,1018
E02002101,952,365,112,253,587,478,109
E02002102,7888,2151,723,1428,5737,4834,903
E02002103,1244,449,169,280,795,609,186
E02002104,1031,431,198,233,600,446,154
E02002105,2148,864,355,509,1284,907,377
E02002106,3334,1304,486,818,2030,1617,413
E02002107,3103,794,294,500,2309,1951,358
E02002108,1992,871,383,488,1121,788,333
E02002109,4560,1125,402,723,3435,2664,771
E02002110,2959,1033,319,714,1926,1535,391
E02002111,2149,507,161,346,1642,1168,474
E02002112,556,197,80,117,359,274,85
E02002113,2436,699,218,481,1737,1416,321
E02002114,1012,427,162,265,585,472,113
E02002115,1046,366,115,251,680,533,147
E02002116,1050,373,122,251,677,516,161
E02002117,1986,645,173,472,1341,1122,219
E02002118,854,351,102,249,503,408,95
E02002119,1288,385,112,273,903,730,173
E02002120,1035,341,132,209,694,586,108
E02002121,2235,948,263,685,1287,1095,192
E02002122,1006,341,102,239,665,568,97
E02002123,732,280,94,186,452,348,104
E02002124,6881,1915,596,1319,4966,4205,761
E02002125,3166,604,189,415,2562,2133,429
E02002126,5521,955,252,703,4566,4003,563
E02002127,4675,1198,327,871,3477,3029,448
E02002128,1088,459,165,294,629,493,136
E02002129,2738,511,126,385,2227,1798,429
E02002130,1382,601,173,428,781,696,85
E02002131,2402,685,268,417,1717,1378,339
E02002132,748,288,72,216,460,375,85
E02002133,3633,1118,291,827,2515,2239,276
E02002134,4840,961,246,715,3879,3162,717
E02002135,7297,2162,492,1670,5135,4507,628
E02002136,4448,1366,363,1003,3082,2584,498
E02002137,1051,470,181,289,581,421,160
E02002138,1322,453,147,306,869,703,166
E02002139,15040,5370,1596,3774,9670,8570,1100
E02002140,2026,653,155,498,1373,1150,223
E02002141,1178,353,127,226,825,639,186
E02002142,5078,1451,427,1024,3627,3016,611
E02002143,2358,872,296,576,1486,1191,295
E02002144,843,347,116,231,496,378,118
E02002145,1412,442,139,303,970,819,151
E02002146,1777,520,120,400,1257,965,292
E02002147,2021,418,127,291,1603,1331,272
E02002148,1731,652,229,423,1079,824,255
E02002149,2991,828,241,587,2163,1821,342
E02002150,4739,824,206,618,3915,3545,370
E02002151,975,393,90,303,582,499,83
E02002152,1092,332,106,226,760,625,135
E02002153,845,323,113,210,522,424,98
E02002154,1609,371,129,242,1238,1070,168
E02002155,923,307,85,222,616,524,92
E02002156,1476,578,165,413,898,741,157
E02002157,1763,582,199,383,1181,956,225
E02002158,1377,517,158,359,860,708,152
E02002159,1704,446,118,328,1258,1067,191
E02002160,7020,1818,659,1159,5202,4435,767
E02002161,2874,635,194,441,2239,1882,357
E02002162,2356,827,286,541,1529,1289,240
E02002163,9571,2825,601,2224,6746,5859,887
E02002164,1766,872,253,619,894,774,120
E02002165,4615,1533,399,1134,3082,2608,474
E02002166,4231,921,246,675,3310,2798,512
E02002167,1481,657,274,383,824,654,170
E02002168,22434,7461,2283,5178,14973,13228,1745
E02002169,2842,1117,356,761,1725,1433,292
E02002170,602,171,57,114,431,360,71
E02002171,1369,480,153,327,889,721,168
E02002174,1303,497,169,328,806,651,155
E02002175,4513,1239,330,909,3274,2771,503
E02002176,1295,505,165,340,790,620,170
E02002177,5313,1209,382,827,4104,3382,722
E02002178,1254,475,149,326,779,629,150
E02002179,1452,547,179,368,905,774,131
E02002180,2120,423,129,294,1697,1348,349
E02002181,2032,608,145,463,1424,1221,203
E02002182,1275,332,114,218,943,775,168
E02002183,1817,690,303,387,1127,897,230
E02002184,5383,2284,998,1286,3099,2522,577
E02002185,1204,506,206,300,698,530,168
E02002186,7554,2227,595,1632,5327,4585,742
E02002187,1069,444,183,261,625,478,147
E02002188,2541,632,220,412,1909,1573,336
E02002189,1690,542,135,407,1148,995,153
E02002190,10219,3559,1028,2531,6660,5743,917
E02002191,2016,742,171,571,1274,1070,204
E02002192,2687,823,284,539,1864,1583,281
E02002193,1937,490,131,359,1447,1212,235
E02002194,1047,389,134,255,658,505,153
E02002195,1642,595,213,382,1047,843,204
E02002196,971,350,112,238,621,449,172
E02002197,3673,1202,429,773,2471,2087,384
E02002198,2584,544,162,382,2040,1755,285
E02002199,2362,711,215,496,1651,1361,290
E02002200,2733,956,316,640,1777,1508,269
E02002201,3234,1061,334,727,2173,1761,412
E02002202,8228,2480,658,1822,5748,5083,665
E02002203,1201,399,99,300,802,654,148
E02002204,3656,1343,408,935,2313,1861,452
E02002205,2676,1019,364,655,1657,1245,412
E02002206,1492,495,164,331,997,812,185
E02002207,1411,517,158,359,894,738,156
E02002208,2361,892,262,630,1469,1234,235
E02002209,1111,453,139,314,658,554,104
E02002210,1310,490,144,346,820,622,198
E02002211,1209,560,171,389,649,535,114
E02002212,2902,1035,311,724,1867,1681,186
E02002213,1843,661,269,392,1182,886,296
E02002214,938,333,90,243,605,484,121
E02002215,1943,808,220,588,1135,972,163
E02002216,3543,1419,335,1084,2124,1851,273
E02002217,2226,884,199,685,1342,1144,198
E02002218,1377,565,150,415,812,672,140
E02002219,6386,1962,446,1516,4424,3884,540
E02002220,6056,1795,411,1384,4261,3526,735
E02002221,26539,8553,2096,6457,17986,16354,1632
E02002222,2537,556,166,390,1981,1780,201
E02002223,4846,1551,396,1155,3295,2869,426
E02002224,2446,1203,313,890,1243,1071,172
E02002225,2111,831,279,552,1280,987,293
E02002226,8067,3089,1079,2010,4978,4396,582
E02002227,8633,1856,413,1443,6777,5935,842
E02002228,6177,1213,335,878,4964,4169,795
E02002229,1414,590,157,433,824,664,160
E02002230,5436,1732,322,1410,3704,3350,354
E02002231,2043,653,166,487,1390,1197,193
E02002232,2130,833,221,612,1297,1099,198
E02002233,1273,545,119,426,728,644,84
E02002234,1076,382,88,294,694,595,99
E02002235,3995,1281,301,980,2714,2414,300
E02002236,1390,517,124,393,873,740,133
E02002237,1260,447,104,343,813,658,155
E02002238,1655,656,220,436,999,844,155
E02002239,8896,1848,359,1489,7048,6065,983
E02002240,2507,882,279,603,1625,1326,299
E02002241,3142,1010,261,749,2132,1849,283
E02002242,5297,909,284,625,4388,3455,933
E02002243,2413,582,165,417,1831,1505,326
E02002244,2302,577,165,412,1725,1401,324
E02002245,863,310,95,215,553,454,99
E02002246,2003,703,250,453,1300,997,303
E02002247,3239,1348,479,869,1891,1532,359
E02002248,1643,565,141,424,1078,918,160
E02002249,1067,367,90,277,700,581,119
E02002250,3034,848,308,540,2186,1779,407
E02002251,22930,6377,1600,4777,16553,14883,1670
E02002252,620,215,86,129,405,293,112
E02002253,2359,929,225,704,1430,1201,229
E02002254,1838,520,171,349,1318,1065,253
E02002255,4804,1864,485,1379,2940,2590,350
E02002256,3204,1184,355,829,2020,1656,364
E02002257,1623,476,130,346,1147,972,175
E02002258,4878,1287,405,882,3591,2946,645
E02002259,3493,976,275,701,2517,2217,300
E02002260,3083,931,291,640,2152,1738,414
E02002261,3377,830,245,585,2547,2209,338
E02002262,5008,1576,504,1072,3432,2913,519
E02002263,1404,483,160,323,921,707,214
E02002264,4377,1560,338,1222,2817,2509,308
E02002265,1685,470,176,294,1215,1019,196
E02002266,1226,310,87,223,916,742,174
E02002267,1658,655,208,447,1003,799,204
E02002268,7941,1690,493,1197,6251,5222,1029
E02002269,2671,850,326,524,1821,1417,404
E02002270,2374,735,289,446,1639,1173,466
E02002271,2037,533,186,347,1504,1203,301
E02002272,6524,1867,695,1172,4657,3793,864
E02002273,3379,623,188,435,2756,2239,517
E02002274,1085,391,104,287,694,546,148
E02002275,4283,1480,400,1080,2803,2321,482
E02002276,1781,645,204,441,1136,924,212
E02002277,2156,713,213,500,1443,1190,253
E02002278,986,295,95,200,691,548,143
E02002279,2447,608,156,452,1839,1511,328
E02002280,3589,1317,347,970,2272,2014,258
E02002281,2495,879,256,623,1616,1322,294
E02002282,919,368,112,256,551,437,114
E02002283,2610,1080,313,767,1530,1301,229
E02002284,2547,474,148,326,2073,1679,394
E02002285,4390,1398,481,917,2992,2573,419
E02002286,3496,1335,246,1089,2161,1925,236
E02002287,7016,2842,806,2036,4174,3677,497
E02002288,1749,487,127,360,1262,996,266
E02002289,1672,535,136,399,1137,940,197
E02002290,822,315,122,193,507,365,142
E02002291,1888,489,142,347,1399,1141,258
E02002292,2216,675,191,484,1541,1273,268
E02002293,3140,924,200,724,2216,1782,434
E02002294,5302,1802,504,1298,3500,2979,521
E02002295,3450,888,239,649,2562,2183,379
E02002296,2673,917,249,668,1756,1473,283
E02002297,1265,497,164,333,768,614,154
E02002298,1134,430,118,312,704,526,178
E02002299,18410,6141,2106,4035,12269,10883,1386
E02002300,1185,451,152,299,734,576,158
E02002301,2402,750,217,533,1652,1437,215
E02002302,1908,728,247,481,1180,949,231
E02002303,5128,1747,387,1360,3381,2989,392
E02002304,4269,1660,512,1148,2609,2291,318
E02002305,1074,427,140,287,647,528,119
E02002306,1571,596,232,364,975,736,239
E02002307,1258,477,137,340,781,650,131
E02002308,1402,375,123,252,1027,802,225
E02002309,2627,922,252,670,1705,1399,306
E02002310,835,316,87,229,519,438,81
E02002311,1183,425,147,278,758,623,135
E02002312,8427,2716,999,1717,5711,5002,709
E02002313,2384,663,209,454,1721,1467,254
E02002314,1132,404,159,245,728,587,141
E02002315,2753,695,200,495,2058,1675,383
E02002316,1886,505,207,298,1381,1120,261
E02002317,1181,444,133,311,737,591,146
E02002318,1661,728,226,502,933,755,178
E02002319,2583,820,272,548,1763,1394,369
E02002320,1416,452,140,312,964,720,244
E02002321,2162,689,281,408,1473,1198,275
E02002322,1753,658,231,427,1095,871,224
E02002323,2858,858,284,574,2000,1559,441
E02002324,1916,654,201,453,1262,1025,237
E02002325,2821,835,303,532,1986,1616,370
E02002326,1888,697,306,391,1191,830,361
E02002327,3820,1086,413,673,2734,2167,567
E02002328,1814,705,264,441,1109,813,296
E02002329,4124,1508,608,900,2616,2003,613
E02002330,840,313,144,169,527,388,139
E02002331,9345,2396,749,1647,6949,5907,1042
E02002332,1157,434,120,314,723,604,119
E02002333,4356,1709,635,1074,2647,2155,492
E02002334,2525,817,261,556,1708,1293,415
E02002335,1996,750,313,437,1246,924,322
E02002336,5200,1227,392,835,3973,3242,731
E02002337,1778,655,248,407,1123,851,272
E02002338,3103,1077,385,692,2026,1661,365
E02002339,2645,1021,315,706,1624,1391,233
E02002340,1582,398,123,275,1184,975,209
E02002341,1511,570,214,356,941,677,264
E02002342,833,337,139,198,496,377,119
E02002343,1812,530,178,352,1282,998,284
E02002344,1088,434,169,265,654,506,148
E02002345,1650,625,238,387,1025,870,155
E02002346,1174,429,134,295,745,602,143
E02002347,1512,687,245,442,825,706,119
E02002348,2697,678,201,477,2019,1736,283
E02002349,1638,600,242,358,1038,829,209
E02002350,2982,1167,451,716,1815,1480,335
E02002351,1574,445,169,276,1129,925,204
E02002352,2760,970,311,659,1790,1536,254
E02002353,1104,412,139,273,692,558,134
E02002354,1783,644,189,455,1139,931,208
E02002356,4524,1211,390,821,3313,2730,583
E02002357,3279,838,220,618,2441,2083,358
E02002358,3144,608,175,433,2536,2140,396
E02002359,2017,519,216,303,1498,1098,400
E02002360,1205,477,154,323,728,576,152
E02002361,1887,705,221,484,1182,968,214
E02002362,1879,576,141,435,1303,1108,195
E02002363,2907,924,320,604,1983,1656,327
E02002364,3023,780,185,595,2243,2060,183
E02002366,1738,687,230,457,1051,887,164
E02002367,1004,323,70,253,681,562,119
E02002368,2292,672,207,465,1620,1300,320
E02002369,1130,388,79,309,742,598,144
E02002370,742,275,62,213,467,393,74
E02002371,3325,1177,319,858,2148,1889,259
E02002373,2602,1184,624,560,1418,1171,247
E02002374,2036,890,283,607,1146,966,180
E02002375,780,356,115,241,424,334,90
E02002376,924,382,96,286,542,427,115
E02002377,1566,705,168,537,861,745,116
E02002379,1450,457,139,318,993,834,159
E02002380,1151,290,104,186,861,661,200
E02002381,1534,410,136,274,1124,885,239
E02002382,1346,633,160,473,713,603,110
E02002383,911,542,264,278,369,297,72
E02002384,6582,2032,700,1332,4550,3869,681
E02002385,2947,932,377,555,2015,1728,287
E02002386,4122,1239,378,861,2883,2319,564
E02002387,2396,778,193,585,1618,1366,252
E02002388,1361,333,110,223,1028,836,192
E02002389,685,297,70,227,388,328,60
E02002390,3275,1203,280,923,2072,1852,220
E02002391,5200,1601,419,1182,3599,3073,526
E02002392,15378,3837,1570,2267,11541,9736,1805
E02002393,10475,2927,594,2333,7548,6698,850
E02002394,3048,828,187,641,2220,2045,175
E02002395,4538,1054,267,787,3484,3159,325
E02002396,3741,1047,246,801,2694,2326,368
E02002397,1448,415,116,299,1033,869,164
E02002398,1578,563,199,364,1015,799,216
E02002399,5155,668,189,479,4487,3649,838
E02002400,12191,2881,656,2225,9310,8291,1019
E02002401,778,303,90,213,475,378,97
E02002402,4394,1082,350,732,3312,2708,604
E02002403,3166,1194,352,842,1972,1566,406
E02002404,4325,808,247,561,3517,2962,555
E02002405,1698,471,160,311,1227,989,238
E02002406,1363,482,193,289,881,702,179
E02002407,1591,465,139,326,1126,941,185
E02002408,3101,1007,264,743,2094,1788,306
E02002409,1220,406,142,264,814,656,158
E02002410,3139,650,167,483,2489,2129,360
E02002411,8439,1254,377,877,7185,6183,1002
E02002412,4064,732,194,538,3332,2780,552
E02002414,4763,1131,279,852,3632,3165,467
E02002415,1613,422,118,304,1191,1054,137
E02002416,3860,849,296,553,3011,2499,512
E02002417,1599,431,148,283,1168,892,276
E02002418,1057,421,139,282,636,473,163
E02002419,7705,1700,603,1097,6005,5167,838
E02002420,5107,925,192,733,4182,3385,797
E02002421,815,258,84,174,557,473,84
E02002422,8066,2949,1168,1781,5117,4613,504
E02002423,673,233,72,161,440,369,71
E02002424,3442,699,220,479,2743,2146,597
E02002425,2567,640,198,442,1927,1494,433
E02002426,1698,669,252,417,1029,786,243
E02002427,2412,818,234,584,1594,1307,287
E02002428,1739,581,137,444,1158,985,173
E02002429,1739,619,182,437,1120,888,232
E02002430,1015,419,106,313,596,500,96
E02002431,3929,1070,356,714,2859,2392,467
E02002432,1407,511,142,369,896,698,198
E02002433,4556,1551,368,1183,3005,2516,489
E02002434,1664,446,136,310,1218,949,269
E02002435,7451,2023,506,1517,5428,4517,911
E02002436,1738,520,156,364,1218,969,249
E02002437,747,240,83,157,507,373,134
E02002438,1212,439,113,326,773,691,82
E02002439,6376,2064,555,1509,4312,3699,613
E02002440,1061,333,97,236,728,574,154
E02002441,2590,716,189,527,1874,1613,261
E02002442,6399,2245,751,1494,4154,3516,638
E02002443,2189,556,139,417,1633,1405,228
E02002444,1830,605,163,442,1225,1009,216
E02002445,2813,818,212,606,1995,1636,359
E02002446,3416,622,168,454,2794,2240,554
E02002447,2668,710,195,515,1958,1591,367
E02002448,2375,519,150,369,1856,1485,371
E02002449,1662,419,113,306,1243,1014,229
E02002450,8376,1371,364,1007,7005,6068,937
E02002451,7708,1348,390,958,6360,5462,898
E02002452,7152,2634,665,1969,4518,3997,521
E02002453,2903,1003,266,737,1900,1620,280
E02002454,15361,5169,1273,3896,10192,9075,1117
E02002455,1014,404,93,311,610,494,116
E02002456,9688,2927,752,2175,6761,6068,693
E02002457,1085,375,97,278,710,579,131
E02002458,3810,822,244,578,2988,2389,599
E02002459,3004,841,238,603,2163,1782,381
E02002460,1340,487,141,346,853,649,204
E02002461,5229,894,288,606,4335,3659,676
E02002462,2936,890,260,630,2046,1659,387
E02002463,1355,508,104,404,847,692,155
E02002464,3156,784,233,551,2372,1953,419
E02002465,5278,1724,657,1067,3554,2982,572
E02002466,2341,684,251,433,1657,1313,344
E02002467,4490,976,252,724,3514,2959,555
E02002468,2130,723,235,488,1407,1112,295
E02002469,1553,546,180,366,1007,822,185
E02002470,2084,1027,344,683,1057,854,203
E02002471,2450,955,347,608,1495,1096,399
E02002472,1604,491,183,308,1113,927,186
E02002473,2760,695,222,473,2065,1658,407
E02002474,1711,549,164,385,1162,920,242
E02002475,1506,597,243,354,909,729,180
E02002476,1262,434,138,296,828,666,162
E02002477,900,328,90,238,572,442,130
E02002478,850,296,82,214,554,424,130
E02002479,2647,1194,294,900,1453,1196,257
E02002480,2835,789,203,586,2046,1624,422
E02002481,5122,1326,210,1116,3796,3409,387
E02002482,911,364,104,260,547,429,118
E02002483,1195,443,124,319,752,615,137
E02002484,4839,1478,319,1159,3361,2952,409
E02002485,1315,459,129,330,856,728,128
E02002487,5221,2327,650,1677,2894,2594,300
E02002488,1189,481,163,318,708,556,152
E02002489,7403,3003,749,2254,4400,3918,482
E02002490,1776,539,145,394,1237,1028,209
E02002491,993,349,88,261,644,522,122
E02002492,3110,721,194,527,2389,2047,342
E02002493,3888,767,255,512,3121,2654,467
E02002494,1171,440,92,348,731,604,127
E02002496,26296,8782,2794,5988,17514,15483,2031
E02002497,3206,998,249,749,2208,1977,231
E02002498,3145,985,250,735,2160,1829,331
E02002499,1817,818,190,628,999,860,139
E02002500,1649,675,188,487,974,847,127
E02002501,1420,515,122,393,905,772,133
E02002502,1766,683,216,467,1083,930,153
E02002503,1632,530,157,373,1102,947,155
E02002504,2179,887,252,635,1292,1110,182
E02002505,686,288,87,201,398,340,58
E02002506,9181,3037,513,2524,6144,5533,611
E02002507,1099,399,152,247,700,567,133
E02002508,875,323,109,214,552,459,93
E02002509,695,271,82,189,424,332,92
E02002510,648,240,85,155,408,327,81
E02002512,666,246,86,160,420,325,95
E02002513,1238,515,145,370,723,588,135
E02002514,3182,1316,393,923,1866,1570,296
E02002515,5092,2389,658,1731,2703,2344,359
E02002516,1137,482,186,296,655,543,112
E02002517,8964,1222,314,908,7742,6656,1086
E02002518,1551,688,247,441,863,679,184
E02002519,1000,453,109,344,547,449,98
E02002520,2281,926,331,595,1355,1103,252
E02002521,1824,850,284,566,974,794,180
E02002523,1215,416,132,284,799,631,168
E02002524,1142,512,165,347,630,507,123
E02002525,1391,614,166,448,777,622,155
E02002526,1528,486,154,332,1042,852,190
E02002527,1336,509,160,349,827,695,132
E02002529,1422,470,124,346,952,841,111
E02002530,2019,450,171,279,1569,1207,362
E02002532,3716,1517,472,1045,2199,1885,314
E02002533,721,307,126,181,414,318,96
E02002534,1368,580,213,367,788,621,167
E02002535,1857,736,258,478,1121,902,219
E02002536,2555,1163,325,838,1392,1211,181
E02002537,8605,1599,461,1138,7006,5924,1082
E02002538,2649,517,141,376,2132,1783,349
E02002539,3818,864,295,569,2954,2426,528
E02002540,1104,435,158,277,669,563,106
E02002541,1260,545,180,365,715,579,136
E02002542,1810,834,185,649,976,867,109
E02002543,4722,1728,289,1439,2994,2674,320
E02002544,3661,1083,266,817,2578,2304,274
E02002545,725,291,87,204,434,355,79
E02002546,2166,676,153,523,1490,1281,209
E02002547,1342,532,171,361,810,676,134
E02002548,21669,6239,1537,4702,15430,13379,2051
E02002549,1190,484,172,312,706,563,143
E02002550,1121,511,161,350,610,495,115
E02002551,10385,3529,1016,2513,6856,6267,589
E02002552,756,271,75,196,485,395,90
E02002553,1151,380,122,258,771,634,137
E02002554,4209,1218,265,953,2991,2689,302
E02002555,3251,1117,363,754,2134,1736,398
E02002556,1168,445,168,277,723,545,178
E02002557,2030,717,254,463,1313,1033,280
E02002558,3118,1188,481,707,1930,1500,430
E02002559,11098,2285,616,1669,8813,7622,1191
E02002560,1054,317,103,214,737,562,175
E02002561,966,435,114,321,531,430,101
E02002562,1608,614,172,442,994,847,147
E02002563,969,269,90,179,700,547,153
E02002564,1375,469,140,329,906,753,153
E02002565,862,312,91,221,550,458,92
E02002566,15261,5490,1514,3976,9771,8677,1094
E02002567,7690,1521,395,1126,6169,5406,763
E02002568,1522,574,191,383,948,746,202
E02002569,2543,843,262,581,1700,1441,259
E02002570,1588,642,144,498,946,773,173
E02002571,703,281,94,187,422,339,83
E02002572,1726,630,196,434,1096,930,166
E02002573,3131,901,315,586,2230,1831,399
E02002574,1554,523,211,312,1031,846,185
E02002575,944,288,106,182,656,496,160
E02002576,2962,616,169,447,2346,1822,524
E02002577,1433,752,145,607,681,578,103
E02002578,1596,549,179,370,1047,810,237
E02002579,1874,707,136,571,1167,990,177
E02002580,10388,3572,1051,2521,6816,5988,828
E02002581,4041,743,242,501,3298,2642,656
E02002582,13610,1732,454,1278,11878,10156,1722
E02002583,3150,504,155,349,2646,2291,355
E02002584,1356,419,132,287,937,775,162
E02002585,5141,1383,384,999,3758,3114,644
E02002586,2917,1409,381,1028,1508,1292,216
E02002587,887,346,119,227,541,444,97
E02002588,3751,1079,239,840,2672,2451,221
E02002589,1816,371,146,225,1445,1171,274
E02002590,3497,1154,427,727,2343,1879,464
E02002591,2154,981,377,604,1173,937,236
E02002592,2912,832,220,612,2080,1779,301
E02002593,14566,1861,418,1443,12705,11302,1403
E02002594,3036,1024,305,719,2012,1725,287
E02002595,3134,762,161,601,2372,1886,486
E02002596,2357,547,179,368,1810,1498,312
E02002597,1341,545,145,400,796,662,134
E02002598,10964,2620,650,1970,8344,7259,1085
E02002599,2364,909,316,593,1455,1173,282
E02002600,3283,1126,320,806,2157,1770,387
E02002601,2417,534,171,363,1883,1656,227
E02002602,8326,2625,602,2023,5701,4941,760
E02002603,7246,1288,363,925,5958,5122,836
E02002604,1353,459,174,285,894,726,168
E02002605,1348,463,161,302,885,715,170
E02002606,5221,1608,484,1124,3613,3099,514
E02002607,20372,5861,1763,4098,14511,12845,1666
E02002608,2707,856,273,583,1851,1553,298
E02002609,2006,633,205,428,1373,1135,238
E02002610,3512,1342,553,789,2170,1678,492
E02002611,1505,579,203,376,926,742,184
E02002612,3019,1208,481,727,1811,1454,357
E02002613,5366,1106,432,674,4260,3000,1260
E02002614,977,361,149,212,616,458,158
E02002615,4185,1010,291,719,3175,2717,458
E02002616,1240,525,174,351,715,560,155
E02002617,3308,1013,246,767,2295,2039,256
E02002618,1327,583,158,425,744,648,96
E02002619,2258,817,187,630,1441,1256,185
E02002620,15368,5734,1691,4043,9634,8711,923
E02002621,3381,1167,260,907,2214,1998,216
E02002622,4921,1226,314,912,3695,3225,470
E02002623,2623,835,231,604,1788,1492,296
E02002624,2312,823,226,597,1489,1192,297
E02002625,9845,2097,388,1709,7748,7010,738
E02002626,764,272,77,195,492,420,72
E02002627,1833,668,289,379,1165,938,227
E02002628,2508,601,166,435,1907,1674,233
E02002629,862,268,73,195,594,512,82
E02002630,3937,1325,329,996,2612,2256,356
E02002631,1849,495,174,321,1354,1127,227
E02002632,2001,577,253,324,1424,1061,363
E02002633,1489,625,183,442,864,723,141
E02002634,4020,1153,295,858,2867,2483,384
E02002635,1509,587,198,389,922,713,209
E02002636,5713,1784,323,1461,3929,3589,340
E02002637,958,337,108,229,621,482,139
E02002638,4071,1408,338,1070,2663,2090,573
E02002639,823,327,86,241,496,425,71
E02002640,1306,418,99,319,888,735,153
E02002641,6354,1867,332,1535,4487,3941,546
E02002642,10629,3970,1235,2735,6659,5559,1100
E02002643,1545,599,161,438,946,774,172
E02002644,2239,812,202,610,1427,1215,212
E02002645,4724,1445,409,1036,3279,2502,777
E02002646,5692,1569,365,1204,4123,3718,405
E02002647,1943,704,198,506,1239,1018,221
E02002648,2337,832,211,621,1505,1297,208
E02002649,3101,1125,335,790,1976,1595,381
E02002650,3493,927,281,646,2566,2174,392
E02002651,1243,456,114,342,787,624,163
E02002652,3243,1436,425,1011,1807,1575,232
E02002653,1801,806,212,594,995,802,193
E02002654,751,335,87,248,416,357,59
E02002655,1583,655,123,532,928,796,132
E02002656,942,401,115,286,541,449,92
E02002657,759,337,116,221,422,313,109
E02002658,1055,421,119,302,634,541,93
E02002659,1134,442,117,325,692,546,146
E02002660,1506,722,173,549,784,637,147
E02002661,864,358,89,269,506,393,113
E02002662,1488,642,170,472,846,707,139
E02002663,5316,1664,652,1012,3652,3051,601
E02002664,2055,584,185,399,1471,1242,229
E02002665,2598,917,287,630,1681,1357,324
E02002666,3415,1308,423,885,2107,1822,285
E02002667,10788,1750,420,1330,9038,8009,1029
E02002668,965,330,83,247,635,531,104
E02002669,1181,507,170,337,674,563,111
E02002670,1688,406,120,286,1282,1080,202
E02002671,9289,1701,447,1254,7588,6286,1302
E02002672,1097,502,102,400,595,503,92
E02002673,1201,452,113,339,749,624,125
E02002674,976,426,147,279,550,440,110
E02002675,9040,2727,523,2204,6313,5459,854
E02002676,1866,833,272,561,1033,860,173
E02002677,8858,2178,630,1548,6680,5627,1053
E02002678,1458,556,163,393,902,742,160
E02002679,1319,533,151,382,786,642,144
E02002680,31428,10539,3095,7444,20889,18957,1932
E02002681,8671,2760,871,1889,5911,4931,980
E02002682,2039,535,134,401,1504,1207,297
E02002684,1652,618,228,390,1034,758,276
E02002685,1757,666,229,437,1091,813,278
E02002686,1874,764,173,591,1110,924,186
E02002687,2748,1069,310,759,1679,1334,345
E02002688,3825,1741,559,1182,2084,1668,416
E02002689,3094,698,270,428,2396,1837,559
E02002691,3269,850,312,538,2419,1769,650
E02002692,3248,806,324,482,2442,1909,533
E02002693,2634,716,281,435,1918,1323,595
E02002694,4517,1511,515,996,3006,2289,717
E02002695,2435,1025,344,681,1410,1067,343
E02002696,2930,577,235,342,2353,1767,586
E02002697,2225,821,302,519,1404,1040,364
E02002698,2835,999,349,650,1836,1346,490
E02002699,2016,771,285,486,1245,981,264
E02002700,2501,877,248,629,1624,1423,201
E02002701,3549,910,352,558,2639,1831,808
E02002702,9313,3197,1070,2127,6116,5248,868
E02002703,3269,1081,437,644,2188,1799,389
E02002704,1526,575,245,330,951,686,265
E02002705,6093,2067,527,1540,4026,3602,424
E02002706,3100,653,206,447,2447,2109,338
E02002707,2779,991,379,612,1788,1431,357
E02002708,1737,893,345,548,844,683,161
E02002709,2805,790,279,511,2015,1515,500
E02002710,1614,645,228,417,969,811,158
E02002711,3032,1099,424,675,1933,1612,321
E02002712,5163,1143,365,778,4020,3145,875
E02002714,2582,817,307,510,1765,1343,422
E02002715,4810,1255,488,767,3555,3063,492
E02002716,1652,511,199,312,1141,869,272
E02002717,4417,1346,387,959,3071,2477,594
E02002718,2375,792,308,484,1583,1169,414
E02002719,2363,836,260,576,1527,1243,284
E02002720,3059,1073,350,723,1986,1653,333
E02002721,2768,551,181,370,2217,1756,461
E02002722,2623,945,309,636,1678,1303,375
E02002723,6791,1813,509,1304,4978,4016,962
E02002724,2935,1193,346,847,1742,1428,314
E02002725,2475,659,219,440,1816,1317,499
E02002726,6093,1231,331,900,4862,3684,1178
E02002727,8111,2467,556,1911,5644,4721,923
E02002728,12744,4655,1406,3249,8089,6947,1142
E02002729,5343,1012,257,755,4331,3575,756
E02002730,1279,534,145,389,745,569,176
E02002731,532,194,62,132,338,246,92
E02002732,5852,1290,460,830,4562,3625,937
E02002733,2964,1144,305,839,1820,1572,248
E02002734,1119,453,98,355,666,547,119
E02002735,1853,811,262,549,1042,825,217
E02002736,1282,447,122,325,835,690,145
E02002737,2697,904,208,696,1793,1517,276
E02002738,722,261,82,179,461,335,126
E02002739,948,395,118,277,553,435,118
E02002740,1374,533,164,369,841,695,146
E02002741,6107,2363,629,1734,3744,3295,449
E02002742,2581,1248,433,815,1333,1111,222
E02002743,860,365,131,234,495,376,119
E02002744,909,403,92,311,506,418,88
E02002745,1586,681,212,469,905,691,214
E02002746,1346,529,177,352,817,637,180
E02002747,2717,1157,377,780,1560,1240,320
E02002748,2048,856,282,574,1192,874,318
E02002749,4017,1408,424,984,2609,2127,482
E02002750,1695,428,173,255,1267,891,376
E02002751,1432,498,160,338,934,663,271
E02002752,6643,945,306,639,5698,4421,1277
E02002753,4466,1418,534,884,3048,2503,545
E02002754,2185,763,268,495,1422,1051,371
E02002755,9650,1768,467,1301,7882,6636,1246
E02002756,7337,2780,815,1965,4557,3956,601
E02002757,3559,1381,313,1068,2178,1937,241
E02002758,9636,1507,418,1089,8129,6965,1164
E02002759,5287,1783,572,1211,3504,2751,753
E02002760,2642,991,263,728,1651,1441,210
E02002761,1532,503,178,325,1029,778,251
E02002762,1108,494,173,321,614,515,99
E02002763,1770,765,251,514,1005,848,157
E02002764,1225,688,184,504,537,458,79
E02002765,1574,777,223,554,797,679,118
E02002766,1141,474,145,329,667,539,128
E02002767,1861,422,157,265,1439,1130,309
E02002768,2932,861,312,549,2071,1481,590
E02002769,1299,429,175,254,870,659,211
E02002770,2149,648,237,411,1501,1103,398
E02002771,1657,519,206,313,1138,798,340
E02002772,1651,526,191,335,1125,836,289
E02002773,1151,508,187,321,643,528,115
E02002774,1172,489,199,290,683,526,157
E02002775,1841,757,211,546,1084,889,195
E02002776,6033,2049,761,1288,3984,3560,424
E02002777,7073,2032,601,1431,5041,4277,764
E02002778,3113,1049,295,754,2064,1692,372
E02002779,2130,750,280,470,1380,1072,308
E02002780,4860,1694,337,1357,3166,2820,346
E02002781,4125,1145,380,765,2980,2518,462
E02002782,4063,1250,409,841,2813,2161,652
E02002783,1900,592,199,393,1308,1086,222
E02002784,28606,9676,3609,6067,18930,16663,2267
E02002785,2698,821,289,532,1877,1552,325
E02002786,1230,597,235,362,633,514,119
E02002787,3496,1290,369,921,2206,1907,299
E02002788,3779,1111,383,728,2668,2180,488
E02002789,1300,550,148,402,750,603,147
E02002790,6391,1640,553,1087,4751,4036,715
E02002791,3018,737,262,475,2281,1802,479
E02002792,1845,670,221,449,1175,938,237
E02002793,2761,1261,390,871,1500,1253,247
E02002794,7085,2276,1057,1219,4809,4021,788
E02002795,1606,658,250,408,948,704,244
E02002796,852,360,150,210,492,372,120
E02002797,2540,984,391,593,1556,1247,309
E02002798,1283,422,157,265,861,644,217
E02002799,4223,1044,304,740,3179,2646,533
E02002800,3036,1157,455,702,1879,1527,352
E02002801,1354,510,157,353,844,684,160
E02002802,4037,959,248,711,3078,2533,545
E02002803,6482,1731,519,1212,4751,4070,681
E02002804,1119,401,131,270,718,588,130
E02002805,1028,411,170,241,617,496,121
E02002806,1828,569,195,374,1259,1065,194
E02002807,3630,1180,373,807,2450,2166,284
E02002808,19117,7584,2667,4917,11533,10174,1359
E02002809,5574,1443,415,1028,4131,3571,560
E02002810,1124,429,175,254,695,539,156
E02002811,3404,1412,402,1010,1992,1714,278
E02002812,11495,4101,898,3203,7394,6634,760
E02002813,9151,2682,758,1924,6469,5697,772
E02002814,1831,798,274,524,1033,854,179
E02002815,996,459,133,326,537,453,84
E02002816,2044,787,249,538,1257,974,283
E02002817,907,326,102,224,581,463,118
E02002818,1332,551,156,395,781,664,117
E02002819,16774,2626,832,1794,14148,12133,2015
E02002820,2162,807,241,566,1355,1067,288
E02002821,5613,1207,358,849,4406,3785,621
E02002822,776,311,110,201,465,358,107
E02002823,939,361,121,240,578,464,114
E02002824,6877,1262,338,924,5615,4998,617
E02002825,1366,509,184,325,857,652,205
E02002826,996,409,141,268,587,466,121
E02002827,5558,887,224,663,4671,4019,652
E02002828,6633,990,273,717,5643,4844,799
E02002829,2613,626,199,427,1987,1692,295
E02002830,8715,2716,665,2051,5999,5297,702
E02002831,1531,453,136,317,1078,890,188
E02002832,3543,1139,273,866,2404,2023,381
E02002833,1378,479,135,344,899,709,190
E02002834,8128,1869,481,1388,6259,5380,879
E02002835,3592,1176,360,816,2416,2094,322
E02002836,4264,1225,382,843,3039,2637,402
E02002837,2078,688,172,516,1390,1213,177
E02002838,1549,585,129,456,964,803,161
E02002839,984,386,112,274,598,502,96
E02002842,1925,652,228,424,1273,1023,250
E02002843,3374,1438,348,1090,1936,1705,231
E02002844,3790,1440,367,1073,2350,2047,303
E02002845,5747,2107,432,1675,3640,3227,413
E02002846,3847,743,220,523,3104,2724,380
E02002847,5282,2757,601,2156,2525,2235,290
E02002848,1592,809,244,565,783,669,114
E02002849,4683,1715,475,1240,2968,2592,376
E02002851,1563,635,209,426,928,741,187
E02002852,1362,418,106,312,944,808,136
E02002853,2111,915,302,613,1196,988,208
E02002854,1689,621,182,439,1068,888,180
E02002855,1568,535,168,367,1033,836,197
E02002856,8483,3191,1533,1658,5292,4311,981
E02002857,4290,1267,476,791,3023,2575,448
E02002858,1426,564,193,371,862,687,175
E02002860,1814,595,167,428,1219,959,260
E02002861,1107,426,128,298,681,562,119
E02002862,868,360,97,263,508,421,87
E02002863,5392,1235,420,815,4157,3284,873
E02002864,3014,938,306,632,2076,1758,318
E02002865,4066,1450,516,934,2616,2073,543
E02002866,2707,717,264,453,1990,1439,551
E02002867,3114,1069,432,637,2045,1499,546
E02002868,1396,565,186,379,831,690,141
E02002869,4305,1564,447,1117,2741,2261,480
E02002871,1674,540,106,434,1134,949,185
E02002872,3973,817,197,620,3156,2704,452
E02002873,947,335,95,240,612,513,99
E02002874,8572,2692,470,2222,5880,5338,542
E02002875,2036,505,118,387,1531,1241,290
E02002876,2534,749,219,530,1785,1527,258
E02002877,3108,1088,326,762,2020,1696,324
E02002878,933,379,99,280,554,445,109
E02002879,3785,979,272,707,2806,2351,455
E02002880,675,279,83,196,396,321,75
E02002881,3144,673,179,494,2471,2169,302
E02002882,2190,853,257,596,1337,1095,242
E02002883,1676,551,155,396,1125,948,177
E02002884,3799,1285,285,1000,2514,2254,260
E02002885,3100,1286,310,976,1814,1532,282
E02002886,3471,1007,286,721,2464,2131,333
E02002887,3307,1028,299,729,2279,1968,311
E02002888,1854,497,107,390,1357,1177,180
E02002889,9570,2696,892,1804,6874,6055,819
E02002890,10166,4159,1522,2637,6007,5296,711
E02002891,1464,461,138,323,1003,811,192
E02002892,2754,598,145,453,2156,1835,321
E02002893,3835,1286,449,837,2549,2235,314
E02002894,1686,555,194,361,1131,890,241
E02002895,8379,2334,665,1669,6045,5197,848
E02002896,6005,1232,351,881,4773,4043,730
E02002897,1449,644,258,386,805,634,171
E02002898,17103,3988,1161,2827,13115,11397,1718
E02002899,8151,2572,1217,1355,5579,4556,1023
E02002901,1478,456,147,309,1022,863,159
E02002902,2760,1025,303,722,1735,1464,271
E02002903,645,243,74,169,402,312,90
E02002904,750,267,75,192,483,386,97
E02002905,1993,651,246,405,1342,830,512
E02002906,739,234,78,156,505,367,138
E02002907,5304,1903,587,1316,3401,2740,661
E02002908,4169,1122,390,732,3047,2141,906
E02002909,4239,1267,456,811,2972,2150,822
E02002910,3282,972,379,593,2310,1502,808
E02002911,3820,985,372,613,2835,1936,899
E02002912,2772,821,269,552,1951,1486,465
E02002913,1626,655,270,385,971,654,317
E02002914,7786,1487,477,1010,6299,5319,980
E02002915,2916,1088,336,752,1828,1461,367
E02002916,14373,5606,1591,4015,8767,7549,1218
E02002917,1664,654,198,456,1010,809,201
E02002918,1553,613,223,390,940,721,219
E02002919,2370,990,294,696,1380,1094,286
E02002920,2037,696,226,470,1341,1026,315
E02002921,711,267,76,191,444,347,97
E02002922,2111,753,308,445,1358,912,446
E02002923,4793,1432,513,919,3361,2632,729
E02002924,2299,753,273,480,1546,889,657
E02002925,7026,1495,509,986,5531,4141,1390
E02002926,5465,1880,555,1325,3585,2971,614
E02002927,4121,1391,582,809,2730,1880,850
E02002928,947,440,190,250,507,386,121
E02002929,2110,676,283,393,1434,1059,375
E02002930,3066,1121,343,778,1945,1572,373
E02002931,2156,463,167,296,1693,1371,322
E02002932,5409,1426,406,1020,3983,3482,501
E02002933,1622,663,199,464,959,748,211
E02002934,2494,914,177,737,1580,1386,194
E02002935,3941,625,184,441,3316,2885,431
E02002936,5357,934,268,666,4423,3809,614
E02002937,3450,1074,417,657,2376,1728,648
E02002938,3649,1404,485,919,2245,1886,359
E02002939,3978,1426,436,990,2552,2210,342
E02002940,995,287,98,189,708,549,159
E02002941,5338,1265,334,931,4073,3456,617
E02002942,2459,540,158,382,1919,1707,212
E02002943,11724,3869,1306,2563,7855,7061,794
E02002944,2382,866,255,611,1516,1302,214
E02002945,10653,1475,380,1095,9178,8055,1123
E02002946,1130,370,127,243,760,595,165
E02002947,532,188,59,129,344,265,79
E02002948,634,266,87,179,368,280,88
E02002949,2445,810,235,575,1635,1299,336
E02002950,6706,998,280,718,5708,4840,868
E02002951,1244,465,127,338,779,623,156
E02002952,1935,546,152,394,1389,1185,204
E02002953,817,299,84,215,518,413,105
E02002954,1166,352,126,226,814,631,183
E02002955,3880,1345,347,998,2535,2140,395
E02002956,2722,803,185,618,1919,1653,266
E02002957,1676,628,223,405,1048,811,237
E02002958,1322,491,159,332,831,668,163
E02002959,5731,1505,437,1068,4226,3525,701
E02002960,564,187,63,124,377,292,85
E02002961,4504,1223,313,910,3281,2787,494
E02002962,2371,712,189,523,1659,1498,161
E02002963,2137,621,179,442,1516,1341,175
E02002964,1692,604,158,446,1088,873,215
E02002965,19555,6438,1968,4470,13117,11824,1293
E02002966,7372,2142,768,1374,5230,4462,768
E02002967,1387,441,109,332,946,795,151
E02002968,11380,3514,702,2812,7866,6997,869
E02002969,7523,1912,488,1424,5611,5004,607
E02002970,5230,1195,320,875,4035,3582,453
E02002971,1534,280,89,191,1254,1040,214
E02002972,5132,1743,469,1274,3389,2856,533
E02002973,5685,1330,337,993,4355,3705,650
E02002974,1029,372,131,241,657,519,138
E02002975,694,241,58,183,453,340,113
E02002976,3050,711,294,417,2339,2057,282
E02002977,1232,492,147,345,740,606,134
E02002978,801,324,70,254,477,404,73
E02002979,1871,725,168,557,1146,969,177
E02002980,1223,403,124,279,820,616,204
E02002981,1154,430,134,296,724,576,148
E02002982,3558,648,187,461,2910,2456,454
E02002983,1645,594,160,434,1051,874,177
E02002984,1340,439,139,300,901,750,151
E02002985,2509,879,353,526,1630,1342,288
E02002986,1932,785,239,546,1147,999,148
E02002987,2138,713,306,407,1425,1038,387
E02002988,1321,516,209,307,805,626,179
E02002989,1040,427,163,264,613,490,123
E02002990,1421,517,205,312,904,715,189
E02002991,19731,6747,2689,4058,12984,11195,1789
E02002992,7180,2344,579,1765,4836,4238,598
E02002993,5644,1569,563,1006,4075,3421,654
E02002994,3166,1154,499,655,2012,1438,574
E02002995,1947,625,164,461,1322,1163,159
E02002996,10581,2828,1193,1635,7753,6428,1325
E02002997,1331,439,191,248,892,716,176
E02002998,1206,485,211,274,721,587,134
E02002999,717,303,118,185,414,323,91
E02003000,2764,1028,434,594,1736,1335,401
E02003001,2183,870,263,607,1313,1093,220
E02003002,2518,740,243,497,1778,1518,260
E02003003,1201,419,137,282,782,624,158
E02003004,2126,706,284,422,1420,1029,391
E02003005,2381,916,406,510,1465,1031,434
E02003006,2917,998,420,578,1919,1481,438
E02003007,2761,1076,401,675,1685,1360,325
E02003008,1806,608,204,404,1198,893,305
E02003009,2666,903,336,567,1763,1439,324
E02003010,3482,930,309,621,2552,2189,363
E02003011,1192,483,184,299,709,547,162
E02003012,2165,845,254,591,1320,1086,234
E02003013,2464,974,277,697,1490,1266,224
E02003014,5652,914,289,625,4738,3809,929
E02003015,6393,2208,453,1755,4185,3687,498
E02003016,1295,455,159,296,840,675,165
E02003017,2956,1076,356,720,1880,1531,349
E02003018,802,319,104,215,483,388,95
E02003019,8248,1348,381,967,6900,5317,1583
E02003020,1759,774,315,459,985,801,184
E02003021,1361,572,239,333,789,669,120
E02003022,1268,599,250,349,669,535,134
E02003023,1263,516,202,314,747,599,148
E02003024,4955,1898,608,1290,3057,2688,369
E02003025,3505,1261,419,842,2244,1962,282
E02003026,3176,1001,472,529,2175,1810,365
E02003027,3820,1392,527,865,2428,2007,421
E02003028,2721,1054,436,618,1667,1400,267
E02003029,1127,356,136,220,771,629,142
E02003030,1828,506,174,332,1322,1045,277
E02003031,3265,1230,488,742,2035,1647,388
E02003032,3241,767,219,548,2474,2063,411
E02003033,3433,1142,487,655,2291,1833,458
E02003034,7055,1945,587,1358,5110,4479,631
E02003036,8405,3036,1225,1811,5369,4743,626
E02003037,5525,1752,708,1044,3773,3055,718
E02003038,1226,430,141,289,796,630,166
E02003039,1312,480,154,326,832,650,182
E02003040,2955,933,243,690,2022,1716,306
E02003041,4257,1396,580,816,2861,2231,630
E02003043,50014,12591,4025,8566,37423,32279,5144
E02003044,930,237,83,154,693,549,144
E02003045,1586,685,332,353,901,745,156
E02003046,4265,1036,363,673,3229,2607,622
E02003047,3889,1204,433,771,2685,2171,514
E02003048,1018,384,126,258,634,506,128
E02003049,3886,831,266,565,3055,2532,523
E02003050,6156,1990,620,1370,4166,3556,610
E02003051,1017,357,131,226,660,527,133
E02003052,4049,782,248,534,3267,2761,506
E02003053,2170,833,304,529,1337,1077,260
E02003054,3774,1335,411,924,2439,2128,311
E02003055,885,355,117,238,530,428,102
E02003056,2582,676,215,461,1906,1645,261
E02003057,2976,695,224,471,2281,1965,316
E02003058,2779,1009,280,729,1770,1465,305
E02003059,2663,874,297,577,1789,1458,331
E02003060,1733,672,227,445,1061,866,195
E02003061,733,245,68,177,488,391,97
E02003062,639,226,87,139,413,335,78
E02003063,1706,589,193,396,1117,912,205
E02003064,2686,790,218,572,1896,1639,257
E02003065,3380,1414,575,839,1966,1611,355
E02003066,2268,534,166,368,1734,1401,333
E02003067,2881,738,249,489,2143,1697,446
E02003068,4206,852,280,572,3354,2648,706
E02003069,2745,1006,350,656,1739,1398,341
E02003070,5411,1522,578,944,3889,3068,821
E02003071,3261,1408,521,887,1853,1566,287
E02003072,3781,1462,622,840,2319,1918,401
E02003073,1675,750,318,432,925,697,228
E02003074,2122,674,262,412,1448,1187,261
E02003075,2284,807,336,471,1477,1054,423
E02003076,4516,1227,418,809,3289,2616,673
E02003077,4678,1222,393,829,3456,2720,736
E02003078,2850,1008,432,576,1842,1375,467
E02003079,1850,795,332,463,1055,821,234
E02003080,2490,1004,316,688,1486,1184,302
E02003081,1743,663,268,395,1080,801,279
E02003082,3029,1232,368,864,1797,1420,377
E02003084,8328,3502,1110,2392,4826,4072,754
E02003085,2795,791,249,542,2004,1676,328
E02003086,1644,625,186,439,1019,842,177
E02003087,1894,630,238,392,1264,901,363
E02003088,4284,1351,539,812,2933,2247,686
E02003089,3911,1494,392,1102,2417,2060,357
E02003090,3710,1341,527,814,2369,2020,349
E02003091,4016,1181,437,744,2835,2404,431
E02003092,5407,1159,383,776,4248,3457,791
E02003093,3922,970,387,583,2952,2400,552
E02003094,11107,3987,1559,2428,7120,6007,1113
E02003095,3628,1487,543,944,2141,1788,353
E02003096,1748,553,195,358,1195,992,203
E02003097,2887,906,325,581,1981,1574,407
E02003098,7538,1393,409,984,6145,5216,929
E02003099,1615,549,212,337,1066,855,211
E02003100,12407,2132,560,1572,10275,8800,1475
E02003101,2218,791,359,432,1427,1160,267
E02003102,1239,482,214,268,757,564,193
E02003103,894,358,142,216,536,414,122
E02003104,1065,413,153,260,652,522,130
E02003105,1894,749,284,465,1145,906,239
E02003106,25639,5075,1395,3680,20564,17899,2665
E02003107,7226,1602,487,1115,5624,5036,588
E02003108,7879,1587,490,1097,6292,4994,1298
E02003109,1071,369,151,218,702,566,136
E02003110,5217,2069,860,1209,3148,2593,555
E02003111,2000,778,272,506,1222,978,244
E02003112,979,373,130,243,606,459,147
E02003113,4120,1220,522,698,2900,2041,859
E02003114,2733,861,347,514,1872,1514,358
E02003115,3403,1308,453,855,2095,1798,297
E02003116,1415,457,152,305,958,797,161
E02003117,3723,1340,439,901,2383,1966,417
E02003118,3166,770,286,484,2396,1929,467
E02003119,2224,682,237,445,1542,1208,334
E02003120,2393,980,380,600,1413,1058,355
E02003121,3515,1656,641,1015,1859,1521,338
E02003122,4465,1156,374,782,3309,2860,449
E02003123,1867,598,179,419,1269,1096,173
E02003124,974,392,105,287,582,460,122
E02003125,1367,326,111,215,1041,869,172
E02003126,15097,4732,1005,3727,10365,9081,1284
E02003127,1416,550,156,394,866,695,171
E02003128,1933,924,293,631,1009,833,176
E02003129,3554,1193,339,854,2361,2060,301
E02003130,1541,632,165,467,909,670,239
E02003131,2126,656,239,417,1470,1230,240
E02003132,1789,622,213,409,1167,948,219
E02003133,1093,369,109,260,724,574,150
E02003134,1787,578,166,412,1209,980,229
E02003135,6249,716,234,482,5533,3508,2025
E02003136,3307,1178,386,792,2129,1725,404
E02003137,2484,955,284,671,1529,1328,201
E02003138,1522,609,205,404,913,709,204
E02003139,1290,342,92,250,948,765,183
E02003140,2775,867,283,584,1908,1614,294
E02003141,1610,626,198,428,984,766,218
E02003142,3101,1326,385,941,1775,1545,230
E02003143,1318,602,191,411,716,567,149
E02003144,4370,1510,507,1003,2860,2372,488
E02003145,3610,1202,288,914,2408,2056,352
E02003146,1516,584,211,373,932,765,167
E02003147,6032,994,311,683,5038,4279,759
E02003148,22170,8501,3084,5417,13669,12095,1574
E02003149,5105,1368,407,961,3737,3144,593
E02003150,9014,2367,696,1671,6647,5488,1159
E02003151,1172,481,185,296,691,554,137
E02003152,4716,1550,504,1046,3166,2684,482
E02003153,1593,691,227,464,902,695,207
E02003154,1148,422,121,301,726,570,156
E02003155,2026,757,223,534,1269,993,276
E02003156,8163,2932,666,2266,5231,4604,627
E02003157,2966,928,302,626,2038,1738,300
E02003158,1677,660,194,466,1017,800,217
E02003159,956,298,90,208,658,501,157
E02003161,8209,3133,931,2202,5076,4333,743
E02003163,2671,1044,351,693,1627,1271,356
E02003164,1942,676,227,449,1266,1036,230
E02003165,1095,377,107,270,718,581,137
E02003166,5698,1545,414,1131,4153,3544,609
E02003167,5707,2328,688,1640,3379,2736,643
E02003168,1510,660,173,487,850,685,165
E02003169,1377,604,217,387,773,598,175
E02003170,3168,1358,460,898,1810,1366,444
E02003171,1487,640,200,440,847,666,181
E02003172,1186,440,145,295,746,604,142
E02003173,3014,826,329,497,2188,1806,382
E02003174,1297,531,187,344,766,598,168
E02003175,1291,503,183,320,788,587,201
E02003176,2162,596,177,419,1566,1277,289
E02003177,1521,551,213,338,970,751,219
E02003178,1658,646,219,427,1012,783,229
E02003179,4395,2150,859,1291,2245,1927,318
E02003180,3351,1430,491,939,1921,1528,393
E02003181,2053,752,266,486,1301,997,304
E02003182,11778,2983,862,2121,8795,7471,1324
E02003183,1887,765,284,481,1122,893,229
E02003184,1853,725,287,438,1128,903,225
E02003185,1322,504,176,328,818,606,212
E02003186,1773,521,167,354,1252,987,265
E02003187,2646,998,356,642,1648,1303,345
E02003188,13894,4555,1639,2916,9339,8291,1048
E02003189,2214,870,308,562,1344,1041,303
E02003190,3844,1525,524,1001,2319,1874,445
E02003191,1856,763,299,464,1093,834,259
E02003192,10396,2684,817,1867,7712,6607,1105
E02003194,1637,645,288,357,992,707,285
E02003195,2305,594,198,396,1711,1346,365
E02003196,2749,1180,504,676,1569,1190,379
E02003197,6093,1217,384,833,4876,4130,746
E02003198,1542,540,173,367,1002,794,208
E02003199,4950,1294,478,816,3656,2988,668
E02003200,3190,944,318,626,2246,1900,346
E02003201,5440,1622,551,1071,3818,3100,718
E02003202,4681,1344,569,775,3337,2763,574
E02003203,1926,755,272,483,1171,974,197
E02003204,5487,1685,463,1222,3802,3214,588
E02003205,4195,1149,496,653,3046,2465,581
E02003206,2376,960,353,607,1416,1078,338
E02003207,3328,581,221,360,2747,2097,650
E02003208,18202,5665,1753,3912,12537,10943,1594
E02003209,2151,608,205,403,1543,1223,320
E02003210,3135,1151,432,719,1984,1547,437
E02003211,5460,1607,500,1107,3853,3322,531
E02003212,2669,845,281,564,1824,1494,330
E02003214,574,218,79,139,356,274,82
E02003215,1088,467,162,305,621,473,148
E02003216,2048,698,267,431,1350,1056,294
E02003217,1136,397,146,251,739,584,155
E02003218,914,311,97,214,603,472,131
E02003219,14776,3101,936,2165,11675,10169,1506
E02003220,6890,1668,576,1092,5222,4436,786
E02003221,4952,1049,311,738,3903,3268,635
E02003222,979,351,136,215,628,499,129
E02003223,12535,2848,859,1989,9687,8505,1182
E02003224,1664,411,171,240,1253,1057,196
E02003225,5374,1044,381,663,4330,3707,623
E02003226,8354,2060,601,1459,6294,5639,655
E02003227,1221,432,133,299,789,633,156
E02003228,5045,1685,524,1161,3360,2898,462
E02003229,851,260,91,169,591,432,159
E02003230,7443,2751,928,1823,4692,4099,593
E02003231,1087,435,113,322,652,533,119
E02003232,2500,700,239,461,1800,1483,317
E02003233,7957,1598,416,1182,6359,5506,853
E02003234,5221,942,244,698,4279,3714,565
E02003235,4585,1005,347,658,3580,2975,605
E02003236,3734,1326,475,851,2408,1928,480
E02003237,1533,505,199,306,1028,748,280
E02003238,1336,575,189,386,761,598,163
E02003239,1310,428,140,288,882,656,226
E02003240,3396,642,276,366,2754,2142,612
E02003241,1597,579,226,353,1018,729,289
E02003242,4279,1110,370,740,3169,2590,579
E02003243,1756,518,123,395,1238,1038,200
E02003244,941,369,103,266,572,453,119
E02003245,3392,703,125,578,2689,2371,318
E02003246,4697,1420,421,999,3277,2716,561
E02003247,2206,849,277,572,1357,1193,164
E02003248,3903,1352,334,1018,2551,2142,409
E02003249,12721,2353,741,1612,10368,8616,1752
E02003250,17839,6327,1851,4476,11512,10325,1187
E02003251,9293,2322,511,1811,6971,6118,853
E02003252,3978,1152,300,852,2826,2387,439
E02003253,3069,866,244,622,2203,1901,302
E02003254,9887,1676,464,1212,8211,7145,1066
E02003255,2094,526,160,366,1568,1281,287
E02003257,2849,805,229,576,2044,1783,261
E02003258,2454,858,340,518,1596,1330,266
E02003259,3805,794,263,531,3011,2391,620
E02003260,1326,469,159,310,857,708,149
E02003261,1240,562,206,356,678,541,137
E02003262,2585,919,315,604,1666,1359,307
E02003263,2542,931,328,603,1611,1299,312
E02003264,2066,792,287,505,1274,1000,274
E02003265,2397,668,236,432,1729,1403,326
E02003266,2100,768,213,555,1332,1120,212
E02003267,2500,1006,310,696,1494,1255,239
E02003268,2715,1007,298,709,1708,1394,314
E02003269,2640,1030,359,671,1610,1284,326
E02003270,4740,1360,328,1032,3380,2916,464
E02003271,12754,2497,632,1865,10257,8498,1759
E02003272,4115,974,304,670,3141,2627,514
E02003273,2724,551,220,331,2173,1828,345
E02003274,2567,1128,355,773,1439,1191,248
E02003275,17587,5548,1908,3640,12039,10474,1565
E02003276,4946,1194,354,840,3752,3144,608
E02003277,1432,476,170,306,956,753,203
E02003278,10719,2294,744,1550,8425,7203,1222
E02003279,3368,950,372,578,2418,1904,514
E02003280,5203,2023,684,1339,3180,2800,380
E02003281,1665,688,282,406,977,723,254
E02003282,7262,2654,714,1940,4608,3953,655
E02003283,2356,809,277,532,1547,1157,390
E02003284,6014,1761,635,1126,4253,3363,890
E02003285,2166,796,269,527,1370,1063,307
E02003286,2214,820,345,475,1394,1084,310
E02003287,2186,901,359,542,1285,964,321
E02003288,9301,2709,814,1895,6592,5748,844
E02003289,4167,1700,672,1028,2467,1901,566
E02003290,3452,1339,492,847,2113,1591,522
E02003291,3999,1238,365,873,2761,2186,575
E02003292,3439,1279,364,915,2160,1783,377
E02003293,11416,4631,1670,2961,6785,5785,1000
E02003294,1765,725,302,423,1040,762,278
E02003295,2101,794,281,513,1307,992,315
E02003296,2890,600,231,369,2290,1709,581
E02003297,1919,823,334,489,1096,853,243
E02003298,1005,378,142,236,627,480,147
E02003299,2493,779,290,489,1714,1257,457
E02003300,2140,713,265,448,1427,1100,327
E02003301,2243,745,214,531,1498,1160,338
E02003302,1731,604,163,441,1127,887,240
E02003303,2411,575,179,396,1836,1257,579
E02003304,2166,728,261,467,1438,1107,331
E02003305,1197,447,148,299,750,602,148
E02003307,1364,454,137,317,910,724,186
E02003308,1366,389,135,254,977,707,270
E02003309,2197,849,339,510,1348,1019,329
E02003310,21846,6494,2638,3856,15352,12461,2891
E02003311,4176,1390,388,1002,2786,2256,530
E02003312,3469,1051,346,705,2418,2126,292
E02003313,6255,1327,389,938,4928,3855,1073
E02003314,3559,617,244,373,2942,2060,882
E02003315,1082,336,144,192,746,487,259
E02003316,2255,801,301,500,1454,1029,425
E02003317,6940,1379,430,949,5561,4202,1359
E02003318,785,204,70,134,581,420,161
E02003319,2481,978,295,683,1503,1198,305
E02003320,8703,2222,737,1485,6481,5328,1153
E02003321,1066,366,118,248,700,508,192
E02003322,1405,530,211,319,875,707,168
E02003323,1151,352,124,228,799,606,193
E02003324,4405,1534,570,964,2871,2193,678
E02003325,2797,1210,417,793,1587,1301,286
E02003326,1924,707,265,442,1217,1008,209
E02003327,2695,1071,421,650,1624,1227,397
E02003328,10102,3799,1317,2482,6303,5512,791
E02003329,5706,1733,429,1304,3973,3447,526
E02003330,1227,458,159,299,769,575,194
E02003331,1899,694,257,437,1205,878,327
E02003332,1564,518,173,345,1046,818,228
E02003333,1308,392,128,264,916,687,229
E02003334,887,335,125,210,552,417,135
E02003335,907,283,87,196,624,471,153
E02003336,1273,432,167,265,841,633,208
E02003337,2607,613,207,406,1994,1620,374
E02003338,1935,778,270,508,1157,920,237
E02003339,3937,752,257,495,3185,2754,431
E02003340,1795,513,162,351,1282,953,329
E02003341,988,325,123,202,663,488,175
E02003342,1530,548,193,355,982,722,260
E02003343,6449,1584,504,1080,4865,4255,610
E02003344,1201,405,180,225,796,592,204
E02003345,907,251,98,153,656,460,196
E02003346,2242,1011,323,688,1231,972,259
E02003347,951,303,130,173,648,478,170
E02003348,3133,1741,660,1081,1392,1126,266
E02003349,1287,517,197,320,770,561,209
E02003350,1255,547,207,340,708,533,175
E02003351,2310,645,226,419,1665,1218,447
E02003352,1887,557,211,346,1330,921,409
E02003353,8625,1251,468,783,7374,5698,1676
E02003354,2653,734,257,477,1919,1474,445
E02003355,5665,740,224,516,4925,3869,1056
E02003356,2054,598,242,356,1456,1045,411
E02003357,3006,725,247,478,2281,1790,491
E02003358,10485,3226,1188,2038,7259,6130,1129
E02003359,903,282,99,183,621,468,153
E02003360,9160,1344,425,919,7816,6529,1287
E02003361,1606,603,213,390,1003,797,206
E02003362,869,314,107,207,555,426,129
E02003363,2547,857,341,516,1690,1238,452
E02003364,3536,830,290,540,2706,2310,396
E02003365,1958,607,223,384,1351,991,360
E02003366,4313,1259,490,769,3054,1662,1392
E02003367,3125,849,326,523,2276,1730,546
E02003368,2521,603,223,380,1918,1305,613
E02003369,2456,792,300,492,1664,1241,423
E02003370,1290,407,167,240,883,608,275
E02003371,1285,408,164,244,877,657,220
E02003372,2700,1071,440,631,1629,1298,331
E02003373,3014,856,383,473,2158,1543,615
E02003374,926,228,98,130,698,567,131
E02003375,8359,1299,395,904,7060,5670,1390
E02003376,3517,925,343,582,2592,2033,559
E02003377,11499,1860,644,1216,9639,7656,1983
E02003378,7242,1216,439,777,6026,4780,1246
E02003379,2913,649,208,441,2264,1853,411
E02003380,1388,428,173,255,960,736,224
E02003381,2447,662,240,422,1785,1392,393
E02003382,2022,810,309,501,1212,991,221
E02003383,1610,564,186,378,1046,766,280
E02003384,2515,707,281,426,1808,1288,520
E02003385,19338,4420,1527,2893,14918,12648,2270
E02003386,2087,947,457,490,1140,916,224
E02003387,2005,762,313,449,1243,917,326
E02003388,2747,727,319,408,2020,1541,479
E02003389,1776,585,217,368,1191,970,221
E02003390,1395,507,227,280,888,649,239
E02003391,1849,784,318,466,1065,831,234
E02003392,2194,695,257,438,1499,1215,284
E02003393,1665,574,216,358,1091,835,256
E02003394,2472,707,279,428,1765,1459,306
E02003395,6031,1372,462,910,4659,3784,875
E02003396,1714,559,198,361,1155,921,234
E02003397,1708,635,203,432,1073,859,214
E02003398,3476,1163,459,704,2313,1973,340
E02003399,33058,7586,2754,4832,25472,21829,3643
E02003400,2454,903,413,490,1551,1249,302
E02003401,2477,784,256,528,1693,1392,301
E02003402,7136,2046,563,1483,5090,4345,745
E02003403,3302,1135,337,798,2167,1832,335
E02003404,1441,640,279,361,801,614,187
E02003405,9813,2044,774,1270,7769,6243,1526
E02003406,5154,700,179,521,4454,3587,867
E02003407,1307,473,155,318,834,637,197
E02003408,11802,1912,699,1213,9890,7906,1984
E02003409,5783,923,275,648,4860,3899,961
E02003410,2346,821,251,570,1525,1196,329
E02003411,4607,1242,330,912,3365,2881,484
E02003412,2339,653,210,443,1686,1300,386
E02003413,5766,1521,470,1051,4245,3601,644
E02003414,4483,1154,377,777,3329,2609,720
E02003415,8914,1754,570,1184,7160,5935,1225
E02003416,3444,705,247,458,2739,2174,565
E02003417,8451,2369,812,1557,6082,5032,1050
E02003418,1891,643,191,452,1248,1002,246
E02003419,4046,664,220,444,3382,2837,545
E02003420,9414,1197,367,830,8217,6352,1865
E02003421,1229,445,165,280,784,598,186
E02003422,6476,1776,664,1112,4700,3551,1149
E02003423,1500,472,156,316,1028,811,217
E02003424,2780,795,310,485,1985,1457,528
E02003425,14169,3497,1329,2168,10672,8605,2067
E02003426,2535,1020,330,690,1515,1174,341
E02003427,4785,678,226,452,4107,3203,904
E02003428,2861,688,237,451,2173,1651,522
E02003429,3218,836,312,524,2382,1691,691
E02003430,8925,2430,988,1442,6495,5037,1458
E02003431,2936,603,196,407,2333,1742,591
E02003432,5998,1134,400,734,4864,3616,1248
E02003433,1477,516,202,314,961,762,199
E02003434,2077,725,274,451,1352,1082,270
E02003435,3246,1136,417,719,2110,1700,410
E02003436,2391,738,283,455,1653,1230,423
E02003437,4766,1341,473,868,3425,2643,782
E02003438,4743,1637,664,973,3106,2188,918
E02003439,3292,946,374,572,2346,1777,569
E02003440,2268,909,401,508,1359,1020,339
E02003441,3147,759,329,430,2388,1789,599
E02003442,1388,501,225,276,887,666,221
E02003443,2863,1074,455,619,1789,1425,364
E02003444,10843,1537,592,945,9306,7273,2033
E02003445,1373,491,182,309,882,671,211
E02003446,3453,1334,576,758,2119,1754,365
E02003447,5251,1094,443,651,4157,3336,821
E02003448,3818,1082,463,619,2736,2134,602
E02003449,1785,428,173,255,1357,1091,266
E02003450,3850,858,343,515,2992,2516,476
E02003451,6279,2232,866,1366,4047,3364,683
E02003452,1271,407,168,239,864,653,211
E02003453,1030,398,182,216,632,433,199
E02003454,5304,1399,544,855,3905,3173,732
E02003455,3297,888,322,566,2409,1786,623
E02003456,3916,819,296,523,3097,2377,720
E02003457,1801,681,312,369,1120,772,348
E02003458,2878,926,381,545,1952,1485,467
E02003459,3111,1099,441,658,2012,1514,498
E02003460,3945,907,335,572,3038,2494,544
E02003461,1202,400,144,256,802,635,167
E02003462,3911,1105,384,721,2806,2240,566
E02003463,2880,627,233,394,2253,1883,370
E02003464,975,292,99,193,683,548,135
E02003465,5350,924,253,671,4426,3695,731
E02003466,2443,755,245,510,1688,1313,375
E02003467,5208,1077,271,806,4131,3594,537
E02003468,6194,1298,398,900,4896,3922,974
E02003469,810,236,87,149,574,439,135
E02003470,1839,476,157,319,1363,1108,255
E02003471,1858,585,240,345,1273,960,313
E02003472,28928,7409,2592,4817,21519,18903,2616
E02003473,4032,728,237,491,3304,2749,555
E02003474,1400,517,183,334,883,663,220
E02003475,15486,2811,776,2035,12675,10700,1975
E02003476,5896,1994,485,1509,3902,3402,500
E02003477,4831,983,317,666,3848,3156,692
E02003478,5293,999,290,709,4294,3583,711
E02003479,2753,855,285,570,1898,1579,319
E02003480,5123,700,208,492,4423,3414,1009
E02003481,9777,2050,685,1365,7727,6380,1347
E02003482,3496,944,370,574,2552,2054,498
E02003483,2295,826,303,523,1469,1125,344
E02003484,1290,418,167,251,872,657,215
E02003485,1719,558,174,384,1161,930,231
E02003486,1874,434,148,286,1440,1162,278
E02003487,847,294,94,200,553,432,121
E02003488,4726,1428,478,950,3298,2764,534
E02003489,3421,886,248,638,2535,2125,410
E02003490,1085,368,123,245,717,562,155
E02003491,3626,1385,505,880,2241,1810,431
E02003492,4460,1566,686,880,2894,2268,626
E02003493,1865,758,292,466,1107,852,255
E02003494,1894,635,244,391,1259,1025,234
E02003495,1095,427,173,254,668,486,182
E02003496,1187,490,164,326,697,538,159
E02003497,4159,1236,346,890,2923,2636,287
E02003498,2257,755,244,511,1502,1251,251
E02003499,1792,599,180,419,1193,1009,184
E02003500,2066,812,304,508,1254,1058,196
E02003501,2875,1065,347,718,1810,1447,363
E02003502,1760,662,196,466,1098,878,220
E02003503,3521,1432,425,1007,2089,1756,333
E02003504,3909,1275,485,790,2634,2204,430
E02003505,2735,1070,430,640,1665,1385,280
E02003506,3198,926,335,591,2272,1868,404
E02003507,2383,921,290,631,1462,1183,279
E02003508,2309,931,339,592,1378,1127,251
E02003509,4433,1190,338,852,3243,2782,461
E02003510,3364,1019,311,708,2345,1979,366
E02003511,5972,1603,439,1164,4369,3650,719
E02003512,1638,657,243,414,981,765,216
E02003513,1861,740,232,508,1121,896,225
E02003514,2840,967,277,690,1873,1459,414
E02003515,2257,860,208,652,1397,1243,154
E02003516,4850,1687,528,1159,3163,2578,585
E02003517,30362,10133,3910,6223,20229,17524,2705
E02003518,3965,1451,412,1039,2514,2173,341
E02003519,3731,1255,453,802,2476,1978,498
E02003520,7332,2051,568,1483,5281,4540,741
E02003521,8368,2358,633,1725,6010,4894,1116
E02003522,3691,1420,513,907,2271,1903,368
E02003523,2590,1074,409,665,1516,1132,384
E02003524,1766,397,108,289,1369,1124,245
E02003525,10754,3482,905,2577,7272,6324,948
E02003526,1708,664,218,446,1044,814,230
E02003527,4472,1101,310,791,3371,2806,565
E02003529,3474,889,265,624,2585,2186,399
E02003530,2289,682,170,512,1607,1246,361
E02003531,11784,2074,714,1360,9710,8271,1439
E02003532,1593,522,202,320,1071,818,253
E02003533,2845,410,110,300,2435,1790,645
E02003534,2990,1040,323,717,1950,1631,319
E02003535,1615,565,216,349,1050,799,251
E02003536,6717,1692,399,1293,5025,4194,831
E02003537,2296,696,249,447,1600,1275,325
E02003538,2053,762,279,483,1291,1048,243
E02003539,23416,6183,2218,3965,17233,14372,2861
E02003540,4850,1683,465,1218,3167,2705,462
E02003541,3011,1109,445,664,1902,1559,343
E02003542,1059,418,169,249,641,483,158
E02003543,1894,819,316,503,1075,837,238
E02003544,1301,483,139,344,818,629,189
E02003545,2952,1274,557,717,1678,1318,360
E02003546,1369,456,169,287,913,681,232
E02003547,6687,2665,1141,1524,4022,3251,771
E02003548,1660,724,230,494,936,709,227
E02003549,1192,510,244,266,682,515,167
E02003550,1783,728,204,524,1055,875,180
E02003551,1979,434,178,256,1545,1382,163
E02003552,1199,537,166,371,662,508,154
E02003553,1033,401,156,245,632,515,117
E02003554,1665,561,202,359,1104,912,192
E02003555,1880,513,134,379,1367,1217,150
E02003556,1056,372,124,248,684,480,204
E02003557,6277,1867,926,941,4410,3491,919
E02003558,11646,3451,766,2685,8195,7004,1191
E02003559,1997,750,291,459,1247,913,334
E02003560,2665,715,256,459,1950,1529,421
E02003561,1606,689,301,388,917,746,171
E02003562,2424,690,214,476,1734,1370,364
E02003563,3785,1375,429,946,2410,2049,361
E02003564,1344,583,201,382,761,608,153
E02003565,2221,823,371,452,1398,1149,249
E02003566,903,311,107,204,592,439,153
E02003567,4950,1029,328,701,3921,3131,790
E02003568,1769,583,210,373,1186,958,228
E02003569,3668,945,273,672,2723,2182,541
E02003570,11147,2955,1117,1838,8192,6776,1416
E02003571,19429,6583,2710,3873,12846,11353,1493
E02003572,1848,746,268,478,1102,829,273
E02003573,1430,566,182,384,864,701,163
E02003574,1459,455,157,298,1004,755,249
E02003575,1008,339,94,245,669,535,134
E02003576,1775,486,159,327,1289,959,330
E02003577,13882,3754,1494,2260,10128,8419,1709
E02003578,1181,428,153,275,753,568,185
E02003579,1898,770,232,538,1128,873,255
E02003580,753,280,95,185,473,377,96
E02003581,2715,964,339,625,1751,1423,328
E02003582,2733,875,309,566,1858,1557,301
E02003583,2861,718,223,495,2143,1908,235
E02003584,3586,1468,435,1033,2118,1745,373
E02003585,1385,538,200,338,847,684,163
E02003586,1567,623,189,434,944,745,199
E02003587,2188,605,176,429,1583,1389,194
E02003588,8902,2759,632,2127,6143,5473,670
E02003589,7138,2670,802,1868,4468,3998,470
E02003590,3384,1280,463,817,2104,1751,353
E02003591,3771,1297,418,879,2474,2091,383
E02003592,2723,1211,385,826,1512,1234,278
E02003593,1974,744,243,501,1230,948,282
E02003594,3123,1298,408,890,1825,1425,400
E02003595,2411,921,299,622,1490,1156,334
E02003596,2647,1106,322,784,1541,1168,373
E02003597,1426,577,238,339,849,606,243
E02003598,2057,855,303,552,1202,902,300
E02003599,1100,315,122,193,785,614,171
E02003600,3452,917,298,619,2535,2001,534
E02003601,2028,679,282,397,1349,984,365
E02003602,3702,967,368,599,2735,2047,688
E02003603,3568,1278,441,837,2290,1838,452
E02003604,3219,909,325,584,2310,1865,445
E02003605,7115,1447,479,968,5668,4556,1112
E02003606,2515,647,300,347,1868,1360,508
E02003607,2489,834,332,502,1655,1132,523
E02003608,3008,914,328,586,2094,1554,540
E02003609,4810,1276,456,820,3534,2668,866
E02003610,4059,1344,499,845,2715,2194,521
E02003611,3628,810,306,504,2818,2256,562
E02003612,1919,656,262,394,1263,945,318
E02003613,2161,617,221,396,1544,1191,353
E02003614,1895,815,365,450,1080,840,240
E02003615,2405,839,391,448,1566,1156,410
E02003616,2823,800,334,466,2023,1526,497
E02003617,2741,890,392,498,1851,1300,551
E02003618,3234,939,362,577,2295,1703,592
E02003619,4592,1150,446,704,3442,2478,964
E02003620,1514,561,218,343,953,755,198
E02003621,1185,491,212,279,694,484,210
E02003622,3916,930,268,662,2986,2512,474
E02003623,1707,658,289,369,1049,773,276
E02003624,2987,1166,400,766,1821,1498,323
E02003625,5703,1736,562,1174,3967,3426,541
E02003626,2413,865,319,546,1548,1313,235
E02003627,11101,3826,1388,2438,7275,6290,985
E02003628,1414,499,188,311,915,754,161
E02003629,6611,1684,482,1202,4927,4230,697
E02003630,8078,2357,594,1763,5721,4976,745
E02003631,1768,673,210,463,1095,916,179
E02003632,1570,570,198,372,1000,793,207
E02003633,6979,1575,559,1016,5404,4490,914
E02003634,2592,559,210,349,2033,1568,465
E02003635,1599,439,166,273,1160,855,305
E02003636,1844,584,205,379,1260,940,320
E02003637,3553,1188,497,691,2365,1730,635
E02003638,1332,506,220,286,826,616,210
E02003639,4800,1890,692,1198,2910,2435,475
E02003640,1394,523,217,306,871,655,216
E02003641,759,279,127,152,480,367,113
E02003642,1174,462,182,280,712,546,166
E02003643,5364,1006,385,621,4358,3295,1063
E02003644,5409,1034,283,751,4375,3510,865
E02003645,4823,1330,466,864,3493,2806,687
E02003646,2218,577,190,387,1641,1391,250
E02003647,5497,2111,690,1421,3386,2764,622
E02003648,930,273,110,163,657,522,135
E02003649,1628,479,178,301,1149,911,238
E02003650,2156,645,279,366,1511,1123,388
E02003651,2216,744,300,444,1472,1120,352
E02003652,4427,1243,463,780,3184,2360,824
E02003653,2442,946,368,578,1496,1167,329
E02003654,1630,498,220,278,1132,721,411
E02003655,3613,1147,515,632,2466,1642,824
E02003656,1556,640,238,402,916,656,260
E02003657,1983,657,310,347,1326,870,456
E02003658,2361,813,300,513,1548,1116,432
E02003659,2534,773,296,477,1761,1290,471
E02003660,3229,851,361,490,2378,1766,612
E02003661,2744,682,279,403,2062,1489,573
E02003662,899,306,117,189,593,460,133
E02003663,5100,1330,428,902,3770,3116,654
E02003664,4202,1163,335,828,3039,2473,566
E02003665,2540,723,248,475,1817,1489,328
E02003666,10674,3386,1119,2267,7288,6422,866
E02003667,2030,525,170,355,1505,1212,293
E02003668,2523,872,327,545,1651,1267,384
E02003669,1416,482,135,347,934,709,225
E02003670,4604,1473,375,1098,3131,2692,439
E02003671,848,282,80,202,566,438,128
E02003672,3677,1167,425,742,2510,1924,586
E02003673,3596,1021,380,641,2575,1978,597
E02003674,2552,673,283,390,1879,1384,495
E02003675,4130,1218,433,785,2912,2303,609
E02003676,2605,998,480,518,1607,1109,498
E02003677,2084,635,251,384,1449,1117,332
E02003678,1509,581,257,324,928,710,218
E02003679,4111,1442,547,895,2669,2159,510
E02003680,3320,1396,576,820,1924,1400,524
E02003681,4375,1650,695,955,2725,2204,521
E02003682,5251,1560,529,1031,3691,3041,650
E02003683,2351,670,288,382,1681,1259,422
E02003685,2393,769,340,429,1624,1219,405
E02003686,2973,975,374,601,1998,1573,425
E02003687,2142,666,263,403,1476,1107,369
E02003688,7081,2448,955,1493,4633,3557,1076
E02003689,3582,1215,494,721,2367,1801,566
E02003690,5191,841,284,557,4350,3449,901
E02003691,2174,786,295,491,1388,967,421
E02003692,4200,1103,388,715,3097,2396,701
E02003693,3158,1039,434,605,2119,1633,486
E02003694,2461,721,240,481,1740,1331,409
E02003695,5363,1019,350,669,4344,3013,1331
E02003696,3228,1113,431,682,2115,1722,393
E02003697,1641,574,249,325,1067,741,326
E02003698,2643,877,389,488,1766,1311,455
E02003699,2026,531,209,322,1495,1126,369
E02003701,2256,821,347,474,1435,1123,312
E02003702,5112,1127,452,675,3985,2960,1025
E02003703,2309,774,286,488,1535,1181,354
E02003704,1214,449,211,238,765,587,178
E02003705,1412,371,148,223,1041,841,200
E02003706,990,367,126,241,623,455,168
E02003707,3043,761,319,442,2282,1850,432
E02003708,2987,966,324,642,2021,1658,363
E02003709,780,226,89,137,554,448,106
E02003710,18598,5204,1927,3277,13394,11145,2249
E02003711,4739,1068,419,649,3671,2915,756
E02003712,4191,1347,470,877,2844,2344,500
E02003713,1285,525,212,313,760,559,201
E02003714,4977,1094,366,728,3883,3114,769
E02003715,2556,742,286,456,1814,1349,465
E02003716,3028,795,299,496,2233,1784,449
E02003717,3232,1110,437,673,2122,1581,541
E02003718,6513,1268,455,813,5245,4147,1098
E02003719,1680,581,198,383,1099,856,243
E02003720,1583,575,215,360,1008,816,192
E02003721,8002,1169,347,822,6833,5596,1237
E02003722,3284,1049,370,679,2235,1894,341
E02003723,7100,1936,675,1261,5164,4371,793
E02003724,4511,1256,432,824,3255,2711,544
E02003725,26445,8224,3493,4731,18221,15159,3062
E02003726,5187,1820,715,1105,3367,2823,544
E02003727,2712,992,349,643,1720,1415,305
E02003728,3840,1138,422,716,2702,2231,471
E02003729,3112,599,212,387,2513,2145,368
E02003730,11648,2594,892,1702,9054,7779,1275
E02003731,15086,3565,870,2695,11521,9659,1862
E02003732,2518,709,241,468,1809,1367,442
E02003733,2097,631,246,385,1466,1043,423
E02003734,3002,1073,357,716,1929,1572,357
E02003735,6948,2353,879,1474,4595,3751,844
E02003736,2969,963,375,588,2006,1483,523
E02003737,3919,1058,380,678,2861,2072,789
E02003738,3963,702,265,437,3261,2322,939
E02003739,1694,567,224,343,1127,823,304
E02003740,2167,784,297,487,1383,1043,340
E02003742,1184,383,149,234,801,575,226
E02003743,3314,799,230,569,2515,2119,396
E02003744,10618,2976,881,2095,7642,6350,1292
E02003745,2404,697,257,440,1707,1136,571
E02003746,5628,1576,563,1013,4052,3422,630
E02003747,3184,998,326,672,2186,1599,587
E02003748,1610,703,247,456,907,694,213
E02003749,2141,457,177,280,1684,1172,512
E02003750,2551,850,279,571,1701,1348,353
E02003751,1874,589,206,383,1285,859,426
E02003752,3648,962,355,607,2686,2013,673
E02003753,2883,879,328,551,2004,1520,484
E02003754,2175,643,236,407,1532,1109,423
E02003755,2628,917,355,562,1711,1291,420
E02003756,1890,620,254,366,1270,926,344
E02003757,1368,405,166,239,963,669,294
E02003758,3854,1041,384,657,2813,2197,616
E02003759,2615,627,240,387,1988,1555,433
E02003760,4391,1156,324,832,3235,2788,447
E02003761,981,333,109,224,648,507,141
E02003762,7424,1222,437,785,6202,5002,1200
E02003763,3778,800,285,515,2978,2485,493
E02003764,13181,3579,1030,2549,9602,8383,1219
E02003765,4331,1621,578,1043,2710,2114,596
E02003766,2456,600,217,383,1856,1515,341
E02003767,4284,883,376,507,3401,2489,912
E02003768,2557,830,350,480,1727,1262,465
E02003769,2466,892,327,565,1574,1280,294
E02003770,2154,573,233,340,1581,1164,417
E02003771,3499,1427,580,847,2072,1671,401
E02003772,1285,527,224,303,758,544,214
E02003773,3231,1043,419,624,2188,1750,438
E02003774,3924,740,244,496,3184,2331,853
E02003775,1674,587,233,354,1087,803,284
E02003776,2192,661,240,421,1531,1185,346
E02003777,3047,721,272,449,2326,1741,585
E02003778,3895,729,251,478,3166,2383,783
E02003779,2973,770,313,457,2203,1812,391
E02003780,4727,1334,422,912,3393,2848,545
E02003781,10600,1506,460,1046,9094,7990,1104
E02003783,2120,764,335,429,1356,1053,303
E02003784,2417,828,324,504,1589,1224,365
E02003785,4583,1123,367,756,3460,2925,535
E02003786,2103,662,266,396,1441,1088,353
E02003787,2277,718,307,411,1559,1144,415
E02003788,2150,587,235,352,1563,1216,347
E02003789,3106,874,324,550,2232,1824,408
E02003790,3180,1042,445,597,2138,1584,554
E02003791,8446,1314,453,861,7132,6127,1005
E02003792,4431,1167,477,690,3264,2619,645
E02003793,3134,829,324,505,2305,1651,654
E02003794,3385,883,305,578,2502,1900,602
E02003795,4782,1052,327,725,3730,3039,691
E02003796,1507,622,208,414,885,707,178
E02003797,7136,2515,595,1920,4621,4148,473
E02003798,920,319,73,246,601,525,76
E02003799,984,386,105,281,598,477,121
E02003800,1693,595,247,348,1098,802,296
E02003801,993,408,158,250,585,438,147
E02003802,6934,2187,554,1633,4747,4169,578
E02003803,22803,8081,2879,5202,14722,12555,2167
E02003804,1395,518,183,335,877,712,165
E02003805,1950,758,322,436,1192,927,265
E02003806,1514,651,240,411,863,710,153
E02003807,2653,1072,371,701,1581,1280,301
E02003808,970,340,111,229,630,499,131
E02003809,8526,2004,600,1404,6522,5381,1141
E02003810,3555,1041,400,641,2514,1772,742
E02003811,2474,781,373,408,1693,1134,559
E02003812,2501,767,297,470,1734,1425,309
E02003813,1518,613,237,376,905,709,196
E02003814,3774,678,220,458,3096,2561,535
E02003815,2083,515,169,346,1568,1271,297
E02003816,5249,1870,615,1255,3379,2940,439
E02003817,2431,761,250,511,1670,1377,293
E02003818,1210,428,145,283,782,574,208
E02003819,2415,956,376,580,1459,1191,268
E02003820,2537,684,243,441,1853,1426,427
E02003821,1607,729,307,422,878,685,193
E02003822,3113,965,312,653,2148,1547,601
E02003823,2001,670,228,442,1331,1102,229
E02003824,1245,577,210,367,668,495,173
E02003825,799,270,102,168,529,391,138
E02003826,1165,448,132,316,717,570,147
E02003827,2050,762,203,559,1288,1092,196
E02003828,6423,655,196,459,5768,5135,633
E02003829,10776,1966,607,1359,8810,7463,1347
E02003830,7394,3070,924,2146,4324,3851,473
E02003831,4042,936,346,590,3106,2436,670
E02003832,1872,695,219,476,1177,952,225
E02003833,1166,503,198,305,663,509,154
E02003834,3935,883,289,594,3052,2634,418
E02003835,1207,473,196,277,734,557,177
E02003836,2930,1097,298,799,1833,1526,307
E02003837,8466,2873,835,2038,5593,4317,1276
E02003838,1296,485,193,292,811,636,175
E02003839,3711,1548,556,992,2163,1765,398
E02003840,4683,1254,526,728,3429,2291,1138
E02003841,2761,1023,327,696,1738,1410,328
E02003842,2287,757,255,502,1530,1168,362
E02003843,854,318,103,215,536,430,106
E02003844,912,399,144,255,513,385,128
E02003845,9317,1800,482,1318,7517,6596,921
E02003846,1246,557,148,409,689,585,104
E02003847,1329,444,143,301,885,686,199
E02003848,1233,576,155,421,657,563,94
E02003849,9452,3101,1089,2012,6351,5547,804
E02003850,684,232,88,144,452,368,84
E02003851,2009,564,152,412,1445,1243,202
E02003852,978,400,125,275,578,463,115
E02003853,1650,603,264,339,1047,808,239
E02003854,1406,595,240,355,811,638,173
E02003855,2299,1063,481,582,1236,977,259
E02003856,6246,2013,705,1308,4233,3571,662
E02003857,1104,359,144,215,745,569,176
E02003858,8107,2317,760,1557,5790,4957,833
E02003859,9728,2312,838,1474,7416,5982,1434
E02003860,1592,613,258,355,979,712,267
E02003861,2500,586,194,392,1914,1543,371
E02003862,3593,900,374,526,2693,2089,604
E02003863,5347,1557,555,1002,3790,3066,724
E02003864,8281,1579,461,1118,6702,5634,1068
E02003865,3213,825,295,530,2388,1945,443
E02003866,1625,532,205,327,1093,875,218
E02003867,1811,733,248,485,1078,860,218
E02003868,4969,933,308,625,4036,3567,469
E02003869,5045,1805,497,1308,3240,2825,415
E02003870,10552,3523,1046,2477,7029,6106,923
E02003871,1013,417,137,280,596,477,119
E02003872,3578,1121,487,634,2457,1662,795
E02003873,2294,592,185,407,1702,1361,341
E02003874,2609,1040,397,643,1569,1237,332
E02003875,2490,865,353,512,1625,1150,475
E02003876,850,329,104,225,521,416,105
E02003877,2865,965,382,583,1900,1475,425
E02003878,9215,1634,434,1200,7581,6194,1387
E02003879,6969,2514,830,1684,4455,3848,607
E02003880,1370,612,216,396,758,590,168
E02003881,1594,552,160,392,1042,867,175
E02003882,1242,443,156,287,799,615,184
E02003883,3428,1422,545,877,2006,1569,437
E02003884,2110,830,346,484,1280,948,332
E02003885,1217,378,154,224,839,641,198
E02003886,4637,784,218,566,3853,3295,558
E02003887,3237,619,184,435,2618,2324,294
E02003888,4171,1569,426,1143,2602,2150,452
E02003889,997,382,109,273,615,511,104
E02003890,1874,655,174,481,1219,1068,151
E02003891,2612,1038,402,636,1574,1199,375
E02003892,1519,619,248,371,900,641,259
E02003893,1734,580,234,346,1154,741,413
E02003894,3985,1092,380,712,2893,2231,662
E02003895,3946,1298,407,891,2648,2121,527
E02003896,2996,1184,325,859,1812,1518,294
E02003897,2726,778,279,499,1948,1504,444
E02003898,2015,778,320,458,1237,817,420
E02003899,969,418,158,260,551,455,96
E02003900,2330,973,346,627,1357,1084,273
E02003901,2399,862,336,526,1537,982,555
E02003902,1534,678,234,444,856,657,199
E02003903,2619,728,294,434,1891,1494,397
E02003904,1931,801,276,525,1130,790,340
E02003905,2237,762,271,491,1475,1073,402
E02003906,2024,755,278,477,1269,995,274
E02003907,2419,830,289,541,1589,1188,401
E02003908,2199,758,237,521,1441,1181,260
E02003909,10491,3440,870,2570,7051,6123,928
E02003910,13197,4603,1377,3226,8594,7564,1030
E02003911,2582,968,373,595,1614,1197,417
E02003912,2880,1037,365,672,1843,1324,519
E02003913,1800,600,246,354,1200,924,276
E02003914,3140,1159,310,849,1981,1614,367
E02003915,2508,1063,376,687,1445,1171,274
E02003916,4230,1528,609,919,2702,2173,529
E02003917,2204,782,228,554,1422,1181,241
E02003918,1368,512,173,339,856,656,200
E02003919,5322,1413,391,1022,3909,3277,632
E02003920,2194,814,234,580,1380,1165,215
E02003921,1177,465,162,303,712,554,158
E02003922,6661,2141,587,1554,4520,3913,607
E02003923,2220,871,236,635,1349,1170,179
E02003924,3092,1160,309,851,1932,1644,288
E02003925,1013,414,139,275,599,445,154
E02003926,2096,798,301,497,1298,898,400
E02003927,4168,1332,578,754,2836,2156,680
E02003928,4491,1908,593,1315,2583,2111,472
E02003929,1651,709,321,388,942,671,271
E02003930,6523,1277,487,790,5246,4148,1098
E02003931,4296,1761,539,1222,2535,2065,470
E02003932,2557,853,311,542,1704,1071,633
E02003933,2230,772,283,489,1458,959,499
E02003934,2470,813,269,544,1657,1093,564
E02003935,4360,1689,547,1142,2671,2188,483
E02003936,4712,1253,427,826,3459,2651,808
E02003937,3522,1221,400,821,2301,1694,607
E02003938,2825,930,311,619,1895,1379,516
E02003939,2508,976,314,662,1532,1253,279
E02003940,2210,783,286,497,1427,953,474
E02003941,7272,1886,508,1378,5386,4579,807
E02003942,2357,812,207,605,1545,1328,217
E02003943,3717,1504,465,1039,2213,1688,525
E02003944,3690,1454,378,1076,2236,1845,391
E02003945,1946,725,228,497,1221,932,289
E02003946,2546,890,308,582,1656,1194,462
E02003947,3280,1191,323,868,2089,1595,494
E02003948,2715,1055,297,758,1660,1361,299
E02003949,4933,2151,678,1473,2782,2282,500
E02003950,2135,778,267,511,1357,984,373
E02003951,1725,696,246,450,1029,763,266
E02003952,3150,1021,300,721,2129,1725,404
E02003953,5084,1313,418,895,3771,3028,743
E02003954,3383,1277,392,885,2106,1666,440
E02003955,3127,1188,324,864,1939,1573,366
E02003956,2688,702,180,522,1986,1578,408
E02003957,3383,1044,376,668,2339,1826,513
E02003958,2098,585,194,391,1513,1189,324
E02003959,2039,708,185,523,1331,1117,214
E02003960,2264,885,305,580,1379,1052,327
E02003961,4065,1155,384,771,2910,2444,466
E02003962,3280,1097,320,777,2183,1848,335
E02003963,5486,2348,691,1657,3138,2725,413
E02003964,3216,1187,389,798,2029,1527,502
E02003965,4738,1574,513,1061,3164,2412,752
E02003966,2473,756,305,451,1717,1054,663
E02003967,2422,749,280,469,1673,1158,515
E02003968,2317,934,271,663,1383,1135,248
E02003969,1455,409,105,304,1046,843,203
E02003970,3804,1309,434,875,2495,1974,521
E02003971,2371,873,294,579,1498,1137,361
E02003972,6564,2450,625,1825,4114,3620,494
E02003973,5693,1850,411,1439,3843,3478,365
E02003974,1071,454,118,336,617,522,95
E02003975,3497,976,269,707,2521,2165,356
E02003976,4108,1311,437,874,2797,2180,617
E02003977,1534,505,181,324,1029,836,193
E02003978,1053,490,186,304,563,427,136
E02003979,3422,1499,410,1089,1923,1700,223
E02003980,6718,2185,652,1533,4533,4084,449
E02003981,1592,650,214,436,942,787,155
E02003982,1426,558,178,380,868,720,148
E02003983,1036,473,121,352,563,474,89
E02003984,12568,3114,909,2205,9454,8853,601
E02003985,833,421,95,326,412,365,47
E02003986,1120,436,165,271,684,551,133
E02003987,2732,653,192,461,2079,1175,904
E02003988,3174,985,343,642,2189,1556,633
E02003989,4619,1046,304,742,3573,2697,876
E02003990,5452,1747,520,1227,3705,3002,703
E02003991,1784,471,173,298,1313,949,364
E02003992,14513,5458,1689,3769,9055,7970,1085
E02003993,2887,848,364,484,2039,1198,841
E02003994,6153,1881,372,1509,4272,3791,481
E02003995,1094,443,145,298,651,554,97
E02003996,7035,2196,678,1518,4839,4219,620
E02003997,2268,645,177,468,1623,1349,274
E02003998,1059,432,102,330,627,506,121
E02003999,3882,1145,347,798,2737,2162,575
E02004000,1051,403,104,299,648,496,152
E02004001,5099,2321,618,1703,2778,2546,232
E02004002,3598,1285,307,978,2313,2023,290
E02004003,2239,807,228,579,1432,1114,318
E02004004,1344,551,157,394,793,651,142
E02004005,3339,850,241,609,2489,2200,289
E02004006,14741,1508,552,956,13233,11992,1241
E02004007,3229,1256,442,814,1973,1566,407
E02004008,2282,709,308,401,1573,947,626
E02004009,3335,1087,404,683,2248,1500,748
E02004010,8575,2720,749,1971,5855,4777,1078
E02004011,3248,1029,349,680,2219,1572,647
E02004012,2956,845,299,546,2111,1400,711
E02004013,5074,1763,630,1133,3311,2272,1039
E02004014,3313,1106,455,651,2207,1415,792
E02004015,5426,1644,542,1102,3782,3004,778
E02004016,3841,1201,477,724,2640,2024,616
E02004017,7454,1789,594,1195,5665,4788,877
E02004018,6041,2460,794,1666,3581,3108,473
E02004019,1927,542,222,320,1385,984,401
E02004020,3576,1456,437,1019,2120,1822,298
E02004021,2930,897,385,512,2033,1406,627
E02004022,2683,919,403,516,1764,1295,469
E02004023,3397,1146,460,686,2251,1541,710
E02004024,2916,907,378,529,2009,1402,607
E02004025,3000,965,380,585,2035,1547,488
E02004026,4519,1577,474,1103,2942,2579,363
E02004027,2798,1104,421,683,1694,1282,412
E02004028,1514,524,212,312,990,745,245
E02004029,4416,1632,473,1159,2784,2331,453
E02004030,1613,610,225,385,1003,728,275
E02004031,6544,1001,297,704,5543,4508,1035
E02004032,4166,898,284,614,3268,2789,479
E02004033,5319,1400,406,994,3919,3312,607
E02004034,3056,919,313,606,2137,1617,520
E02004035,2127,529,213,316,1598,1191,407
E02004036,3781,1502,463,1039,2279,1916,363
E02004037,1508,388,148,240,1120,924,196
E02004038,5513,1993,639,1354,3520,3027,493
E02004039,1591,644,269,375,947,717,230
E02004040,3058,631,214,417,2427,1929,498
E02004041,2448,859,249,610,1589,1324,265
E02004043,3112,884,353,531,2228,1864,364
E02004044,2568,921,391,530,1647,1228,419
E02004045,5627,1572,465,1107,4055,3334,721
E02004046,1009,331,106,225,678,526,152
E02004047,1339,446,138,308,893,720,173
E02004048,2366,856,246,610,1510,1259,251
E02004049,1286,511,155,356,775,596,179
E02004050,1145,427,139,288,718,562,156
E02004051,4286,1217,373,844,3069,2454,615
E02004052,2654,726,255,471,1928,1376,552
E02004053,1335,497,186,311,838,633,205
E02004054,8295,1602,568,1034,6693,5452,1241
E02004055,5076,887,249,638,4189,3383,806
E02004056,3213,1042,289,753,2171,1726,445
E02004057,1489,530,170,360,959,752,207
E02004058,5615,1377,358,1019,4238,3559,679
E02004059,1606,629,196,433,977,814,163
E02004060,1710,561,169,392,1149,872,277
E02004061,2981,1127,383,744,1854,1467,387
E02004062,928,374,113,261,554,417,137
E02004063,2740,923,341,582,1817,1567,250
E02004064,16852,6467,1891,4576,10385,9265,1120
E02004065,2035,849,257,592,1186,960,226
E02004066,6780,2310,495,1815,4470,3874,596
E02004067,761,299,95,204,462,373,89
E02004068,2597,942,393,549,1655,1194,461
E02004069,4378,1700,704,996,2678,2024,654
E02004070,2770,1030,350,680,1740,1254,486
E02004071,2029,636,250,386,1393,1068,325
E02004072,3919,1313,449,864,2606,2142,464
E02004073,7511,2576,847,1729,4935,4181,754
E02004074,2051,663,244,419,1388,1072,316
E02004075,4176,1278,529,749,2898,1912,986
E02004076,3789,995,343,652,2794,2175,619
E02004077,2976,988,396,592,1988,1278,710
E02004078,997,425,120,305,572,445,127
E02004080,6595,2521,780,1741,4074,3471,603
E02004081,2264,739,304,435,1525,1225,300
E02004082,1786,683,237,446,1103,850,253
E02004083,4283,778,266,512,3505,2803,702
E02004084,800,344,116,228,456,365,91
E02004085,4430,1058,383,675,3372,2783,589
E02004086,1863,703,264,439,1160,914,246
E02004087,1647,519,157,362,1128,943,185
E02004088,1883,705,270,435,1178,923,255
E02004089,6284,2185,660,1525,4099,3622,477
E02004090,1842,524,175,349,1318,1020,298
E02004091,3653,795,241,554,2858,2386,472
E02004092,1795,569,201,368,1226,973,253
E02004093,1648,511,184,327,1137,895,242
E02004094,2273,536,164,372,1737,1417,320
E02004095,4340,1686,544,1142,2654,2152,502
E02004096,2155,708,276,432,1447,1089,358
E02004097,3367,1029,352,677,2338,1905,433
E02004098,1692,522,205,317,1170,882,288
E02004100,2819,1023,397,626,1796,1378,418
E02004102,5454,2306,816,1490,3148,2649,499
E02004103,1834,674,169,505,1160,1006,154
E02004104,3086,793,282,511,2293,1834,459
E02004105,2473,734,232,502,1739,1316,423
E02004106,1688,642,258,384,1046,802,244
E02004108,4244,1278,438,840,2966,2354,612
E02004109,1347,571,226,345,776,569,207
E02004110,2513,737,245,492,1776,1517,259
E02004111,1384,466,155,311,918,725,193
E02004112,1618,650,226,424,968,682,286
E02004113,3562,854,273,581,2708,2242,466
E02004114,2173,722,266,456,1451,1094,357
E02004115,1658,561,157,404,1097,811,286
E02004116,4006,1304,336,968,2702,2301,401
E02004117,1682,640,221,419,1042,782,260
E02004118,7023,1040,372,668,5983,4903,1080
E02004119,2827,898,369,529,1929,1373,556
E02004120,1472,522,221,301,950,698,252
E02004121,2125,711,284,427,1414,1103,311
E02004122,2959,956,331,625,2003,1462,541
E02004123,2184,803,317,486,1381,1008,373
E02004124,761,270,102,168,491,378,113
E02004125,1370,504,182,322,866,623,243
E02004126,6556,2037,650,1387,4519,3774,745
E02004128,2934,858,296,562,2076,1482,594
E02004129,2172,603,247,356,1569,964,605
E02004130,2856,1225,419,806,1631,1346,285
E02004131,1910,641,213,428,1269,1019,250
E02004132,2728,925,374,551,1803,1258,545
E02004133,3766,1321,453,868,2445,1970,475
E02004134,6579,1545,511,1034,5034,3981,1053
E02004135,2329,865,369,496,1464,989,475
E02004136,2339,889,318,571,1450,1041,409
E02004137,1972,697,252,445,1275,925,350
E02004138,2034,890,352,538,1144,920,224
E02004139,1389,607,214,393,782,616,166
E02004140,3442,1277,426,851,2165,1831,334
E02004141,2264,696,279,417,1568,1141,427
E02004142,6442,1286,499,787,5156,3523,1633
E02004143,1023,455,167,288,568,459,109
E02004144,1208,496,183,313,712,556,156
E02004145,1514,697,282,415,817,618,199
E02004146,2176,849,287,562,1327,1062,265
E02004147,3779,1651,538,1113,2128,1712,416
E02004148,2075,940,279,661,1135,889,246
E02004149,4613,1592,782,810,3021,2430,591
E02004150,1003,414,137,277,589,488,101
E02004151,2668,878,246,632,1790,1348,442
E02004152,3142,1213,454,759,1929,1683,246
E02004153,899,341,107,234,558,427,131
E02004154,1699,757,243,514,942,758,184
E02004155,1494,683,199,484,811,700,111
E02004156,19659,6785,2518,4267,12874,11332,1542
E02004157,4900,1675,508,1167,3225,2833,392
E02004158,2519,1150,399,751,1369,1125,244
E02004159,20274,3742,914,2828,16532,14744,1788
E02004160,1272,421,120,301,851,678,173
E02004161,7670,2532,563,1969,5138,4547,591
E02004162,9622,2158,668,1490,7464,6012,1452
E02004163,1786,798,307,491,988,779,209
E02004164,2279,699,256,443,1580,977,603
E02004165,1433,492,199,293,941,671,270
E02004166,1951,658,255,403,1293,831,462
E02004167,3999,1307,421,886,2692,2343,349
E02004168,4128,1616,485,1131,2512,2095,417
E02004169,3011,697,281,416,2314,1679,635
E02004170,3161,1065,348,717,2096,1575,521
E02004171,2376,894,335,559,1482,976,506
E02004172,2005,728,277,451,1277,774,503
E02004173,2324,694,282,412,1630,1100,530
E02004174,3664,1341,443,898,2323,1883,440
E02004175,2000,820,283,537,1180,895,285
E02004176,1992,753,265,488,1239,790,449
E02004177,2552,828,207,621,1724,1469,255
E02004178,2388,775,293,482,1613,1173,440
E02004179,4456,1317,453,864,3139,2297,842
E02004180,1877,607,235,372,1270,837,433
E02004181,5801,1614,360,1254,4187,3618,569
E02004182,6508,2734,917,1817,3774,3292,482
E02004183,3351,1209,376,833,2142,1851,291
E02004184,3930,1260,395,865,2670,2286,384
E02004185,1552,582,201,381,970,773,197
E02004186,3455,1042,282,760,2413,1988,425
E02004187,5536,1532,498,1034,4004,2931,1073
E02004188,2306,738,275,463,1568,903,665
E02004189,8802,1676,393,1283,7126,5975,1151
E02004190,3066,1067,408,659,1999,1452,547
E02004191,5660,2068,612,1456,3592,3035,557
E02004192,2355,901,359,542,1454,1012,442
E02004193,3526,1382,449,933,2144,1711,433
E02004194,2841,1096,366,730,1745,1287,458
E02004195,3246,968,330,638,2278,1605,673
E02004196,4717,1606,659,947,3111,2332,779
E02004197,1769,732,281,451,1037,749,288
E02004198,3423,1308,445,863,2115,1743,372
E02004199,1578,614,289,325,964,624,340
E02004200,2399,839,368,471,1560,1118,442
E02004201,1751,593,233,360,1158,820,338
E02004202,2837,1021,383,638,1816,1378,438
E02004203,2116,817,364,453,1299,876,423
E02004204,2591,1020,414,606,1571,1197,374
E02004205,1941,669,245,424,1272,1008,264
E02004206,2105,966,296,670,1139,871,268
E02004207,4962,1092,393,699,3870,3018,852
E02004208,1368,543,186,357,825,609,216
E02004209,2638,1104,412,692,1534,1237,297
E02004210,2901,1247,435,812,1654,1308,346
E02004211,1754,756,294,462,998,687,311
E02004212,1267,481,148,333,786,628,158
E02004213,2372,710,240,470,1662,1309,353
E02004214,8158,2626,801,1825,5532,4831,701
E02004215,2846,972,306,666,1874,1570,304
E02004216,1683,302,101,201,1381,1129,252
E02004217,3668,1168,385,783,2500,1928,572
E02004218,1296,512,187,325,784,591,193
E02004219,1796,655,239,416,1141,857,284
E02004220,1389,480,188,292,909,716,193
E02004221,1564,683,227,456,881,699,182
E02004222,3452,1467,401,1066,1985,1716,269
E02004223,4674,1418,448,970,3256,2725,531
E02004224,2226,807,289,518,1419,909,510
E02004225,2185,838,271,567,1347,1059,288
E02004226,2511,780,283,497,1731,1103,628
E02004227,4213,1450,557,893,2763,1892,871
E02004228,2396,848,333,515,1548,912,636
E02004229,3749,1015,405,610,2734,1834,900
E02004230,3295,1315,442,873,1980,1534,446
E02004231,2968,1097,415,682,1871,1304,567
E02004232,2721,824,328,496,1897,1238,659
E02004233,5645,2253,768,1485,3392,2694,698
E02004234,1409,572,243,329,837,552,285
E02004235,1773,736,289,447,1037,746,291
E02004236,4565,903,345,558,3662,2886,776
E02004237,1812,678,171,507,1134,944,190
E02004238,1764,774,314,460,990,770,220
E02004239,2640,785,268,517,1855,1616,239
E02004240,2829,725,222,503,2104,1713,391
E02004241,5802,2187,794,1393,3615,2940,675
E02004242,1290,491,201,290,799,609,190
E02004243,2066,817,348,469,1249,854,395
E02004244,2609,726,275,451,1883,1480,403
E02004245,2798,835,340,495,1963,1461,502
E02004246,1994,854,339,515,1140,910,230
E02004247,2704,970,459,511,1734,1243,491
E02004248,1774,640,263,377,1134,887,247
E02004249,1586,627,255,372,959,785,174
E02004250,3157,1396,496,900,1761,1460,301
E02004251,6402,1255,446,809,5147,4088,1059
E02004252,4494,1659,584,1075,2835,2303,532
E02004253,2394,990,448,542,1404,1071,333
E02004254,1999,778,313,465,1221,919,302
E02004255,3726,1187,441,746,2539,2106,433
E02004256,2611,892,374,518,1719,1168,551
E02004257,3865,1292,474,818,2573,2028,545
E02004258,4215,1283,496,787,2932,2153,779
E02004259,2647,850,354,496,1797,1302,495
E02004260,5867,1245,469,776,4622,3540,1082
E02004261,4566,1588,549,1039,2978,2361,617
E02004262,2768,778,280,498,1990,1319,671
E02004263,1330,518,196,322,812,572,240
E02004264,1710,634,268,366,1076,791,285
E02004265,5402,1547,532,1015,3855,3073,782
E02004266,6127,1263,406,857,4864,3925,939
E02004267,2217,736,334,402,1481,1047,434
E02004268,3434,1457,553,904,1977,1570,407
E02004269,5042,1926,673,1253,3116,2449,667
E02004270,2786,994,441,553,1792,1199,593
E02004271,3342,1121,420,701,2221,1517,704
E02004272,4242,1440,536,904,2802,1996,806
E02004273,2963,1212,535,677,1751,1200,551
E02004274,2818,929,330,599,1889,1554,335
E02004275,2390,951,415,536,1439,1029,410
E02004276,3090,1294,461,833,1796,1476,320
E02004277,14907,5119,1401,3718,9788,8647,1141
E02004278,2098,832,281,551,1266,1032,234
E02004279,2414,771,272,499,1643,1213,430
E02004280,6009,1449,446,1003,4560,3697,863
E02004281,914,351,136,215,563,423,140
E02004282,2039,941,345,596,1098,839,259
E02004283,2484,995,320,675,1489,1218,271
E02004284,7524,3168,1045,2123,4356,3491,865
E02004285,2093,917,241,676,1176,981,195
E02004286,703,309,99,210,394,306,88
E02004287,1094,452,174,278,642,495,147
E02004288,2584,773,208,565,1811,1543,268
E02004289,1848,714,226,488,1134,861,273
E02004290,989,334,103,231,655,536,119
E02004291,1110,373,107,266,737,598,139
E02004292,3821,807,216,591,3014,2458,556
E02004293,3304,1357,396,961,1947,1674,273
E02004294,2449,932,276,656,1517,1248,269
E02004295,1552,519,171,348,1033,845,188
E02004296,1722,602,170,432,1120,884,236
E02004297,2728,590,170,420,2138,1832,306
E02004298,2248,783,220,563,1465,1248,217
E02004299,3983,1545,425,1120,2438,2091,347
E02004300,1288,383,111,272,905,747,158
E02004301,1213,411,138,273,802,654,148
E02004302,2973,726,193,533,2247,1911,336
E02004303,6559,2060,510,1550,4499,3889,610
E02004304,2661,683,183,500,1978,1593,385
E02004305,2427,525,168,357,1902,1603,299
E02004306,2332,772,286,486,1560,1221,339
E02004307,1674,450,119,331,1224,879,345
E02004308,4263,1346,429,917,2917,2643,274
E02004309,3940,1281,416,865,2659,2384,275
E02004310,1985,606,156,450,1379,1186,193
E02004311,1642,561,177,384,1081,823,258
E02004312,3917,1016,322,694,2901,2456,445
E02004313,3817,1206,399,807,2611,2253,358
E02004314,12897,4907,2289,2618,7990,6846,1144
E02004315,14734,3549,898,2651,11185,9951,1234
E02004316,1072,320,102,218,752,567,185
E02004317,1266,457,139,318,809,649,160
E02004318,2714,552,182,370,2162,1812,350
E02004319,1328,510,152,358,818,623,195
E02004320,2765,683,210,473,2082,1764,318
E02004321,4129,1229,275,954,2900,2537,363
E02004322,1001,371,112,259,630,552,78
E02004323,1928,804,272,532,1124,943,181
E02004324,2343,560,168,392,1783,1535,248
E02004325,2812,875,158,717,1937,1693,244
E02004326,9106,1475,295,1180,7631,7011,620
E02004327,1218,472,94,378,746,636,110
E02004328,1563,532,163,369,1031,903,128
E02004329,2626,1033,266,767,1593,1407,186
E02004330,988,351,123,228,637,522,115
E02004331,1201,386,122,264,815,633,182
E02004332,1395,481,158,323,914,690,224
E02004333,1481,359,133,226,1122,903,219
E02004334,1257,440,143,297,817,645,172
E02004335,4257,1124,261,863,3133,2831,302
E02004336,1509,534,165,369,975,781,194
E02004337,2285,749,188,561,1536,1223,313
E02004338,1953,465,145,320,1488,1245,243
E02004339,2844,873,315,558,1971,1499,472
E02004340,2901,791,220,571,2110,1790,320
E02004341,1115,367,143,224,748,580,168
E02004342,678,280,71,209,398,321,77
E02004343,1429,501,164,337,928,795,133
E02004344,10100,1736,470,1266,8364,7439,925
E02004345,3561,1009,335,674,2552,1819,733
E02004346,1879,524,217,307,1355,782,573
E02004347,4979,1352,425,927,3627,3117,510
E02004348,2965,873,293,580,2092,1467,625
E02004349,1564,464,152,312,1100,867,233
E02004350,3296,1201,323,878,2095,1725,370
E02004351,1255,441,127,314,814,655,159
E02004352,6313,2601,611,1990,3712,3266,446
E02004353,2832,1047,241,806,1785,1541,244
E02004354,2630,755,225,530,1875,1557,318
E02004355,2106,746,170,576,1360,1192,168
E02004356,1626,715,206,509,911,736,175
E02004357,752,278,97,181,474,350,124
E02004358,873,300,109,191,573,427,146
E02004359,4947,1359,397,962,3588,3069,519
E02004361,1596,652,227,425,944,710,234
E02004362,2383,658,200,458,1725,1396,329
E02004363,5760,1952,539,1413,3808,3344,464
E02004364,2182,834,280,554,1348,1113,235
E02004365,4732,2100,801,1299,2632,2171,461
E02004366,10343,3481,1003,2478,6862,5880,982
E02004367,2309,952,364,588,1357,1065,292
E02004368,3670,1240,278,962,2430,2087,343
E02004369,4881,1661,431,1230,3220,2753,467
E02004370,4623,1042,331,711,3581,3090,491
E02004371,1419,548,188,360,871,665,206
E02004372,1125,386,112,274,739,572,167
E02004373,3057,1096,337,759,1961,1546,415
E02004374,2163,860,276,584,1303,955,348
E02004375,2857,927,280,647,1930,1582,348
E02004376,7080,2812,1016,1796,4268,3670,598
E02004377,3173,1123,342,781,2050,1571,479
E02004378,2780,1065,276,789,1715,1422,293
E02004379,2691,1010,390,620,1681,1228,453
E02004380,3879,1318,525,793,2561,1888,673
E02004381,8810,2596,905,1691,6214,5244,970
E02004382,3039,800,314,486,2239,1697,542
E02004383,5132,1798,583,1215,3334,2890,444
E02004384,1352,520,214,306,832,594,238
E02004385,2275,803,242,561,1472,1122,350
E02004386,4060,1109,364,745,2951,2382,569
E02004387,1747,661,175,486,1086,869,217
E02004388,1066,341,111,230,725,537,188
E02004389,1659,639,244,395,1020,784,236
E02004390,1479,545,195,350,934,718,216
E02004391,2866,1305,480,825,1561,1267,294
E02004392,3330,1063,383,680,2267,1637,630
E02004393,2067,766,295,471,1301,955,346
E02004394,2855,991,381,610,1864,1362,502
E02004395,3429,1236,445,791,2193,1603,590
E02004396,2531,888,327,561,1643,1186,457
E02004397,3739,1343,456,887,2396,1845,551
E02004398,1708,642,213,429,1066,809,257
E02004399,3097,1295,443,852,1802,1536,266
E02004400,2160,775,271,504,1385,1012,373
E02004401,2334,669,244,425,1665,1416,249
E02004402,4840,1810,574,1236,3030,2474,556
E02004403,2874,1037,403,634,1837,1372,465
E02004404,2870,1107,482,625,1763,1269,494
E02004405,1866,629,254,375,1237,949,288
E02004406,3152,1308,542,766,1844,1466,378
E02004407,2743,1029,407,622,1714,1243,471
E02004408,2383,671,251,420,1712,1321,391
E02004409,2316,797,317,480,1519,1109,410
E02004410,3045,1065,494,571,1980,1441,539
E02004411,5040,1560,618,942,3480,2808,672
E02004412,2788,1078,427,651,1710,1367,343
E02004413,2563,875,337,538,1688,1200,488
E02004414,1715,587,220,367,1128,890,238
E02004415,2679,919,357,562,1760,1292,468
E02004416,2166,769,296,473,1397,941,456
E02004417,3438,1362,446,916,2076,1743,333
E02004418,2625,653,195,458,1972,1478,494
E02004419,1215,422,130,292,793,632,161
E02004420,4093,1335,545,790,2758,2022,736
E02004421,2056,742,260,482,1314,1042,272
E02004422,2508,827,315,512,1681,1252,429
E02004423,1466,591,253,338,875,667,208
E02004424,1265,569,261,308,696,512,184
E02004425,2067,709,308,401,1358,1032,326
E02004426,3761,1491,597,894,2270,1799,471
E02004427,3174,1237,540,697,1937,1532,405
E02004428,1426,483,169,314,943,735,208
E02004429,1852,717,300,417,1135,878,257
E02004430,3945,908,298,610,3037,2353,684
E02004431,2201,845,362,483,1356,1015,341
E02004432,1856,586,280,306,1270,935,335
E02004433,2806,663,222,441,2143,1805,338
E02004434,6363,1472,442,1030,4891,3825,1066
E02004435,9007,1858,664,1194,7149,5986,1163
E02004436,1124,390,120,270,734,579,155
E02004437,8762,1135,373,762,7627,6348,1279
E02004438,15595,4858,1651,3207,10737,9276,1461
E02004439,1380,513,150,363,867,664,203
E02004440,1329,473,148,325,856,701,155
E02004441,2266,847,276,571,1419,1197,222
E02004442,1143,379,124,255,764,589,175
E02004443,7483,2326,638,1688,5157,4519,638
E02004444,1780,728,280,448,1052,810,242
E02004445,2217,822,263,559,1395,1123,272
E02004446,1998,631,270,361,1367,947,420
E02004447,1787,601,278,323,1186,842,344
E02004448,2045,783,285,498,1262,901,361
E02004449,2753,1007,356,651,1746,1395,351
E02004450,2703,809,340,469,1894,1442,452
E02004451,3803,1038,389,649,2765,2025,740
E02004452,2486,919,327,592,1567,1174,393
E02004453,4355,1013,305,708,3342,2684,658
E02004454,6106,2193,691,1502,3913,3254,659
E02004455,2500,793,323,470,1707,1323,384
E02004456,3401,1314,547,767,2087,1740,347
E02004457,2754,1013,389,624,1741,1266,475
E02004458,2265,922,357,565,1343,999,344
E02004459,3801,1225,474,751,2576,1936,640
E02004460,1952,672,242,430,1280,981,299
E02004461,710,254,85,169,456,357,99
E02004462,9803,2256,746,1510,7547,6250,1297
E02004463,2403,766,325,441,1637,1178,459
E02004464,2436,860,399,461,1576,1149,427
E02004465,2085,772,318,454,1313,994,319
E02004466,1982,588,233,355,1394,1055,339
E02004467,1545,586,218,368,959,737,222
E02004468,4199,1644,661,983,2555,2036,519
E02004469,3485,874,363,511,2611,2086,525
E02004470,9126,2898,999,1899,6228,5178,1050
E02004471,6780,1400,491,909,5380,4107,1273
E02004472,2230,595,234,361,1635,1196,439
E02004473,1256,454,188,266,802,632,170
E02004474,4755,1542,605,937,3213,2574,639
E02004475,1721,751,295,456,970,714,256
E02004476,2075,788,322,466,1287,955,332
E02004477,1241,422,169,253,819,655,164
E02004478,2794,1116,415,701,1678,1299,379
E02004479,1866,762,293,469,1104,843,261
E02004480,1226,421,174,247,805,593,212
E02004481,996,334,127,207,662,516,146
E02004482,2844,974,328,646,1870,1484,386
E02004483,3330,1215,422,793,2115,1683,432
E02004484,1284,461,184,277,823,636,187
E02004485,2069,671,306,365,1398,948,450
E02004486,6637,2289,589,1700,4348,3683,665
E02004487,1579,641,254,387,938,717,221
E02004488,1772,719,242,477,1053,801,252
E02004489,6314,1671,602,1069,4643,3574,1069
E02004490,1464,595,210,385,869,652,217
E02004491,1419,495,187,308,924,704,220
E02004492,4558,1271,495,776,3287,2594,693
E02004493,7584,1465,515,950,6119,5072,1047
E02004494,22569,6846,2414,4432,15723,13696,2027
E02004495,2758,1066,436,630,1692,1330,362
E02004496,2726,1095,430,665,1631,1304,327
E02004497,2407,857,361,496,1550,1192,358
E02004498,2340,822,328,494,1518,1184,334
E02004499,1107,438,168,270,669,504,165
E02004500,3041,1152,454,698,1889,1387,502
E02004501,1647,568,250,318,1079,832,247
E02004502,2870,910,411,499,1960,1422,538
E02004503,4328,1641,592,1049,2687,2044,643
E02004504,1181,402,178,224,779,546,233
E02004505,2251,690,269,421,1561,1182,379
E02004506,2784,896,364,532,1888,1401,487
E02004507,8286,1989,570,1419,6297,5317,980
E02004508,1991,714,279,435,1277,963,314
E02004509,8115,2416,645,1771,5699,4980,719
E02004512,17510,6259,2388,3871,11251,9625,1626
E02004513,2198,823,302,521,1375,1133,242
E02004514,2230,877,324,553,1353,1062,291
E02004515,4387,1634,589,1045,2753,2109,644
E02004516,4140,1013,388,625,3127,2275,852
E02004517,3794,1304,453,851,2490,2017,473
E02004518,2531,824,273,551,1707,1388,319
E02004519,1538,622,213,409,916,716,200
E02004520,4270,742,252,490,3528,2309,1219
E02004521,3290,822,262,560,2468,1944,524
E02004522,4340,1907,1000,907,2433,1922,511
E02004523,1525,455,144,311,1070,746,324
E02004524,2481,878,368,510,1603,1138,465
E02004525,2878,957,390,567,1921,1514,407
E02004526,2205,963,424,539,1242,928,314
E02004527,3129,964,379,585,2165,1566,599
E02004528,3063,931,387,544,2132,1494,638
E02004529,2644,824,337,487,1820,1254,566
E02004530,2076,763,274,489,1313,1018,295
E02004531,4323,1463,437,1026,2860,2382,478
E02004532,2060,690,258,432,1370,1046,324
E02004533,1313,431,159,272,882,691,191
E02004534,3446,896,321,575,2550,2049,501
E02004535,4175,1151,421,730,3024,2361,663
E02004536,1571,563,230,333,1008,741,267
E02004537,4755,1135,408,727,3620,2915,705
E02004538,3963,1617,660,957,2346,1889,457
E02004539,1666,437,174,263,1229,971,258
E02004540,2506,859,291,568,1647,1341,306
E02004541,3452,1467,587,880,1985,1587,398
E02004542,2409,933,345,588,1476,1120,356
E02004543,1059,440,189,251,619,471,148
E02004544,2155,685,262,423,1470,1125,345
E02004545,7177,1723,576,1147,5454,4507,947
E02004546,3162,858,273,585,2304,2003,301
E02004547,13670,2875,754,2121,10795,9256,1539
E02004548,1416,557,210,347,859,643,216
E02004549,1795,612,208,404,1183,955,228
E02004550,5473,2367,913,1454,3106,2750,356
E02004551,988,391,134,257,597,460,137
E02004552,1193,292,113,179,901,773,128
E02004553,1889,665,227,438,1224,1021,203
E02004554,896,316,97,219,580,456,124
E02004555,2091,612,259,353,1479,1063,416
E02004556,2651,851,402,449,1800,1333,467
E02004557,2175,571,214,357,1604,1278,326
E02004558,6309,2350,905,1445,3959,3215,744
E02004559,1765,606,228,378,1159,857,302
E02004560,2541,767,278,489,1774,1293,481
E02004561,3041,950,388,562,2091,1494,597
E02004562,2464,911,391,520,1553,1216,337
E02004563,1075,410,170,240,665,471,194
E02004564,1481,535,221,314,946,700,246
E02004565,3767,1423,595,828,2344,1774,570
E02004566,2393,751,243,508,1642,1351,291
E02004567,1536,588,248,340,948,726,222
E02004568,3014,995,374,621,2019,1438,581
E02004569,5093,1210,445,765,3883,2970,913
E02004570,4265,1648,640,1008,2617,2127,490
E02004571,2350,746,320,426,1604,1276,328
E02004572,1686,535,199,336,1151,850,301
E02004573,2363,931,300,631,1432,1085,347
E02004574,3028,1054,322,732,1974,1497,477
E02004575,4064,1301,487,814,2763,2083,680
E02004576,1546,559,201,358,987,753,234
E02004577,2671,820,287,533,1851,1356,495
E02004578,2325,1021,379,642,1304,1027,277
E02004579,2679,891,317,574,1788,1416,372
E02004580,2218,897,354,543,1321,983,338
E02004581,3043,976,341,635,2067,1581,486
E02004582,3676,1275,386,889,2401,2010,391
E02004583,2134,749,299,450,1385,1026,359
E02004584,1086,510,186,324,576,424,152
E02004585,1292,505,178,327,787,580,207
E02004586,3026,1057,313,744,1969,1618,351
E02004587,841,338,119,219,503,369,134
E02004588,5141,2062,626,1436,3079,2631,448
E02004589,1875,774,227,547,1101,932,169
E02004590,1315,497,172,325,818,621,197
E02004591,3675,1009,429,580,2666,2137,529
E02004592,5707,2180,866,1314,3527,2844,683
E02004593,2427,859,398,461,1568,1122,446
E02004594,3279,872,384,488,2407,1657,750
E02004595,4006,1313,548,765,2693,2011,682
E02004596,11432,2501,659,1842,8931,7387,1544
E02004597,3577,1168,459,709,2409,1898,511
E02004598,3293,1230,509,721,2063,1450,613
E02004599,2890,924,413,511,1966,1436,530
E02004600,5245,1297,469,828,3948,3381,567
E02004601,1710,633,276,357,1077,909,168
E02004602,971,310,113,197,661,515,146
E02004603,3493,1347,531,816,2146,1860,286
E02004604,1791,598,176,422,1193,989,204
E02004605,1741,384,112,272,1357,1195,162
E02004606,3808,1126,348,778,2682,2173,509
E02004607,4149,1639,606,1033,2510,2065,445
E02004608,19220,6256,2190,4066,12964,10854,2110
E02004609,7532,1325,271,1054,6207,5857,350
E02004610,4588,1522,487,1035,3066,2460,606
E02004611,3186,1243,465,778,1943,1509,434
E02004612,1707,687,267,420,1020,840,180
E02004613,2509,740,256,484,1769,1522,247
E02004614,1833,556,180,376,1277,1034,243
E02004615,4246,1210,451,759,3036,2302,734
E02004616,4381,1466,549,917,2915,2200,715
E02004617,3693,1110,461,649,2583,1822,761
E02004618,4111,1284,477,807,2827,2079,748
E02004619,2907,918,367,551,1989,1445,544
E02004620,1240,431,183,248,809,631,178
E02004621,7909,3015,1085,1930,4894,4077,817
E02004622,4715,995,360,635,3720,3040,680
E02004623,3025,1003,414,589,2022,1559,463
E02004624,2725,825,399,426,1900,1457,443
E02004625,4439,1514,605,909,2925,2171,754
E02004626,3693,1211,522,689,2482,1765,717
E02004627,2100,753,298,455,1347,1003,344
E02004628,3091,874,304,570,2217,1833,384
E02004629,4455,1490,471,1019,2965,2447,518
E02004630,2200,738,271,467,1462,1045,417
E02004631,1412,528,208,320,884,605,279
E02004632,4592,1436,501,935,3156,2605,551
E02004633,2046,782,315,467,1264,937,327
E02004634,4256,1453,467,986,2803,2327,476
E02004635,2613,744,279,465,1869,1187,682
E02004636,1888,872,300,572,1016,806,210
E02004637,8744,2967,678,2289,5777,5067,710
E02004638,1274,418,127,291,856,700,156
E02004639,17056,5689,1815,3874,11367,10049,1318
E02004640,2959,1212,336,876,1747,1519,228
E02004641,1718,654,217,437,1064,847,217
E02004642,10760,2289,627,1662,8471,7526,945
E02004643,1319,500,162,338,819,664,155
E02004644,4614,1058,315,743,3556,2849,707
E02004645,1444,565,213,352,879,683,196
E02004646,1310,522,165,357,788,655,133
E02004647,1150,476,140,336,674,532,142
E02004648,1411,515,179,336,896,688,208
E02004649,2559,514,158,356,2045,1690,355
E02004650,5638,1440,464,976,4198,3433,765
E02004651,2562,813,319,494,1749,1283,466
E02004652,2837,1032,418,614,1805,1330,475
E02004653,3726,975,379,596,2751,1802,949
E02004654,2834,989,366,623,1845,1493,352
E02004655,7278,1308,464,844,5970,4979,991
E02004656,7631,3271,1051,2220,4360,3664,696
E02004657,3224,876,301,575,2348,1916,432
E02004658,1560,561,235,326,999,766,233
E02004659,1551,590,255,335,961,723,238
E02004660,3122,991,378,613,2131,1715,416
E02004661,1981,648,264,384,1333,1087,246
E02004662,2981,909,376,533,2072,1581,491
E02004663,2628,1031,386,645,1597,1271,326
E02004664,2417,920,325,595,1497,1235,262
E02004665,3760,1081,427,654,2679,2205,474
E02004666,9699,1569,528,1041,8130,6808,1322
E02004667,4300,1663,607,1056,2637,2151,486
E02004668,3133,1080,441,639,2053,1492,561
E02004669,3372,788,312,476,2584,1995,589
E02004670,4666,1329,435,894,3337,2820,517
E02004671,1984,683,243,440,1301,965,336
E02004672,6978,1401,511,890,5577,4620,957
E02004673,4391,958,320,638,3433,2852,581
E02004674,7657,1811,579,1232,5846,5129,717
E02004675,2309,768,308,460,1541,1231,310
E02004676,1667,552,256,296,1115,749,366
E02004677,2358,815,358,457,1543,1076,467
E02004678,2520,780,306,474,1740,1249,491
E02004679,3011,874,329,545,2137,1626,511
E02004680,940,280,105,175,660,480,180
E02004681,6730,1038,301,737,5692,4638,1054
E02004682,8310,1442,493,949,6868,5685,1183
E02004683,6379,1011,321,690,5368,4454,914
E02004684,4960,1529,428,1101,3431,2916,515
E02004685,15261,4082,1559,2523,11179,9560,1619
E02004686,5309,1531,498,1033,3778,3275,503
E02004687,1151,349,117,232,802,636,166
E02004688,2615,938,339,599,1677,1402,275
E02004689,1383,482,222,260,901,654,247
E02004690,6606,1018,369,649,5588,4558,1030
E02004691,3230,946,422,524,2284,1621,663
E02004692,1268,443,211,232,825,597,228
E02004693,1308,493,159,334,815,635,180
E02004694,2727,761,305,456,1966,1501,465
E02004695,2027,808,334,474,1219,905,314
E02004696,2752,722,270,452,2030,1484,546
E02004697,4129,1276,490,786,2853,2286,567
E02004698,3407,1212,466,746,2195,1779,416
E02004699,4836,1235,499,736,3601,2897,704
E02004700,1899,615,233,382,1284,978,306
E02004702,1635,601,212,389,1034,799,235
E02004703,3311,1143,465,678,2168,1531,637
E02004704,5214,1268,537,731,3946,3164,782
E02004705,3476,1172,420,752,2304,1751,553
E02004706,2232,813,317,496,1419,1039,380
E02004707,4490,1498,620,878,2992,2207,785
E02004708,6480,2029,788,1241,4451,3735,716
E02004709,1310,508,219,289,802,566,236
E02004710,1563,606,245,361,957,719,238
E02004712,2619,1003,396,607,1616,1303,313
E02004713,2768,941,413,528,1827,1367,460
E02004714,8137,1477,445,1032,6660,5625,1035
E02004715,3727,1005,335,670,2722,2166,556
E02004716,1303,489,171,318,814,615,199
E02004717,8935,2309,757,1552,6626,5614,1012
E02004718,9064,2719,892,1827,6345,5241,1104
E02004719,2467,915,376,539,1552,1140,412
E02004720,4093,1333,485,848,2760,2202,558
E02004721,2432,707,271,436,1725,1345,380
E02004722,6344,2353,834,1519,3991,3301,690
E02004723,2675,795,299,496,1880,1509,371
E02004724,2505,1023,398,625,1482,1140,342
E02004725,1082,397,122,275,685,550,135
E02004726,6068,1153,383,770,4915,4087,828
E02004727,4655,1106,378,728,3549,3006,543
E02004728,9967,2050,575,1475,7917,6614,1303
E02004729,1363,572,235,337,791,589,202
E02004730,2984,811,296,515,2173,1706,467
E02004731,1718,773,331,442,945,696,249
E02004732,2212,819,327,492,1393,1066,327
E02004733,2879,979,371,608,1900,1491,409
E02004734,10135,3464,1249,2215,6671,5591,1080
E02004735,1248,495,187,308,753,559,194
E02004736,1160,417,155,262,743,548,195
E02004737,3900,1067,343,724,2833,2318,515
E02004738,2448,760,278,482,1688,1375,313
E02004739,5186,1452,464,988,3734,3148,586
E02004740,1149,500,222,278,649,462,187
E02004741,2618,714,202,512,1904,1557,347
E02004742,2491,467,181,286,2024,1648,376
E02004743,1995,504,172,332,1491,1166,325
E02004744,1561,492,157,335,1069,849,220
E02004745,1274,420,151,269,854,638,216
E02004746,2282,914,354,560,1368,1014,354
E02004747,3585,639,180,459,2946,2509,437
E02004748,6250,2347,794,1553,3903,3271,632
E02004749,1884,765,294,471,1119,854,265
E02004750,2712,872,256,616,1840,1548,292
E02004751,2141,827,330,497,1314,965,349
E02004752,3344,1032,435,597,2312,1641,671
E02004753,3507,839,298,541,2668,2022,646
E02004754,3060,950,398,552,2110,1597,513
E02004755,6576,2169,836,1333,4407,3608,799
E02004756,7244,1145,491,654,6099,4857,1242
E02004757,2285,595,226,369,1690,1323,367
E02004758,3051,993,420,573,2058,1595,463
E02004759,2138,651,288,363,1487,1161,326
E02004760,2249,788,312,476,1461,1045,416
E02004761,4484,828,346,482,3656,2678,978
E02004764,4714,1155,379,776,3559,2893,666
E02004765,823,267,122,145,556,388,168
E02004766,3816,1590,636,954,2226,1876,350
E02004767,855,310,78,232,545,427,118
E02004768,1158,441,176,265,717,480,237
E02004769,1127,476,158,318,651,527,124
E02004770,3180,593,201,392,2587,2112,475
E02004771,1498,558,147,411,940,744,196
E02004772,2715,1117,399,718,1598,1212,386
E02004774,2636,1080,388,692,1556,1196,360
E02004775,14248,3458,1099,2359,10790,9500,1290
E02004776,1884,678,270,408,1206,912,294
E02004777,1282,528,191,337,754,550,204
E02004778,1707,644,216,428,1063,795,268
E02004779,4177,1524,609,915,2653,1923,730
E02004780,1316,596,227,369,720,532,188
E02004781,3673,881,323,558,2792,2222,570
E02004782,5287,1627,544,1083,3660,2765,895
E02004783,1785,478,170,308,1307,962,345
E02004784,3613,1174,398,776,2439,1994,445
E02004785,4069,1394,556,838,2675,2110,565
E02004786,3719,888,353,535,2831,2026,805
E02004787,2896,1334,494,840,1562,1201,361
E02004788,2755,874,334,540,1881,1413,468
E02004789,1579,667,263,404,912,667,245
E02004790,6020,1977,760,1217,4043,3198,845
E02004791,635,237,94,143,398,287,111
E02004792,6275,1515,667,848,4760,3769,991
E02004793,3454,1362,553,809,2092,1623,469
E02004794,2132,861,351,510,1271,910,361
E02004795,6699,2432,983,1449,4267,3447,820
E02004796,2210,872,361,511,1338,1045,293
E02004797,2963,918,288,630,2045,1632,413
E02004798,2876,633,207,426,2243,1852,391
E02004799,3738,1647,606,1041,2091,1732,359
E02004800,1539,668,258,410,871,670,201
E02004801,2210,971,388,583,1239,968,271
E02004802,2355,548,184,364,1807,1463,344
E02004803,886,283,103,180,603,452,151
E02004804,1082,339,119,220,743,541,202
E02004805,3695,1216,507,709,2479,2069,410
E02004806,3841,697,281,416,3144,2567,577
E02004807,7342,2065,736,1329,5277,4398,879
E02004808,12022,2000,657,1343,10022,7870,2152
E02004809,10462,2035,675,1360,8427,6643,1784
E02004810,2977,596,187,409,2381,1831,550
E02004811,1713,588,198,390,1125,897,228
E02004812,1332,408,148,260,924,682,242
E02004813,2173,567,188,379,1606,1248,358
E02004814,1342,408,173,235,934,676,258
E02004815,1339,409,141,268,930,765,165
E02004816,7996,2057,715,1342,5939,4907,1032
E02004817,4675,1709,606,1103,2966,2533,433
E02004818,7191,1302,468,834,5889,4531,1358
E02004819,3704,1169,391,778,2535,2160,375
E02004820,4028,780,345,435,3248,2450,798
E02004821,2328,754,272,482,1574,1139,435
E02004822,3260,1077,447,630,2183,1482,701
E02004823,2092,740,249,491,1352,1068,284
E02004824,4476,1714,670,1044,2762,2279,483
E02004825,2702,876,346,530,1826,1396,430
E02004826,4354,1077,419,658,3277,2521,756
E02004827,1113,443,187,256,670,494,176
E02004828,7002,1389,470,919,5613,4591,1022
E02004829,1905,554,227,327,1351,964,387
E02004830,2860,738,297,441,2122,1567,555
E02004831,4004,1098,464,634,2906,2260,646
E02004832,5465,1485,530,955,3980,3355,625
E02004833,4698,1582,633,949,3116,2620,496
E02004834,5655,1784,697,1087,3871,3165,706
E02004835,16616,5374,1965,3409,11242,9657,1585
E02004836,1558,649,341,308,909,705,204
E02004837,4629,1178,441,737,3451,2844,607
E02004838,4354,1388,495,893,2966,2292,674
E02004839,3078,1066,479,587,2012,1417,595
E02004840,2909,1104,442,662,1805,1339,466
E02004841,13513,2764,987,1777,10749,9004,1745
E02004842,4322,1088,389,699,3234,2629,605
E02004843,1282,487,174,313,795,611,184
E02004844,5081,868,289,579,4213,3332,881
E02004845,6305,1537,501,1036,4768,3738,1030
E02004846,1534,620,255,365,914,679,235
E02004847,2163,652,205,447,1511,1209,302
E02004848,1065,364,142,222,701,512,189
E02004849,1820,665,262,403,1155,837,318
E02004850,3471,1505,568,937,1966,1556,410
E02004851,903,347,115,232,556,437,119
E02004852,5387,1397,523,874,3990,3021,969
E02004853,2023,743,225,518,1280,1011,269
E02004854,2156,676,237,439,1480,1180,300
E02004855,5677,1320,438,882,4357,3486,871
E02004856,2116,707,260,447,1409,962,447
E02004857,2886,933,354,579,1953,1537,416
E02004858,1446,531,220,311,915,669,246
E02004859,1895,703,305,398,1192,880,312
E02004860,834,271,104,167,563,439,124
E02004861,1957,711,266,445,1246,945,301
E02004862,1299,415,136,279,884,714,170
E02004863,1325,415,131,284,910,738,172
E02004864,3540,1297,606,691,2243,1746,497
E02004865,1886,696,228,468,1190,892,298
E02004866,1155,437,161,276,718,542,176
E02004867,1443,554,220,334,889,685,204
E02004868,14730,1887,582,1305,12843,10525,2318
E02004869,2789,1013,384,629,1776,1340,436
E02004870,9273,3128,1094,2034,6145,5322,823
E02004871,752,295,113,182,457,349,108
E02004872,1797,519,193,326,1278,1011,267
E02004873,4615,1516,566,950,3099,2393,706
E02004874,1905,771,329,442,1134,938,196
E02004875,1958,708,262,446,1250,927,323
E02004876,3613,1207,462,745,2406,1806,600
E02004877,3033,989,333,656,2044,1659,385
E02004878,2312,857,362,495,1455,1074,381
E02004879,2349,824,361,463,1525,1085,440
E02004880,2872,1158,486,672,1714,1183,531
E02004881,4374,1618,691,927,2756,2266,490
E02004882,3481,941,353,588,2540,1972,568
E02004883,2177,661,286,375,1516,1084,432
E02004884,3540,1310,488,822,2230,1772,458
E02004885,1767,524,228,296,1243,846,397
E02004886,2384,869,364,505,1515,1184,331
E02004887,2362,835,360,475,1527,1063,464
E02004888,2972,1090,441,649,1882,1455,427
E02004889,3349,1240,469,771,2109,1702,407
E02004890,5712,1140,386,754,4572,3996,576
E02004891,2262,796,342,454,1466,1126,340
E02004892,825,312,128,184,513,367,146
E02004893,2579,538,198,340,2041,1642,399
E02004894,9089,2820,995,1825,6269,5356,913
E02004895,3774,1177,494,683,2597,1981,616
E02004896,5238,1529,540,989,3709,3047,662
E02004897,2242,587,236,351,1655,1311,344
E02004898,2133,652,257,395,1481,1170,311
E02004899,3794,889,332,557,2905,2250,655
E02004900,2396,1015,430,585,1381,1022,359
E02004901,2510,854,268,586,1656,1406,250
E02004902,3135,1110,424,686,2025,1519,506
E02004903,3959,1099,381,718,2860,2263,597
E02004904,4415,777,221,556,3638,2860,778
E02004905,5008,1200,410,790,3808,3026,782
E02004906,5177,1362,473,889,3815,3075,740
E02004907,3161,1067,422,645,2094,1594,500
E02004908,3209,1169,453,716,2040,1574,466
E02004909,1736,669,237,432,1067,856,211
E02004910,5655,1257,504,753,4398,3756,642
E02004911,869,377,149,228,492,378,114
E02004912,3285,1256,458,798,2029,1637,392
E02004913,4694,1619,694,925,3075,2227,848
E02004914,8479,1860,638,1222,6619,5366,1253
E02004915,1277,356,113,243,921,729,192
E02004916,4201,1818,664,1154,2383,1969,414
E02004917,999,419,159,260,580,442,138
E02004918,5324,1287,485,802,4037,3202,835
E02004919,1329,497,213,284,832,637,195
E02004920,6816,2401,821,1580,4415,3822,593
E02004921,1845,691,271,420,1154,855,299
E02004922,3006,1094,450,644,1912,1394,518
E02004923,2926,1042,432,610,1884,1370,514
E02004924,2825,1130,452,678,1695,1321,374
E02004925,1894,822,322,500,1072,776,296
E02004926,4863,1860,814,1046,3003,2415,588
E02004927,1656,607,274,333,1049,791,258
E02004928,1081,459,210,249,622,432,190
E02004929,2225,695,295,400,1530,1131,399
E02004930,3101,837,313,524,2264,1726,538
E02004931,1382,645,281,364,737,552,185
E02004932,2444,954,297,657,1490,1231,259
E02004933,1301,532,237,295,769,579,190
E02004934,3111,1159,419,740,1952,1529,423
E02004935,11103,3443,1322,2121,7660,6415,1245
E02004936,2088,543,206,337,1545,1207,338
E02004937,2997,1187,567,620,1810,1358,452
E02004938,3683,875,306,569,2808,2167,641
E02004939,1691,607,246,361,1084,811,273
E02004940,3218,943,341,602,2275,1737,538
E02004941,3789,1404,492,912,2385,1994,391
E02004942,3981,806,277,529,3175,2368,807
E02004943,3098,955,371,584,2143,1697,446
E02004944,2401,465,143,322,1936,1517,419
E02004945,7983,2473,716,1757,5510,4598,912
E02004946,972,380,118,262,592,465,127
E02004947,1011,355,123,232,656,516,140
E02004948,7290,1214,296,918,6076,5209,867
E02004949,2948,974,351,623,1974,1637,337
E02004950,1056,337,98,239,719,561,158
E02004951,9371,2980,1166,1814,6391,5659,732
E02004952,1165,452,171,281,713,570,143
E02004953,1368,559,178,381,809,620,189
E02004954,8535,2181,730,1451,6354,5543,811
E02004955,739,291,112,179,448,339,109
E02004956,3903,912,351,561,2991,2345,646
E02004957,3359,764,297,467,2595,2035,560
E02004958,2026,707,336,371,1319,977,342
E02004959,3510,925,362,563,2585,2051,534
E02004960,1632,669,320,349,963,691,272
E02004961,4092,1004,367,637,3088,2480,608
E02004962,3185,1111,419,692,2074,1621,453
E02004963,1001,414,127,287,587,452,135
E02004964,3458,437,152,285,3021,2142,879
E02004965,1380,510,201,309,870,679,191
E02004966,6404,1295,483,812,5109,3801,1308
E02004967,1443,601,206,395,842,685,157
E02004968,1584,552,217,335,1032,795,237
E02004969,1205,462,173,289,743,565,178
E02004970,1797,621,221,400,1176,955,221
E02004971,1974,565,186,379,1409,1151,258
E02004972,7153,1339,402,937,5814,4392,1422
E02004973,2654,744,258,486,1910,1510,400
E02004974,1650,640,223,417,1010,799,211
E02004975,3817,1326,446,880,2491,2118,373
E02004976,17761,5603,2227,3376,12158,10280,1878
E02004977,4916,1494,459,1035,3422,2848,574
E02004978,5523,1144,359,785,4379,3640,739
E02004979,1435,469,179,290,966,752,214
E02004980,1149,442,204,238,707,482,225
E02004981,3868,988,379,609,2880,2282,598
E02004982,975,390,143,247,585,416,169
E02004983,9581,1466,420,1046,8115,6698,1417
E02004984,1017,359,120,239,658,516,142
E02004985,8102,2842,1263,1579,5260,4715,545
E02004986,6687,1467,427,1040,5220,4380,840
E02004987,3741,1257,349,908,2484,2170,314
E02004988,1747,476,172,304,1271,966,305
E02004989,16392,3037,1149,1888,13355,11474,1881
E02004990,3753,1146,366,780,2607,2099,508
E02004991,3103,1369,492,877,1734,1433,301
E02004992,1252,506,220,286,746,589,157
E02004993,3516,615,217,398,2901,2291,610
E02004994,1858,695,306,389,1163,797,366
E02004995,1685,572,256,316,1113,801,312
E02004996,3551,921,327,594,2630,2052,578
E02004997,2874,884,331,553,1990,1405,585
E02004998,1521,580,204,376,941,701,240
E02004999,6428,1760,585,1175,4668,3810,858
E02005000,11729,3495,1119,2376,8234,6980,1254
E02005001,7855,2340,698,1642,5515,4745,770
E02005002,1971,705,230,475,1266,986,280
E02005003,1308,446,139,307,862,691,171
E02005004,5126,1567,600,967,3559,2861,698
E02005005,2816,881,350,531,1935,1349,586
E02005006,1580,530,211,319,1050,693,357
E02005007,2462,778,311,467,1684,1197,487
E02005008,3861,1559,587,972,2302,1804,498
E02005009,1536,538,216,322,998,691,307
E02005010,3750,1688,569,1119,2062,1664,398
E02005011,1466,571,172,399,895,693,202
E02005012,1788,592,229,363,1196,878,318
E02005013,1740,604,218,386,1136,830,306
E02005014,4003,1253,402,851,2750,2335,415
E02005015,1874,679,229,450,1195,922,273
E02005016,1277,546,240,306,731,526,205
E02005017,3077,1329,487,842,1748,1371,377
E02005018,2936,951,326,625,1985,1620,365
E02005019,2117,622,225,397,1495,1127,368
E02005020,2768,917,358,559,1851,1401,450
E02005021,5407,2102,1102,1000,3305,2595,710
E02005022,1510,509,242,267,1001,755,246
E02005023,5637,1707,513,1194,3930,3102,828
E02005025,10496,3190,854,2336,7306,6438,868
E02005026,2265,633,267,366,1632,1174,458
E02005027,2130,729,278,451,1401,1088,313
E02005028,3639,586,185,401,3053,2580,473
E02005029,2544,568,196,372,1976,1478,498
E02005030,9670,3427,1226,2201,6243,5120,1123
E02005031,1307,481,146,335,826,629,197
E02005032,1891,573,173,400,1318,1018,300
E02005033,17513,6028,2549,3479,11485,9585,1900
E02005034,1531,369,159,210,1162,776,386
E02005035,5527,1604,380,1224,3923,3272,651
E02005036,2737,692,240,452,2045,1529,516
E02005037,2125,721,242,479,1404,1149,255
E02005038,2109,545,209,336,1564,1182,382
E02005039,1658,570,206,364,1088,836,252
E02005040,2721,1005,388,617,1716,1272,444
E02005041,2004,632,266,366,1372,924,448
E02005042,6253,1469,456,1013,4784,4007,777
E02005043,1720,662,237,425,1058,841,217
E02005044,3279,1522,524,998,1757,1393,364
E02005045,1293,500,182,318,793,554,239
E02005046,2144,541,170,371,1603,1136,467
E02005047,1281,496,166,330,785,609,176
E02005048,2328,601,212,389,1727,1386,341
E02005049,1810,670,232,438,1140,879,261
E02005050,4678,1716,538,1178,2962,2407,555
E02005051,2905,788,239,549,2117,1700,417
E02005052,5886,1926,519,1407,3960,3307,653
E02005053,6531,1771,562,1209,4760,3608,1152
E02005054,1170,390,156,234,780,520,260
E02005055,2995,634,207,427,2361,1771,590
E02005056,9194,3615,1180,2435,5579,4639,940
E02005057,3574,940,299,641,2634,1974,660
E02005058,1388,508,167,341,880,659,221
E02005059,1928,696,264,432,1232,902,330
E02005060,3436,969,331,638,2467,2011,456
E02005061,905,312,96,216,593,453,140
E02005062,1188,491,208,283,697,525,172
E02005063,1487,619,185,434,868,718,150
E02005064,1845,582,212,370,1263,948,315
E02005065,895,342,114,228,553,398,155
E02005066,2048,775,305,470,1273,923,350
E02005067,1132,427,188,239,705,487,218
E02005068,3895,958,359,599,2937,2166,771
E02005069,2421,686,259,427,1735,1388,347
E02005070,2885,798,318,480,2087,1716,371
E02005071,18372,5723,1970,3753,12649,10911,1738
E02005072,2394,909,365,544,1485,1167,318
E02005073,5128,1841,661,1180,3287,2671,616
E02005074,1767,681,281,400,1086,789,297
E02005075,6495,2110,532,1578,4385,3723,662
E02005076,2444,711,261,450,1733,1389,344
E02005077,2120,689,286,403,1431,1106,325
E02005078,4118,1008,362,646,3110,2279,831
E02005079,2996,818,320,498,2178,1742,436
E02005080,2408,880,278,602,1528,1228,300
E02005081,1997,645,265,380,1352,962,390
E02005082,6876,1636,552,1084,5240,4301,939
E02005083,2184,738,236,502,1446,1087,359
E02005084,2875,858,314,544,2017,1401,616
E02005085,3210,826,323,503,2384,1734,650
E02005086,2210,702,273,429,1508,1163,345
E02005087,1642,628,229,399,1014,771,243
E02005088,2805,1115,362,753,1690,1396,294
E02005089,2821,687,241,446,2134,1608,526
E02005090,1433,619,221,398,814,609,205
E02005091,2405,737,315,422,1668,1322,346
E02005093,2337,853,352,501,1484,1059,425
E02005094,4252,1369,541,828,2883,2303,580
E02005095,2720,840,362,478,1880,1440,440
E02005096,3630,1308,482,826,2322,1850,472
E02005097,2253,919,382,537,1334,954,380
E02005098,8018,2481,935,1546,5537,4490,1047
E02005099,4161,1226,444,782,2935,2250,685
E02005100,3869,1112,457,655,2757,2165,592
E02005101,2314,795,336,459,1519,1073,446
E02005102,1817,638,265,373,1179,833,346
E02005103,1524,549,201,348,975,694,281
E02005104,1910,510,159,351,1400,1067,333
E02005105,1354,493,156,337,861,669,192
E02005106,2324,779,247,532,1545,1198,347
E02005107,8767,2414,743,1671,6353,5117,1236
E02005109,3383,892,291,601,2491,2134,357
E02005110,2593,668,239,429,1925,1419,506
E02005111,2936,1192,434,758,1744,1421,323
E02005112,1703,565,182,383,1138,807,331
E02005113,2236,902,338,564,1334,1044,290
E02005114,2778,510,191,319,2268,1899,369
E02005115,2146,1047,363,684,1099,887,212
E02005116,3713,891,257,634,2822,2208,614
E02005117,1106,425,167,258,681,476,205
E02005118,1702,618,216,402,1084,810,274
E02005119,2162,487,168,319,1675,1293,382
E02005120,3117,865,239,626,2252,1865,387
E02005121,3428,633,197,436,2795,1986,809
E02005122,2377,639,253,386,1738,1353,385
E02005123,3931,1278,494,784,2653,2102,551
E02005124,8663,2288,743,1545,6375,5146,1229
E02005125,2506,572,198,374,1934,1471,463
E02005126,2040,744,290,454,1296,930,366
E02005127,4172,1428,507,921,2744,2245,499
E02005128,2452,657,228,429,1795,1343,452
E02005129,4556,1746,612,1134,2810,2252,558
E02005130,2505,868,329,539,1637,1133,504
E02005131,1863,583,236,347,1280,895,385
E02005132,3909,1420,404,1016,2489,2083,406
E02005133,1869,762,257,505,1107,853,254
E02005134,3209,1078,297,781,2131,1813,318
E02005135,4872,1433,351,1082,3439,2971,468
E02005136,1477,538,173,365,939,690,249
E02005137,1432,481,150,331,951,777,174
E02005138,2209,791,263,528,1418,1126,292
E02005139,1630,684,245,439,946,738,208
E02005140,1826,824,244,580,1002,806,196
E02005141,3322,1421,447,974,1901,1502,399
E02005142,7616,3004,1055,1949,4612,3928,684
E02005143,1472,578,167,411,894,696,198
E02005144,2177,684,214,470,1493,1223,270
E02005145,3563,882,273,609,2681,2127,554
E02005146,1734,481,126,355,1253,971,282
E02005147,4069,1644,499,1145,2425,1965,460
E02005148,1152,401,138,263,751,515,236
E02005149,3895,999,363,636,2896,2204,692
E02005150,4498,961,252,709,3537,2760,777
E02005151,4509,1463,511,952,3046,2394,652
E02005153,8705,2046,588,1458,6659,5362,1297
E02005154,4888,1479,579,900,3409,2664,745
E02005155,8457,1943,629,1314,6514,5494,1020
E02005156,2724,807,313,494,1917,1454,463
E02005157,1022,386,141,245,636,496,140
E02005158,2611,855,329,526,1756,1358,398
E02005159,1324,566,231,335,758,548,210
E02005160,9603,2929,1077,1852,6674,5351,1323
E02005161,3439,1081,364,717,2358,1870,488
E02005162,5436,1432,590,842,4004,3105,899
E02005163,2402,834,308,526,1568,1152,416
E02005164,4688,1282,531,751,3406,2732,674
E02005165,3001,1068,340,728,1933,1529,404
E02005166,1986,475,155,320,1511,1194,317
E02005167,2442,1060,428,632,1382,1031,351
E02005168,2636,774,260,514,1862,1440,422
E02005169,13687,4247,1431,2816,9440,8144,1296
E02005170,2591,936,338,598,1655,1328,327
E02005171,1693,531,195,336,1162,913,249
E02005172,3188,1075,412,663,2113,1583,530
E02005173,4357,1394,574,820,2963,2370,593
E02005174,3450,1250,465,785,2200,1645,555
E02005175,3428,1233,433,800,2195,1583,612
E02005176,2481,603,169,434,1878,1640,238
E02005177,4282,1226,218,1008,3056,2825,231
E02005178,10899,4148,1083,3065,6751,6134,617
E02005179,3228,929,237,692,2299,1855,444
E02005180,985,374,115,259,611,510,101
E02005181,1380,495,129,366,885,746,139
E02005182,2112,892,321,571,1220,1024,196
E02005183,721,255,65,190,466,387,79
E02005184,1288,353,128,225,935,761,174
E02005185,3215,858,212,646,2357,1994,363
E02005186,4540,791,204,587,3749,3240,509
E02005189,1255,490,131,359,765,645,120
E02005190,1919,658,269,389,1261,921,340
E02005191,1947,738,239,499,1209,1002,207
E02005192,1948,598,199,399,1350,1053,297
E02005193,2688,891,306,585,1797,1472,325
E02005194,4902,1490,401,1089,3412,2994,418
E02005195,3740,1316,456,860,2424,1963,461
E02005196,4702,1291,394,897,3411,2934,477
E02005197,2332,601,176,425,1731,1422,309
E02005198,7289,2552,782,1770,4737,4153,584
E02005199,2259,845,338,507,1414,1088,326
E02005200,1248,370,119,251,878,671,207
E02005201,2025,635,186,449,1390,1113,277
E02005202,3420,991,345,646,2429,1895,534
E02005203,5790,1219,361,858,4571,3765,806
E02005204,5248,1547,465,1082,3701,3022,679
E02005205,3323,621,245,376,2702,2344,358
E02005206,2770,697,174,523,2073,1820,253
E02005207,2009,522,175,347,1487,1274,213
E02005208,5830,2147,701,1446,3683,3095,588
E02005209,10156,1023,302,721,9133,8477,656
E02005210,2546,986,371,615,1560,1271,289
E02005211,5262,1683,554,1129,3579,3107,472
E02005212,2974,1005,301,704,1969,1609,360
E02005213,7265,1327,337,990,5938,5175,763
E02005214,2328,627,192,435,1701,1406,295
E02005215,3526,1178,266,912,2348,2058,290
E02005216,1869,422,115,307,1447,1264,183
E02005217,4613,1629,330,1299,2984,2657,327
E02005218,2274,930,242,688,1344,1140,204
E02005219,5159,1872,516,1356,3287,2867,420
E02005220,1164,358,103,255,806,632,174
E02005221,4072,1375,479,896,2697,2021,676
E02005222,2255,670,269,401,1585,942,643
E02005223,1876,751,269,482,1125,905,220
E02005224,1345,571,163,408,774,611,163
E02005225,2133,580,210,370,1553,1151,402
E02005226,4356,1782,479,1303,2574,2203,371
E02005228,920,373,119,254,547,414,133
E02005229,1404,665,220,445,739,555,184
E02005230,5075,1405,373,1032,3670,3069,601
E02005231,1488,594,181,413,894,717,177
E02005233,2575,696,198,498,1879,1631,248
E02005234,13773,5215,1697,3518,8558,7489,1069
E02005235,1503,594,242,352,909,742,167
E02005236,4650,1029,307,722,3621,2944,677
E02005237,2110,709,217,492,1401,1145,256
E02005238,996,415,159,256,581,477,104
E02005239,5845,1829,924,905,4016,3086,930
E02005240,1890,372,104,268,1518,1329,189
E02005241,1576,581,180,401,995,839,156
E02005242,2438,601,170,431,1837,1571,266
E02005243,1581,703,184,519,878,750,128
E02005244,2320,921,301,620,1399,1173,226
E02005245,1942,486,164,322,1456,1141,315
E02005246,4190,1393,476,917,2797,2455,342
E02005247,2890,986,349,637,1904,1518,386
E02005248,3640,1260,283,977,2380,2076,304
E02005249,2903,697,173,524,2206,1994,212
E02005250,3720,1411,326,1085,2309,2047,262
E02005251,1254,409,111,298,845,699,146
E02005252,4258,1028,266,762,3230,2742,488
E02005253,2325,639,224,415,1686,1216,470
E02005254,2796,893,364,529,1903,1441,462
E02005255,1729,628,204,424,1101,903,198
E02005256,15697,3860,851,3009,11837,10535,1302
E02005257,774,314,68,246,460,397,63
E02005258,3385,1218,317,901,2167,1896,271
E02005259,4317,1476,529,947,2841,2360,481
E02005260,1394,533,154,379,861,711,150
E02005261,4174,904,232,672,3270,2730,540
E02005262,6533,1521,474,1047,5012,4305,707
E02005263,2547,854,243,611,1693,1435,258
E02005264,9296,2427,816,1611,6869,5984,885
E02005265,1852,629,158,471,1223,1030,193
E02005266,3686,1057,268,789,2629,2262,367
E02005267,2904,848,259,589,2056,1849,207
E02005268,2631,836,184,652,1795,1617,178
E02005269,21048,7181,2280,4901,13867,12594,1273
E02005270,3282,982,432,550,2300,1535,765
E02005271,5249,1451,405,1046,3798,3141,657
E02005272,2568,1076,366,710,1492,1237,255
E02005273,1758,626,287,339,1132,770,362
E02005274,2968,863,304,559,2105,1713,392
E02005275,2690,866,312,554,1824,1428,396
E02005276,4094,1239,414,825,2855,2379,476
E02005277,7206,991,409,582,6215,5648,567
E02005278,1680,472,156,316,1208,926,282
E02005279,4985,1205,294,911,3780,3182,598
E02005280,2418,841,230,611,1577,1263,314
E02005281,4449,1471,432,1039,2978,2620,358
E02005284,1467,447,169,278,1020,825,195
E02005285,3327,867,298,569,2460,2075,385
E02005286,1775,613,208,405,1162,898,264
E02005287,1653,650,205,445,1003,802,201
E02005288,2452,572,220,352,1880,1507,373
E02005289,1057,454,168,286,603,491,112
E02005290,2230,928,404,524,1302,1028,274
E02005291,1029,341,106,235,688,493,195
E02005292,822,300,85,215,522,431,91
E02005293,2754,1060,372,688,1694,1398,296
E02005294,9847,1537,459,1078,8310,7016,1294
E02005295,1809,564,179,385,1245,1062,183
E02005296,2210,706,241,465,1504,1208,296
E02005297,2094,727,278,449,1367,974,393
E02005298,6217,1219,352,867,4998,4151,847
E02005299,4308,1422,419,1003,2886,2400,486
E02005300,3354,549,155,394,2805,2381,424
E02005301,3256,1269,347,922,1987,1705,282
E02005302,2860,749,245,504,2111,1761,350
E02005303,1117,402,106,296,715,584,131
E02005304,2593,866,330,536,1727,1236,491
E02005305,2671,771,282,489,1900,1318,582
E02005306,2857,937,355,582,1920,1497,423
E02005307,3684,997,335,662,2687,2097,590
E02005308,3459,1226,403,823,2233,1784,449
E02005309,1466,429,136,293,1037,842,195
E02005310,8270,3375,1177,2198,4895,4265,630
E02005311,2804,609,232,377,2195,1731,464
E02005312,2927,581,187,394,2346,1998,348
E02005313,5735,1726,473,1253,4009,3454,555
E02005314,3202,760,183,577,2442,2083,359
E02005315,1437,601,228,373,836,624,212
E02005316,1631,515,97,418,1116,1007,109
E02005317,909,382,101,281,527,418,109
E02005318,5865,901,267,634,4964,4179,785
E02005319,4205,1589,419,1170,2616,2148,468
E02005320,940,408,118,290,532,410,122
E02005321,1758,536,117,419,1222,1047,175
E02005322,2215,839,317,522,1376,987,389
E02005323,2361,850,288,562,1511,1270,241
E02005324,3901,1247,474,773,2654,2016,638
E02005325,3296,1231,488,743,2065,1609,456
E02005326,3062,1300,446,854,1762,1427,335
E02005327,2235,629,255,374,1606,1119,487
E02005328,3062,916,197,719,2146,1994,152
E02005329,3230,820,260,560,2410,2036,374
E02005330,1459,518,172,346,941,743,198
E02005331,4829,1572,529,1043,3257,2680,577
E02005332,1177,437,180,257,740,571,169
E02005334,1032,384,124,260,648,512,136
E02005335,2875,828,311,517,2047,1640,407
E02005336,6509,1182,283,899,5327,4453,874
E02005337,2059,735,281,454,1324,1093,231
E02005338,15985,4506,1451,3055,11479,10049,1430
E02005339,4465,1139,304,835,3326,2873,453
E02005340,3553,1111,349,762,2442,2032,410
E02005341,3923,857,303,554,3066,2532,534
E02005342,2025,598,240,358,1427,1075,352
E02005343,1592,618,230,388,974,748,226
E02005344,2148,714,287,427,1434,997,437
E02005345,1400,498,165,333,902,723,179
E02005346,12382,2562,795,1767,9820,8292,1528
E02005347,7182,3057,1196,1861,4125,3583,542
E02005348,1068,388,156,232,680,527,153
E02005349,2219,620,214,406,1599,1337,262
E02005350,2946,685,246,439,2261,1804,457
E02005351,4368,1647,805,842,2721,2261,460
E02005352,2722,740,305,435,1982,1437,545
E02005353,4008,1540,490,1050,2468,2073,395
E02005354,2585,632,213,419,1953,1614,339
E02005355,1929,624,227,397,1305,1022,283
E02005356,2777,1002,338,664,1775,1327,448
E02005357,1837,521,151,370,1316,1024,292
E02005358,2060,724,273,451,1336,1038,298
E02005359,1712,493,214,279,1219,920,299
E02005360,1865,756,342,414,1109,809,300
E02005361,4205,1085,349,736,3120,2485,635
E02005362,1223,413,121,292,810,628,182
E02005363,1109,400,164,236,709,562,147
E02005364,1435,580,199,381,855,691,164
E02005365,5306,1564,498,1066,3742,3168,574
E02005366,1518,534,190,344,984,789,195
E02005368,1833,654,272,382,1179,745,434
E02005369,3101,1213,472,741,1888,1434,454
E02005370,2299,731,276,455,1568,1171,397
E02005371,3622,1161,481,680,2461,1854,607
E02005372,11105,1795,619,1176,9310,7528,1782
E02005373,2899,974,361,613,1925,1542,383
E02005374,5654,1824,647,1177,3830,3187,643
E02005375,3677,1255,457,798,2422,1975,447
E02005376,6706,1982,674,1308,4724,3829,895
E02005377,2678,767,257,510,1911,1366,545
E02005378,1627,365,137,228,1262,1044,218
E02005379,1326,452,171,281,874,644,230
E02005380,3374,1151,460,691,2223,1618,605
E02005381,3796,995,394,601,2801,2259,542
E02005382,2262,826,290,536,1436,1146,290
E02005383,2717,722,241,481,1995,1613,382
E02005384,2912,977,368,609,1935,1497,438
E02005385,2953,964,304,660,1989,1678,311
E02005386,5951,2343,722,1621,3608,3074,534
E02005387,5690,1027,298,729,4663,3762,901
E02005388,2693,732,220,512,1961,1704,257
E02005389,1151,470,171,299,681,530,151
E02005390,3384,897,325,572,2487,2076,411
E02005391,3209,1050,460,590,2159,1468,691
E02005392,3581,969,332,637,2612,2175,437
E02005393,3026,863,329,534,2163,1606,557
E02005394,5054,1483,470,1013,3571,3031,540
E02005395,4037,1584,607,977,2453,2034,419
E02005396,3200,948,381,567,2252,1580,672
E02005397,11289,2267,539,1728,9022,7557,1465
E02005398,4406,1000,348,652,3406,2875,531
E02005399,7125,1908,615,1293,5217,4236,981
E02005400,1594,540,194,346,1054,839,215
E02005401,2054,680,245,435,1374,1047,327
E02005402,1327,474,175,299,853,646,207
E02005403,1173,409,144,265,764,594,170
E02005404,2134,557,200,357,1577,1197,380
E02005405,1440,612,165,447,828,661,167
E02005406,7469,2244,729,1515,5225,4361,864
E02005407,3008,634,219,415,2374,1790,584
E02005408,2882,780,298,482,2102,1633,469
E02005409,7810,1218,364,854,6592,5287,1305
E02005412,4190,1527,558,969,2663,2229,434
E02005414,5432,1656,437,1219,3776,3297,479
E02005415,4973,1141,339,802,3832,3336,496
E02005416,1200,428,167,261,772,601,171
E02005417,3381,730,219,511,2651,1836,815
E02005418,2434,872,172,700,1562,1372,190
E02005419,11486,4445,1208,3237,7041,6045,996
E02005420,902,332,94,238,570,480,90
E02005422,2157,534,190,344,1623,976,647
E02005423,2943,825,266,559,2118,1578,540
E02005424,2171,854,324,530,1317,899,418
E02005425,2380,738,237,501,1642,1299,343
E02005426,4348,1124,304,820,3224,2690,534
E02005427,4041,1886,647,1239,2155,1775,380
E02005428,2412,987,291,696,1425,1092,333
E02005429,1112,491,154,337,621,461,160
E02005430,1902,634,255,379,1268,782,486
E02005431,2738,957,324,633,1781,1237,544
E02005432,2610,881,319,562,1729,1166,563
E02005433,2709,760,225,535,1949,1502,447
E02005434,3531,1224,404,820,2307,1836,471
E02005435,1754,552,161,391,1202,924,278
E02005436,2932,992,304,688,1940,1514,426
E02005437,4822,1844,457,1387,2978,2400,578
E02005438,1790,756,211,545,1034,846,188
E02005439,6774,1507,553,954,5267,4301,966
E02005440,1361,451,144,307,910,625,285
E02005441,2306,687,240,447,1619,999,620
E02005442,769,290,92,198,479,399,80
E02005443,1828,813,276,537,1015,859,156
E02005444,9689,3457,972,2485,6232,5432,800
E02005445,8371,2713,910,1803,5658,4676,982
E02005446,11581,4116,1537,2579,7465,6548,917
E02005447,9069,2591,826,1765,6478,5701,777
E02005448,1017,457,111,346,560,432,128
E02005449,4364,1435,547,888,2929,2467,462
E02005450,3798,888,281,607,2910,2435,475
E02005451,2171,815,277,538,1356,1134,222
E02005452,2393,1039,297,742,1354,1100,254
E02005453,2117,737,278,459,1380,1077,303
E02005455,5545,1509,524,985,4036,2996,1040
E02005456,5828,916,359,557,4912,4012,900
E02005457,1963,697,241,456,1266,917,349
E02005458,2127,676,243,433,1451,1020,431
E02005459,2053,660,258,402,1393,962,431
E02005460,4046,578,213,365,3468,2902,566
E02005461,1953,625,244,381,1328,984,344
E02005462,6789,2348,740,1608,4441,3652,789
E02005463,1451,445,159,286,1006,765,241
E02005464,3846,728,266,462,3118,2370,748
E02005465,2457,724,271,453,1733,1119,614
E02005466,3136,590,179,411,2546,2040,506
E02005467,2102,808,283,525,1294,970,324
E02005468,2544,621,223,398,1923,1292,631
E02005469,6735,1234,373,861,5501,3974,1527
E02005470,7931,2213,701,1512,5718,4693,1025
E02005471,4328,1210,423,787,3118,2539,579
E02005472,4474,1097,394,703,3377,2602,775
E02005473,1596,502,179,323,1094,775,319
E02005474,2092,563,208,355,1529,1089,440
E02005475,1466,490,176,314,976,681,295
E02005476,3006,882,373,509,2124,1563,561
E02005477,3601,1037,384,653,2564,1909,655
E02005478,3017,1233,335,898,1784,1438,346
E02005479,6768,2402,697,1705,4366,3813,553
E02005480,2472,680,185,495,1792,1548,244
E02005481,6481,1952,588,1364,4529,3807,722
E02005482,3676,859,362,497,2817,2121,696
E02005483,1844,585,220,365,1259,882,377
E02005484,2663,684,260,424,1979,1432,547
E02005485,2286,926,271,655,1360,1120,240
E02005486,4348,1292,487,805,3056,2445,611
E02005487,2689,827,351,476,1862,1313,549
E02005488,3424,1024,359,665,2400,1977,423
E02005489,1626,578,240,338,1048,788,260
E02005490,1990,753,260,493,1237,979,258
E02005491,7332,2656,1017,1639,4676,3816,860
E02005492,3319,1042,409,633,2277,1639,638
E02005493,2325,837,328,509,1488,1107,381
E02005494,3469,1236,470,766,2233,1625,608
E02005495,5538,2185,713,1472,3353,2801,552
E02005496,2229,705,301,404,1524,1018,506
E02005497,2667,712,191,521,1955,1655,300
E02005498,1717,563,243,320,1154,800,354
E02005499,2073,692,277,415,1381,943,438
E02005500,2691,725,284,441,1966,1522,444
E02005501,3072,920,370,550,2152,1764,388
E02005502,1975,631,239,392,1344,941,403
E02005503,2359,709,262,447,1650,1040,610
E02005504,2595,858,334,524,1737,1103,634
E02005505,1735,665,214,451,1070,815,255
E02005506,1398,486,173,313,912,639,273
E02005507,6582,2608,917,1691,3974,3233,741
E02005508,1891,566,235,331,1325,842,483
E02005509,3134,1201,386,815,1933,1565,368
E02005510,1319,511,208,303,808,522,286
E02005511,2707,861,282,579,1846,1468,378
E02005512,3127,849,308,541,2278,1668,610
E02005513,4330,1238,406,832,3092,2470,622
E02005514,2385,563,229,334,1822,1307,515
E02005515,2763,729,284,445,2034,1441,593
E02005516,2825,865,319,546,1960,1343,617
E02005517,4155,660,179,481,3495,2680,815
E02005518,3121,1217,371,846,1904,1533,371
E02005519,4061,902,295,607,3159,2644,515
E02005520,3158,1143,431,712,2015,1676,339
E02005521,4144,1067,417,650,3077,2311,766
E02005522,1459,595,276,319,864,618,246
E02005523,2344,651,212,439,1693,1250,443
E02005524,1201,436,166,270,765,605,160
E02005525,2300,864,330,534,1436,1065,371
E02005526,1618,580,207,373,1038,779,259
E02005527,2989,864,310,554,2125,1648,477
E02005528,1414,626,251,375,788,614,174
E02005529,3405,905,252,653,2500,2183,317
E02005530,2737,1113,353,760,1624,1281,343
E02005531,1239,457,139,318,782,609,173
E02005532,4889,1474,528,946,3415,2913,502
E02005533,1934,705,314,391,1229,897,332
E02005534,1325,499,172,327,826,642,184
E02005535,4247,1260,397,863,2987,2689,298
E02005536,4984,1019,308,711,3965,3447,518
E02005537,1877,751,279,472,1126,820,306
E02005538,1986,824,301,523,1162,833,329
E02005539,1938,724,283,441,1214,833,381
E02005540,2016,879,287,592,1137,874,263
E02005541,1613,590,160,430,1023,840,183
E02005542,5706,2348,709,1639,3358,2876,482
E02005543,5809,1665,415,1250,4144,3384,760
E02005544,5529,1751,557,1194,3778,3069,709
E02005545,3588,620,187,433,2968,2407,561
E02005546,1692,760,238,522,932,752,180
E02005547,3153,1260,396,864,1893,1512,381
E02005548,4229,1680,373,1307,2549,2245,304
E02005549,1221,481,199,282,740,549,191
E02005550,1480,634,241,393,846,698,148
E02005551,2201,879,270,609,1322,992,330
E02005552,3305,1050,404,646,2255,1715,540
E02005553,2043,842,303,539,1201,869,332
E02005554,1698,679,260,419,1019,773,246
E02005555,1340,641,269,372,699,530,169
E02005556,1046,405,143,262,641,498,143
E02005557,3155,644,187,457,2511,2134,377
E02005558,1604,575,217,358,1029,733,296
E02005559,3965,1563,399,1164,2402,2087,315
E02005560,3914,1286,296,990,2628,2254,374
E02005561,15562,4455,1472,2983,11107,9486,1621
E02005562,2233,629,252,377,1604,1237,367
E02005563,2273,646,221,425,1627,1094,533
E02005564,6607,837,329,508,5770,4653,1117
E02005565,1345,490,182,308,855,576,279
E02005566,2447,863,348,515,1584,1121,463
E02005567,3209,1282,462,820,1927,1490,437
E02005568,2487,804,321,483,1683,1131,552
E02005569,3079,730,261,469,2349,1752,597
E02005570,2597,1067,370,697,1530,1224,306
E02005571,2426,874,345,529,1552,1151,401
E02005572,3810,1472,451,1021,2338,1994,344
E02005573,3515,1347,499,848,2168,1674,494
E02005574,1783,691,250,441,1092,803,289
E02005575,2000,730,277,453,1270,876,394
E02005576,1792,633,240,393,1159,858,301
E02005577,1549,508,203,305,1041,758,283
E02005578,2034,576,230,346,1458,1076,382
E02005579,4793,1730,596,1134,3063,2501,562
E02005580,4799,1470,474,996,3329,2759,570
E02005581,2348,666,265,401,1682,1328,354
E02005582,2334,989,349,640,1345,1029,316
E02005583,3852,1380,542,838,2472,1948,524
E02005584,10888,2292,739,1553,8596,7183,1413
E02005585,3756,937,296,641,2819,2390,429
E02005586,1968,742,234,508,1226,979,247
E02005587,2260,728,229,499,1532,1294,238
E02005588,3379,852,267,585,2527,2190,337
E02005589,3165,1014,283,731,2151,1824,327
E02005590,26581,8887,3166,5721,17694,15615,2079
E02005592,2087,989,361,628,1098,869,229
E02005593,5171,1938,960,978,3233,2564,669
E02005594,5405,1938,658,1280,3467,3006,461
E02005595,2369,1096,487,609,1273,1015,258
E02005596,6347,1858,530,1328,4489,3961,528
E02005597,3763,1332,454,878,2431,1828,603
E02005598,10625,3491,872,2619,7134,6131,1003
E02005599,1584,558,208,350,1026,810,216
E02005600,2378,703,264,439,1675,1071,604
E02005601,1691,776,275,501,915,719,196
E02005602,4157,1309,528,781,2848,2216,632
E02005603,5824,1444,499,945,4380,3557,823
E02005604,2673,996,377,619,1677,1214,463
E02005605,3675,927,375,552,2748,2223,525
E02005606,2007,630,254,376,1377,1055,322
E02005607,3749,1285,458,827,2464,1829,635
E02005608,1894,700,299,401,1194,827,367
E02005609,2400,868,339,529,1532,1064,468
E02005610,2660,778,311,467,1882,1354,528
E02005611,5287,1778,672,1106,3509,2852,657
E02005612,7613,1134,325,809,6479,5674,805
E02005613,1067,384,110,274,683,530,153
E02005614,12159,2320,676,1644,9839,8260,1579
E02005615,1825,704,180,524,1121,906,215
E02005616,3778,1552,472,1080,2226,1969,257
E02005617,1080,418,99,319,662,540,122
E02005619,1843,623,254,369,1220,847,373
E02005620,3773,903,346,557,2870,2125,745
E02005621,7699,1263,442,821,6436,5093,1343
E02005622,3614,1159,500,659,2455,1819,636
E02005623,3350,1059,418,641,2291,1727,564
E02005624,3323,707,241,466,2616,2048,568
E02005625,5826,1804,553,1251,4022,3387,635
E02005626,4522,722,222,500,3800,3242,558
E02005627,2409,758,291,467,1651,1213,438
E02005628,2291,757,293,464,1534,1105,429
E02005629,2113,619,227,392,1494,1050,444
E02005630,4816,1521,656,865,3295,2525,770
E02005631,4443,1113,458,655,3330,2594,736
E02005632,1662,592,259,333,1070,785,285
E02005633,2562,773,276,497,1789,1378,411
E02005634,2608,770,279,491,1838,1418,420
E02005635,2426,693,264,429,1733,1248,485
E02005636,5979,1575,555,1020,4404,3617,787
E02005637,3041,1183,364,819,1858,1499,359
E02005638,1478,487,167,320,991,693,298
E02005639,2701,774,295,479,1927,1498,429
E02005640,3022,787,283,504,2235,1885,350
E02005641,1949,744,260,484,1205,939,266
E02005642,1730,652,216,436,1078,856,222
E02005643,1250,413,140,273,837,629,208
E02005644,4308,1484,446,1038,2824,2364,460
E02005645,13932,4202,1103,3099,9730,8337,1393
E02005646,1272,493,188,305,779,599,180
E02005647,6387,1776,527,1249,4611,3851,760
E02005648,1403,469,170,299,934,711,223
E02005649,4336,1078,375,703,3258,2509,749
E02005650,2287,787,299,488,1500,1228,272
E02005651,10659,2100,478,1622,8559,7418,1141
E02005652,1362,583,202,381,779,623,156
E02005653,3254,649,183,466,2605,2165,440
E02005654,769,251,84,167,518,415,103
E02005655,1934,760,206,554,1174,964,210
E02005656,2155,985,368,617,1170,982,188
E02005657,2623,798,314,484,1825,1483,342
E02005658,1005,408,140,268,597,465,132
E02005659,570,206,71,135,364,275,89
E02005660,2519,740,303,437,1779,1378,401
E02005661,948,382,116,266,566,428,138
E02005662,1787,719,278,441,1068,862,206
E02005663,668,177,61,116,491,358,133
E02005664,2560,797,280,517,1763,1469,294
E02005665,1253,358,128,230,895,656,239
E02005666,2571,679,208,471,1892,1541,351
E02005667,3971,677,159,518,3294,2684,610
E02005668,1277,406,140,266,871,673,198
E02005669,822,305,117,188,517,389,128
E02005670,9541,2616,874,1742,6925,5925,1000
E02005671,2710,895,267,628,1815,1520,295
E02005672,3727,1289,520,769,2438,2066,372
E02005673,5263,1651,677,974,3612,2905,707
E02005674,18201,5623,1536,4087,12578,11192,1386
E02005675,1187,282,91,191,905,744,161
E02005676,1524,502,136,366,1022,845,177
E02005677,21113,3232,886,2346,17881,15050,2831
E02005678,5582,1147,299,848,4435,3683,752
E02005679,3396,917,327,590,2479,2151,328
E02005680,1540,557,219,338,983,728,255
E02005681,2709,871,366,505,1838,1321,517
E02005682,2060,708,272,436,1352,945,407
E02005683,4661,1253,453,800,3408,2541,867
E02005684,4399,1330,579,751,3069,2448,621
E02005685,2907,917,326,591,1990,1513,477
E02005686,3323,912,376,536,2411,1869,542
E02005687,2420,673,291,382,1747,1122,625
E02005688,2623,816,319,497,1807,1299,508
E02005689,1592,496,205,291,1096,790,306
E02005690,4776,1115,393,722,3661,2820,841
E02005691,2853,667,280,387,2186,1573,613
E02005692,1610,497,192,305,1113,792,321
E02005693,5026,918,299,619,4108,3324,784
E02005694,2248,521,167,354,1727,1340,387
E02005695,3201,907,243,664,2294,1789,505
E02005696,3988,619,143,476,3369,2752,617
E02005697,5864,2238,713,1525,3626,3109,517
E02005698,923,380,134,246,543,430,113
E02005699,3623,1024,372,652,2599,2255,344
E02005700,3528,971,375,596,2557,2044,513
E02005701,4340,1036,360,676,3304,2640,664
E02005702,3013,728,263,465,2285,1799,486
E02005703,4219,1540,409,1131,2679,2275,404
E02005704,3016,1111,405,706,1905,1409,496
E02005705,2454,871,330,541,1583,1047,536
E02005706,4876,1780,495,1285,3096,2653,443
E02005707,2147,761,253,508,1386,1010,376
E02005708,4032,1347,463,884,2685,1794,891
E02005709,2969,662,168,494,2307,2069,238
E02005710,5555,2128,516,1612,3427,2996,431
E02005711,917,337,108,229,580,437,143
E02005712,1602,726,183,543,876,689,187
E02005713,676,222,81,141,454,339,115
E02005714,664,245,75,170,419,337,82
E02005715,9852,2344,694,1650,7508,6563,945
E02005716,1321,461,139,322,860,698,162
E02005717,1038,367,131,236,671,497,174
E02005718,2138,543,159,384,1595,1283,312
E02005719,2285,609,187,422,1676,1396,280
E02005720,3058,966,258,708,2092,1696,396
E02005721,1813,583,205,378,1230,1053,177
E02005722,4517,1303,490,813,3214,2637,577
E02005723,4367,1614,505,1109,2753,2330,423
E02005724,3387,986,309,677,2401,2170,231
E02005725,6302,1510,525,985,4792,4177,615
E02005726,2239,620,253,367,1619,1115,504
E02005727,2660,737,307,430,1923,1238,685
E02005728,2219,679,222,457,1540,1027,513
E02005729,1849,682,232,450,1167,888,279
E02005730,7425,2865,908,1957,4560,3877,683
E02005731,4115,1035,324,711,3080,2514,566
E02005732,4227,1230,466,764,2997,2407,590
E02005733,2933,1017,420,597,1916,1276,640
E02005734,1585,404,120,284,1181,963,218
E02005735,4589,1906,488,1418,2683,2390,293
E02005736,3224,1108,272,836,2116,1839,277
E02005737,1884,542,171,371,1342,1123,219
E02005738,1846,478,128,350,1368,1185,183
E02005739,1866,576,159,417,1290,1046,244
E02005740,2372,737,194,543,1635,1338,297
E02005741,2435,828,205,623,1607,1371,236
E02005742,2798,875,348,527,1923,1307,616
E02005743,3133,977,360,617,2156,1567,589
E02005744,3186,1100,392,708,2086,1340,746
E02005745,2035,705,298,407,1330,879,451
E02005746,4320,1756,659,1097,2564,2153,411
E02005747,4933,1404,483,921,3529,2930,599
E02005748,2854,744,236,508,2110,1651,459
E02005749,4018,1025,381,644,2993,2315,678
E02005750,4277,1434,545,889,2843,2250,593
E02005751,2285,793,354,439,1492,993,499
E02005752,1831,560,265,295,1271,728,543
E02005753,12844,3990,1137,2853,8854,7768,1086
E02005754,2713,653,235,418,2060,1506,554
E02005755,2438,901,294,607,1537,1087,450
E02005756,5364,838,357,481,4526,3470,1056
E02005757,3604,1318,459,859,2286,1766,520
E02005758,4854,960,349,611,3894,2664,1230
E02005759,5495,1866,706,1160,3629,2765,864
E02005760,2936,663,260,403,2273,1674,599
E02005761,2504,733,316,417,1771,1153,618
E02005762,3239,982,328,654,2257,1609,648
E02005763,4564,982,400,582,3582,2349,1233
E02005764,4396,1378,439,939,3018,2386,632
E02005765,2565,851,331,520,1714,1188,526
E02005766,2428,823,337,486,1605,1027,578
E02005767,2084,606,237,369,1478,1032,446
E02005768,2651,613,213,400,2038,1432,606
E02005769,2730,1132,373,759,1598,1258,340
E02005770,1602,568,203,365,1034,818,216
E02005771,1686,524,170,354,1162,918,244
E02005772,3416,847,332,515,2569,2025,544
E02005773,6473,1986,516,1470,4487,3793,694
E02005774,2422,755,215,540,1667,1344,323
E02005775,10795,3816,1429,2387,6979,5841,1138
E02005776,4033,960,375,585,3073,2232,841
E02005777,6026,1751,562,1189,4275,3583,692
E02005778,5273,1081,395,686,4192,3353,839
E02005779,5850,2093,730,1363,3757,3136,621
E02005780,5722,1362,491,871,4360,3650,710
E02005781,1670,578,254,324,1092,752,340
E02005782,2845,855,352,503,1990,1324,666
E02005783,3965,1365,444,921,2600,2047,553
E02005784,2832,521,187,334,2311,1541,770
E02005785,11433,1738,490,1248,9695,5484,4211
E02005786,3183,899,356,543,2284,1362,922
E02005787,3544,1116,446,670,2428,1567,861
E02005788,2893,914,347,567,1979,1408,571
E02005789,4770,1605,600,1005,3165,2480,685
E02005790,3413,1163,433,730,2250,1460,790
E02005791,2877,671,257,414,2206,1563,643
E02005794,5359,1323,496,827,4036,3057,979
E02005795,3518,1567,470,1097,1951,1565,386
E02005796,2270,831,325,506,1439,860,579
E02005797,2153,914,320,594,1239,965,274
E02005798,2989,1050,405,645,1939,1372,567
E02005799,1938,802,230,572,1136,961,175
E02005800,5809,2208,682,1526,3601,2961,640
E02005801,900,411,111,300,489,370,119
E02005802,3050,1162,277,885,1888,1560,328
E02005803,5328,1867,447,1420,3461,3006,455
E02005804,5516,2443,726,1717,3073,2576,497
E02005805,2967,705,258,447,2262,1816,446
E02005806,1675,590,169,421,1085,857,228
E02005807,4513,1172,381,791,3341,2771,570
E02005808,3493,1297,402,895,2196,1628,568
E02005809,3461,879,308,571,2582,2087,495
E02005810,2511,799,342,457,1712,1192,520
E02005811,2854,925,327,598,1929,1390,539
E02005812,5376,1138,355,783,4238,3295,943
E02005813,7624,2718,837,1881,4906,4214,692
E02005814,1391,502,135,367,889,693,196
E02005815,2219,665,256,409,1554,1188,366
E02005816,3147,671,235,436,2476,1934,542
E02005817,1622,585,204,381,1037,773,264
E02005818,5271,834,279,555,4437,3305,1132
E02005819,1287,433,124,309,854,656,198
E02005820,646,210,54,156,436,322,114
E02005821,5150,953,241,712,4197,3442,755
E02005822,9064,2903,610,2293,6161,5384,777
E02005823,4027,1650,480,1170,2377,2034,343
E02005824,3336,688,242,446,2648,2237,411
E02005825,4216,777,221,556,3439,2828,611
E02005826,2405,891,240,651,1514,1346,168
E02005827,2820,745,294,451,2075,1569,506
E02005828,8012,1163,299,864,6849,6011,838
E02005829,1090,421,145,276,669,507,162
E02005830,1216,409,166,243,807,584,223
E02005831,1781,539,186,353,1242,994,248
E02005832,3760,1494,433,1061,2266,1912,354
E02005833,1324,458,155,303,866,647,219
E02005834,2959,480,158,322,2479,2127,352
E02005835,3530,991,319,672,2539,1857,682
E02005836,3396,782,327,455,2614,1884,730
E02005837,3054,932,321,611,2122,1630,492
E02005838,2206,649,209,440,1557,1239,318
E02005839,2724,896,244,652,1828,1499,329
E02005840,1647,583,193,390,1064,829,235
E02005842,2595,992,334,658,1603,1271,332
E02005843,5392,1318,378,940,4074,3437,637
E02005844,3216,1245,399,846,1971,1598,373
E02005846,2780,942,247,695,1838,1551,287
E02005847,5139,2131,616,1515,3008,2627,381
E02005848,6185,1425,388,1037,4760,4068,692
E02005849,6439,1441,518,923,4998,3983,1015
E02005850,1854,470,161,309,1384,1087,297
E02005851,2956,957,282,675,1999,1674,325
E02005852,3086,1166,489,677,1920,1619,301
E02005853,2583,763,265,498,1820,1486,334
E02005856,1569,583,248,335,986,772,214
E02005857,989,342,102,240,647,538,109
E02005858,1011,352,136,216,659,523,136
E02005859,3115,1027,335,692,2088,1606,482
E02005860,6461,2288,761,1527,4173,3622,551
E02005861,2841,483,160,323,2358,1995,363
E02005862,1887,440,154,286,1447,1092,355
E02005863,3329,1107,438,669,2222,1784,438
E02005864,3014,1092,418,674,1922,1637,285
E02005865,4584,1338,455,883,3246,2645,601
E02005866,2765,953,345,608,1812,1419,393
E02005868,952,318,96,222,634,473,161
E02005869,3251,1451,431,1020,1800,1521,279
E02005870,3198,1104,313,791,2094,1753,341
E02005871,1316,475,179,296,841,628,213
E02005872,1423,575,235,340,848,643,205
E02005873,2759,1085,364,721,1674,1407,267
E02005874,1795,727,256,471,1068,847,221
E02005875,1186,428,149,279,758,606,152
E02005876,2024,709,206,503,1315,1015,300
E02005877,1083,356,97,259,727,568,159
E02005878,2501,999,326,673,1502,1240,262
E02005879,6531,1375,400,975,5156,4281,875
E02005880,843,275,107,168,568,356,212
E02005881,1616,642,224,418,974,752,222
E02005882,1051,324,132,192,727,534,193
E02005883,2590,727,219,508,1863,1447,416
E02005884,1968,768,234,534,1200,957,243
E02005885,1766,496,154,342,1270,1001,269
E02005886,2996,1095,340,755,1901,1564,337
E02005887,10999,4233,1314,2919,6766,5949,817
E02005888,2765,979,316,663,1786,1467,319
E02005889,2126,765,246,519,1361,1136,225
E02005890,1396,422,129,293,974,805,169
E02005891,3558,953,254,699,2605,2166,439
E02005892,7313,1831,595,1236,5482,4642,840
E02005893,4895,1712,524,1188,3183,2651,532
E02005894,2917,882,308,574,2035,1559,476
E02005895,3355,886,363,523,2469,1715,754
E02005896,3067,747,307,440,2320,1820,500
E02005897,4714,1674,662,1012,3040,2383,657
E02005898,2829,947,323,624,1882,1472,410
E02005899,13265,3585,1107,2478,9680,8264,1416
E02005900,3004,1192,524,668,1812,1377,435
E02005901,3487,1174,383,791,2313,1888,425
E02005902,1287,446,155,291,841,631,210
E02005903,1976,774,246,528,1202,887,315
E02005904,3151,911,311,600,2240,1696,544
E02005905,2991,1052,431,621,1939,1531,408
E02005906,2661,975,367,608,1686,1329,357
E02005907,2816,1040,367,673,1776,1400,376
E02005908,2267,835,309,526,1432,1045,387
E02005909,1972,744,279,465,1228,1022,206
E02005910,8513,2811,978,1833,5702,4977,725
E02005911,2272,923,345,578,1349,1084,265
E02005912,4537,1586,511,1075,2951,2500,451
E02005913,1791,696,293,403,1095,856,239
E02005914,1723,616,206,410,1107,897,210
E02005915,2509,685,284,401,1824,1324,500
E02005916,4133,950,276,674,3183,2789,394
E02005917,2795,730,268,462,2065,1623,442
E02005918,1335,519,205,314,816,657,159
E02005919,4787,969,349,620,3818,3061,757
E02005920,1831,676,272,404,1155,838,317
E02005921,1904,638,256,382,1266,873,393
E02005922,1261,401,137,264,860,636,224
E02005923,4966,1061,355,706,3905,3408,497
E02005924,14431,3716,1362,2354,10715,8809,1906
E02005925,751,304,105,199,447,339,108
E02005926,4149,1329,367,962,2820,2309,511
E02005927,2620,1094,299,795,1526,1316,210
E02005928,3554,1168,368,800,2386,1949,437
E02005929,2272,730,291,439,1542,1069,473
E02005930,2845,853,324,529,1992,1423,569
E02005931,3693,787,303,484,2906,1966,940
E02005932,1066,389,136,253,677,501,176
E02005933,5472,1024,312,712,4448,3543,905
E02005934,1823,533,190,343,1290,1014,276
E02005935,5786,2135,871,1264,3651,3103,548
E02005936,4739,1219,425,794,3520,2814,706
E02005937,1837,624,214,410,1213,968,245
E02005938,863,302,129,173,561,463,98
E02005939,7771,1431,443,988,6340,5258,1082
E02005940,1770,472,170,302,1298,1107,191
E02005941,2968,915,333,582,2053,1556,497
E02005942,2976,1092,364,728,1884,1439,445
E02005943,952,400,158,242,552,451,101
E02005944,843,304,94,210,539,444,95
E02005945,12837,3585,984,2601,9252,7684,1568
E02005946,2051,602,229,373,1449,1136,313
E02005947,28064,8375,3444,4931,19689,16026,3663
E02005948,6708,1457,501,956,5251,4637,614
E02005949,6871,1717,477,1240,5154,4380,774
E02005950,4593,1816,706,1110,2777,2281,496
E02005951,990,390,159,231,600,447,153
E02005952,12371,1900,570,1330,10471,9131,1340
E02005953,1238,493,182,311,745,573,172
E02005954,6319,1698,471,1227,4621,4096,525
E02005955,5035,1122,346,776,3913,3288,625
E02005956,1895,581,196,385,1314,1099,215
E02005957,942,390,113,277,552,467,85
E02005958,3786,1301,491,810,2485,2051,434
E02005959,2319,760,310,450,1559,1185,374
E02005960,4389,1234,428,806,3155,2499,656
E02005961,3322,968,373,595,2354,1782,572
E02005962,2329,838,382,456,1491,1061,430
E02005963,4161,991,383,608,3170,2614,556
E02005964,2317,633,267,366,1684,1277,407
E02005965,2084,762,298,464,1322,975,347
E02005966,2737,691,227,464,2046,1648,398
E02005967,3600,1328,501,827,2272,1886,386
E02005968,6413,1077,364,713,5336,4412,924
E02005969,4856,1465,553,912,3391,2795,596
E02005970,1048,294,119,175,754,591,163
E02005971,1051,403,157,246,648,461,187
E02005972,2322,820,343,477,1502,1062,440
E02005973,3956,1423,567,856,2533,2020,513
E02005974,3427,983,352,631,2444,1954,490
E02005975,3172,1050,442,608,2122,1531,591
E02005976,2671,863,363,500,1808,1306,502
E02005977,1723,682,271,411,1041,769,272
E02005978,2312,631,263,368,1681,1327,354
E02005979,3832,1172,427,745,2660,2159,501
E02005980,5266,1222,425,797,4044,2888,1156
E02005981,1106,388,148,240,718,569,149
E02005982,2262,609,260,349,1653,1392,261
E02005983,10886,3234,1068,2166,7652,6430,1222
E02005984,2790,835,367,468,1955,1411,544
E02005985,1546,621,205,416,925,744,181
E02005986,2773,891,346,545,1882,1422,460
E02005987,5809,980,335,645,4829,4043,786
E02005988,1780,533,193,340,1247,782,465
E02005991,3386,1349,530,819,2037,1627,410
E02005992,11490,1784,560,1224,9706,8441,1265
E02005993,3348,1064,336,728,2284,1868,416
E02005994,2893,711,284,427,2182,1410,772
E02005995,2112,706,295,411,1406,1057,349
E02005996,3006,1034,428,606,1972,1506,466
E02005997,1739,611,241,370,1128,851,277
E02005998,2591,686,247,439,1905,1513,392
E02005999,2935,737,306,431,2198,1644,554
E02006000,2654,969,340,629,1685,1292,393
E02006001,2717,449,147,302,2268,1886,382
E02006002,7974,2852,1023,1829,5122,4352,770
E02006003,3539,709,276,433,2830,2313,517
E02006004,2944,1009,394,615,1935,1402,533
E02006005,1523,457,151,306,1066,847,219
E02006006,6235,808,311,497,5427,4020,1407
E02006007,2012,685,269,416,1327,942,385
E02006008,2854,932,336,596,1922,1505,417
E02006009,5108,904,307,597,4204,3544,660
E02006010,3319,1182,430,752,2137,1512,625
E02006011,1595,559,196,363,1036,819,217
E02006012,4245,1514,586,928,2731,2266,465
E02006013,3774,1154,453,701,2620,1965,655
E02006014,2697,873,326,547,1824,1240,584
E02006015,4128,1494,489,1005,2634,2087,547
E02006016,3108,870,361,509,2238,1415,823
E02006017,3674,984,303,681,2690,2047,643
E02006018,5377,1660,588,1072,3717,3032,685
E02006019,1939,694,246,448,1245,977,268
E02006020,3352,793,307,486,2559,1779,780
E02006021,3307,909,339,570,2398,1611,787
E02006022,3147,694,255,439,2453,1875,578
E02006023,4592,1697,467,1230,2895,2306,589
E02006024,2748,723,226,497,2025,1583,442
E02006025,6407,2423,767,1656,3984,3263,721
E02006026,2343,712,279,433,1631,1150,481
E02006027,1536,500,185,315,1036,672,364
E02006028,3721,1194,432,762,2527,1815,712
E02006029,7279,1561,462,1099,5718,4842,876
E02006030,3375,1053,340,713,2322,1910,412
E02006031,1458,453,114,339,1005,788,217
E02006032,2516,807,215,592,1709,1394,315
E02006033,11709,4312,1362,2950,7397,6315,1082
E02006034,6473,2189,508,1681,4284,3814,470
E02006035,4616,1445,384,1061,3171,2855,316
E02006036,2780,1005,291,714,1775,1518,257
E02006037,3768,1670,641,1029,2098,1665,433
E02006038,2397,779,294,485,1618,1180,438
E02006039,2970,808,276,532,2162,1596,566
E02006040,3431,1019,449,570,2412,1677,735
E02006041,2756,972,368,604,1784,1219,565
E02006042,2081,831,359,472,1250,908,342
E02006043,3122,957,324,633,2165,1521,644
E02006044,2289,703,284,419,1586,1037,549
E02006045,5694,2158,674,1484,3536,2962,574
E02006046,3317,1059,376,683,2258,1620,638
E02006047,4157,1265,491,774,2892,1972,920
E02006048,2733,834,311,523,1899,1355,544
E02006049,1689,690,238,452,999,777,222
E02006050,3568,1578,508,1070,1990,1579,411
E02006051,2975,955,373,582,2020,1425,595
E02006052,4219,1206,435,771,3013,2342,671
E02006053,3927,1358,443,915,2569,2084,485
E02006054,4731,2052,737,1315,2679,2199,480
E02006055,3337,1110,362,748,2227,1782,445
E02006056,3636,943,344,599,2693,1791,902
E02006057,3268,1347,419,928,1921,1455,466
E02006058,3453,1117,380,737,2336,1733,603
E02006059,2338,782,295,487,1556,1021,535
E02006060,5236,2009,716,1293,3227,2817,410
E02006061,3809,1374,562,812,2435,1874,561
E02006062,3459,1198,454,744,2261,1653,608
E02006063,2241,778,341,437,1463,968,495
E02006064,3024,1435,487,948,1589,1289,300
E02006065,4232,971,319,652,3261,2652,609
E02006066,1871,603,240,363,1268,915,353
E02006067,2294,836,336,500,1458,1018,440
E02006068,5138,1749,560,1189,3389,2837,552
E02006069,7677,2610,771,1839,5067,4342,725
E02006070,3148,625,181,444,2523,2151,372
E02006071,1581,618,220,398,963,711,252
E02006072,2395,815,337,478,1580,1075,505
E02006073,1923,830,241,589,1093,900,193
E02006074,3847,803,285,518,3044,2383,661
E02006075,2160,753,306,447,1407,912,495
E02006076,2965,1006,409,597,1959,1337,622
E02006077,2101,698,265,433,1403,1049,354
E02006078,2277,825,276,549,1452,1056,396
E02006079,3852,1181,447,734,2671,1977,694
E02006080,6537,963,386,577,5574,4468,1106
E02006081,1828,572,192,380,1256,955,301
E02006082,2062,555,196,359,1507,1121,386
E02006083,1616,568,225,343,1048,794,254
E02006084,2020,721,289,432,1299,908,391
E02006085,1436,389,133,256,1047,832,215
E02006086,3660,1015,287,728,2645,2220,425
E02006087,2387,658,186,472,1729,1492,237
E02006088,3029,1175,244,931,1854,1572,282
E02006089,7330,3028,1027,2001,4302,3678,624
E02006090,2942,1180,353,827,1762,1482,280
E02006091,2413,973,367,606,1440,979,461
E02006092,10053,1466,413,1053,8587,7721,866
E02006093,3289,1119,387,732,2170,1729,441
E02006094,1120,428,190,238,692,462,230
E02006095,3647,1350,492,858,2297,1836,461
E02006096,3350,717,226,491,2633,2272,361
E02006097,2909,1154,335,819,1755,1506,249
E02006098,2741,818,329,489,1923,1385,538
E02006099,1517,579,203,376,938,686,252
E02006100,3295,865,299,566,2430,1948,482
E02006101,2097,713,269,444,1384,1007,377
E02006102,1701,587,180,407,1114,886,228
E02006103,2165,710,272,438,1455,1037,418
E02006104,4973,1723,492,1231,3250,2751,499
E02006105,6364,2178,680,1498,4186,3533,653
E02006106,4886,1169,297,872,3717,2728,989
E02006107,3696,1116,283,833,2580,2334,246
E02006108,11817,4217,1289,2928,7600,6702,898
E02006109,6620,2298,571,1727,4322,3800,522
E02006110,3718,1285,407,878,2433,2079,354
E02006111,4345,1207,497,710,3138,2345,793
E02006112,2704,913,316,597,1791,1325,466
E02006113,3929,1611,478,1133,2318,1922,396
E02006114,2726,750,250,500,1976,1662,314
E02006115,1574,538,200,338,1036,765,271
E02006116,4200,1190,375,815,3010,2358,652
E02006117,2500,846,311,535,1654,1081,573
E02006118,1385,488,176,312,897,659,238
E02006119,3846,1513,418,1095,2333,1899,434
E02006120,2689,705,224,481,1984,1603,381
E02006121,901,303,113,190,598,445,153
E02006122,1717,614,244,370,1103,888,215
E02006123,1236,357,111,246,879,653,226
E02006124,759,258,92,166,501,386,115
E02006125,1607,566,183,383,1041,792,249
E02006126,2585,827,293,534,1758,1378,380
E02006127,2351,730,241,489,1621,1309,312
E02006128,5298,1787,520,1267,3511,2907,604
E02006129,9944,3081,886,2195,6863,5498,1365
E02006130,4496,1170,438,732,3326,2695,631
E02006131,5569,862,333,529,4707,3587,1120
E02006132,895,365,121,244,530,383,147
E02006133,4628,1715,594,1121,2913,2401,512
E02006134,2292,848,336,512,1444,1028,416
E02006135,1250,468,157,311,782,602,180
E02006136,4195,1284,507,777,2911,2153,758
E02006137,4680,1719,372,1347,2961,2600,361
E02006138,2702,621,181,440,2081,1695,386
E02006139,5902,1311,363,948,4591,3977,614
E02006140,1208,461,184,277,747,586,161
E02006141,15141,4550,1444,3106,10591,9064,1527
E02006142,680,232,84,148,448,332,116
E02006143,5050,1074,320,754,3976,3196,780
E02006144,1274,502,179,323,772,581,191
E02006145,3756,881,345,536,2875,2238,637
E02006146,2417,595,195,400,1822,1477,345
E02006147,6508,1172,424,748,5336,4260,1076
E02006148,1415,509,231,278,906,662,244
E02006149,8119,3216,1194,2022,4903,4111,792
E02006150,4964,1540,502,1038,3424,2826,598
E02006151,4527,1236,398,838,3291,2627,664
E02006152,2411,964,382,582,1447,1092,355
E02006153,2624,877,344,533,1747,1255,492
E02006154,2066,827,303,524,1239,905,334
E02006155,1482,405,129,276,1077,799,278
E02006156,3499,1266,459,807,2233,1768,465
E02006157,4723,1492,510,982,3231,2612,619
E02006158,1233,400,154,246,833,650,183
E02006159,1666,745,245,500,921,775,146
E02006160,2298,609,206,403,1689,1415,274
E02006161,4199,925,302,623,3274,2742,532
E02006162,1672,660,220,440,1012,764,248
E02006163,2874,824,229,595,2050,1612,438
E02006164,7511,1444,336,1108,6067,5217,850
E02006165,2451,929,245,684,1522,1259,263
E02006166,1722,542,188,354,1180,916,264
E02006167,2566,815,211,604,1751,1440,311
E02006168,10713,3750,1180,2570,6963,6128,835
E02006169,4101,1332,535,797,2769,2251,518
E02006170,1312,486,185,301,826,585,241
E02006171,1341,537,203,334,804,629,175
E02006172,1873,721,262,459,1152,908,244
E02006173,1748,586,246,340,1162,798,364
E02006174,5575,1849,639,1210,3726,2983,743
E02006175,2877,866,303,563,2011,1507,504
E02006176,2114,791,297,494,1323,950,373
E02006177,2288,677,254,423,1611,1253,358
E02006178,1596,574,205,369,1022,779,243
E02006179,4415,858,261,597,3557,2928,629
E02006180,1852,628,232,396,1224,942,282
E02006181,2725,880,282,598,1845,1626,219
E02006182,1371,546,244,302,825,625,200
E02006183,1425,420,169,251,1005,783,222
E02006184,1119,580,216,364,539,420,119
E02006185,3573,1276,464,812,2297,1934,363
E02006186,3332,1150,478,672,2182,1597,585
E02006187,2191,968,370,598,1223,936,287
E02006188,1427,505,188,317,922,660,262
E02006189,2879,1106,419,687,1773,1260,513
E02006190,4660,1678,579,1099,2982,2366,616
E02006191,4730,1198,360,838,3532,2842,690
E02006192,4358,1157,418,739,3201,2444,757
E02006193,4178,708,209,499,3470,2734,736
E02006194,1248,468,162,306,780,627,153
E02006195,3773,1054,404,650,2719,2059,660
E02006196,4606,1506,383,1123,3100,2789,311
E02006197,15300,5352,1696,3656,9948,8715,1233
E02006198,9811,2073,719,1354,7738,6617,1121
E02006199,3064,893,275,618,2171,1610,561
E02006200,1259,524,200,324,735,588,147
E02006201,2603,905,393,512,1698,1303,395
E02006202,2082,757,287,470,1325,829,496
E02006203,1200,505,222,283,695,558,137
E02006204,2776,959,269,690,1817,1418,399
E02006205,1756,610,251,359,1146,809,337
E02006206,1836,753,211,542,1083,882,201
E02006207,1596,511,190,321,1085,828,257
E02006208,4578,1690,487,1203,2888,2452,436
E02006209,4666,1350,453,897,3316,2806,510
E02006210,2338,598,230,368,1740,1077,663
E02006211,1704,679,283,396,1025,749,276
E02006212,1921,639,214,425,1282,904,378
E02006213,3593,1174,498,676,2419,1945,474
E02006214,3469,1172,417,755,2297,1897,400
E02006215,2215,658,216,442,1557,1123,434
E02006216,2403,581,222,359,1822,1354,468
E02006217,3124,848,284,564,2276,1751,525
E02006218,8666,3509,1092,2417,5157,4369,788
E02006219,3390,755,245,510,2635,2117,518
E02006220,900,305,106,199,595,440,155
E02006221,4461,1368,495,873,3093,2563,530
E02006222,784,287,82,205,497,380,117
E02006223,809,404,128,276,405,306,99
E02006224,2743,565,183,382,2178,1821,357
E02006225,1056,329,146,183,727,537,190
E02006226,4382,1144,366,778,3238,2567,671
E02006227,2126,783,338,445,1343,908,435
E02006228,1886,467,184,283,1419,1112,307
E02006229,1812,760,299,461,1052,804,248
E02006230,4735,1520,538,982,3215,2577,638
E02006231,4942,1595,552,1043,3347,2727,620
E02006232,2043,568,226,342,1475,1062,413
E02006233,8758,2734,1011,1723,6024,5093,931
E02006234,1523,552,212,340,971,742,229
E02006235,2476,848,390,458,1628,1137,491
E02006236,2743,1027,439,588,1716,1274,442
E02006237,2678,919,359,560,1759,1243,516
E02006238,4432,1720,682,1038,2712,2176,536
E02006239,5843,778,275,503,5065,3286,1779
E02006240,3842,694,275,419,3148,2199,949
E02006241,5103,1477,454,1023,3626,2916,710
E02006242,2612,576,237,339,2036,1497,539
E02006243,6989,1972,707,1265,5017,4010,1007
E02006245,1425,665,231,434,760,608,152
E02006246,1848,617,226,391,1231,958,273
E02006247,5003,1354,331,1023,3649,3061,588
E02006248,2078,947,309,638,1131,880,251
E02006249,1916,769,295,474,1147,904,243
E02006250,3757,1438,488,950,2319,1982,337
E02006251,17990,6188,2190,3998,11802,10314,1488
E02006252,2892,1147,365,782,1745,1440,305
E02006253,6878,2767,706,2061,4111,3591,520
E02006254,10597,2879,933,1946,7718,6822,896
E02006255,2490,740,268,472,1750,1419,331
E02006256,2495,715,220,495,1780,1452,328
E02006257,1017,468,165,303,549,439,110
E02006258,8082,1870,569,1301,6212,5034,1178
E02006259,1487,726,209,517,761,601,160
E02006260,1646,531,176,355,1115,855,260
E02006261,4312,1119,441,678,3193,2228,965
E02006262,2830,951,418,533,1879,1296,583
E02006263,2601,859,362,497,1742,1197,545
E02006264,2320,815,329,486,1505,1049,456
E02006265,2016,678,289,389,1338,949,389
E02006266,3388,1020,418,602,2368,1767,601
E02006267,3648,1080,443,637,2568,1875,693
E02006268,1577,768,269,499,809,655,154
E02006269,1968,781,332,449,1187,896,291
E02006270,6691,2047,753,1294,4644,3884,760
E02006271,7291,1275,513,762,6016,4566,1450
E02006272,3023,1128,422,706,1895,1471,424
E02006273,2110,628,257,371,1482,1030,452
E02006274,3548,695,270,425,2853,1925,928
E02006275,1533,454,159,295,1079,883,196
E02006276,3810,969,405,564,2841,2179,662
E02006277,4237,1175,442,733,3062,2513,549
E02006278,10447,3841,1392,2449,6606,5434,1172
E02006279,4841,1489,444,1045,3352,2929,423
E02006280,4185,1113,431,682,3072,2220,852
E02006281,8860,2731,791,1940,6129,5209,920
E02006282,1718,681,307,374,1037,713,324
E02006283,2966,855,312,543,2111,1706,405
E02006284,1609,677,227,450,932,718,214
E02006285,1175,454,176,278,721,584,137
E02006286,7361,1871,649,1222,5490,4582,908
E02006287,2157,771,313,458,1386,958,428
E02006288,3694,1286,529,757,2408,1731,677
E02006289,2628,1043,420,623,1585,1199,386
E02006290,4586,1345,496,849,3241,2746,495
E02006291,2501,857,330,527,1644,1338,306
E02006292,2496,796,357,439,1700,1242,458
E02006293,4585,1275,556,719,3310,2206,1104
E02006294,4498,1848,724,1124,2650,2113,537
E02006295,1958,870,340,530,1088,813,275
E02006296,7714,1784,664,1120,5930,5035,895
E02006297,2626,1013,413,600,1613,1278,335
E02006298,4399,746,255,491,3653,2200,1453
E02006299,1755,805,350,455,950,734,216
E02006300,2059,681,235,446,1378,896,482
E02006301,6695,1815,685,1130,4880,4104,776
E02006302,2459,1012,379,633,1447,1168,279
E02006303,1816,849,274,575,967,785,182
E02006304,1433,460,170,290,973,797,176
E02006305,5044,2087,633,1454,2957,2589,368
E02006306,2706,975,363,612,1731,1373,358
E02006307,1011,463,167,296,548,396,152
E02006308,7300,2364,701,1663,4936,4139,797
E02006309,1018,453,150,303,565,459,106
E02006310,1333,589,193,396,744,579,165
E02006311,4647,1891,656,1235,2756,2281,475
E02006312,2633,693,284,409,1940,1493,447
E02006313,3716,1286,510,776,2430,1843,587
E02006314,3770,1133,432,701,2637,2110,527
E02006315,2444,975,379,596,1469,1099,370
E02006316,3623,1049,383,666,2574,2149,425
E02006317,1019,444,168,276,575,446,129
E02006318,2632,967,388,579,1665,1226,439
E02006319,2244,561,201,360,1683,1324,359
E02006320,1350,403,181,222,947,719,228
E02006321,2775,901,326,575,1874,1466,408
E02006322,1528,481,219,262,1047,772,275
E02006323,3694,1241,535,706,2453,1975,478
E02006324,2133,619,225,394,1514,1165,349
E02006325,1991,832,350,482,1159,820,339
E02006326,1937,656,237,419,1281,983,298
E02006327,1472,537,251,286,935,678,257
E02006328,6115,1934,718,1216,4181,3236,945
E02006329,5185,1588,633,955,3597,2795,802
E02006330,3656,1119,455,664,2537,2002,535
E02006331,2241,740,296,444,1501,1096,405
E02006332,8845,1504,512,992,7341,5654,1687
E02006333,5187,1656,696,960,3531,2612,919
E02006334,2371,841,364,477,1530,1045,485
E02006335,1444,530,204,326,914,678,236
E02006336,984,334,124,210,650,478,172
E02006337,1872,769,334,435,1103,801,302
E02006338,1131,407,172,235,724,550,174
E02006339,2310,689,242,447,1621,1216,405
E02006341,4388,1368,593,775,3020,2379,641
E02006342,9949,3207,1073,2134,6742,5731,1011
E02006343,3806,964,354,610,2842,2274,568
E02006344,3805,1214,447,767,2591,2003,588
E02006345,3843,706,267,439,3137,2119,1018
E02006346,3040,1119,482,637,1921,1311,610
E02006347,2355,553,210,343,1802,1414,388
E02006348,3349,810,336,474,2539,2013,526
E02006349,1633,536,228,308,1097,852,245
E02006350,3583,721,235,486,2862,2235,627
E02006351,2498,895,343,552,1603,1280,323
E02006352,979,356,154,202,623,484,139
E02006353,952,325,122,203,627,481,146
E02006354,2640,1086,480,606,1554,1176,378
E02006355,8011,2102,665,1437,5909,4861,1048
E02006356,15924,5081,2249,2832,10843,8998,1845
E02006357,1545,539,190,349,1006,736,270
E02006358,11459,2604,1196,1408,8855,7248,1607
E02006359,3217,969,381,588,2248,1808,440
E02006360,6743,1493,541,952,5250,4219,1031
E02006361,2108,715,358,357,1393,1017,376
E02006362,1872,721,274,447,1151,846,305
E02006363,1200,466,216,250,734,552,182
E02006364,13172,2221,650,1571,10951,8926,2025
E02006365,4533,1282,478,804,3251,2519,732
E02006366,1929,735,341,394,1194,857,337
E02006367,1488,573,246,327,915,686,229
E02006368,1741,732,304,428,1009,775,234
E02006369,2272,727,326,401,1545,1148,397
E02006370,6374,1502,513,989,4872,4114,758
E02006371,4826,1649,614,1035,3177,2637,540
E02006372,1143,401,152,249,742,577,165
E02006373,2379,848,371,477,1531,1061,470
E02006374,3508,1120,468,652,2388,1814,574
E02006375,1528,546,233,313,982,706,276
E02006376,4694,1651,630,1021,3043,2570,473
E02006377,2211,685,246,439,1526,1191,335
E02006378,1845,662,272,390,1183,891,292
E02006379,957,314,119,195,643,509,134
E02006380,4710,1489,508,981,3221,2541,680
E02006381,5064,1031,321,710,4033,3397,636
E02006382,1352,430,142,288,922,691,231
E02006383,4071,1143,430,713,2928,2273,655
E02006384,7533,2006,689,1317,5527,4647,880
E02006385,6512,1468,487,981,5044,4240,804
E02006386,8664,2127,749,1378,6537,5347,1190
E02006387,2086,541,196,345,1545,1229,316
E02006388,5496,1803,506,1297,3693,3175,518
E02006389,3704,774,295,479,2930,2286,644
E02006390,1100,410,171,239,690,503,187
E02006391,1494,435,173,262,1059,754,305
E02006392,4810,1429,495,934,3381,2819,562
E02006393,5816,1138,440,698,4678,3742,936
E02006394,4079,1447,774,673,2632,1996,636
E02006395,7607,1089,381,708,6518,5127,1391
E02006396,4650,1112,418,694,3538,2655,883
E02006397,2657,743,285,458,1914,1304,610
E02006398,5883,1213,387,826,4670,3694,976
E02006399,5853,1339,437,902,4514,3445,1069
E02006400,7591,2097,642,1455,5494,4447,1047
E02006401,2314,762,281,481,1552,1235,317
E02006402,3352,924,335,589,2428,2009,419
E02006403,1554,352,118,234,1202,877,325
E02006404,1603,424,112,312,1179,917,262
E02006405,4254,1373,421,952,2881,2331,550
E02006406,10010,2821,1134,1687,7189,5930,1259
E02006407,1690,542,204,338,1148,875,273
E02006408,5529,621,184,437,4908,3735,1173
E02006409,1132,385,161,224,747,582,165
E02006410,3762,898,307,591,2864,2330,534
E02006411,1045,398,175,223,647,504,143
E02006412,3309,864,316,548,2445,1845,600
E02006413,1824,621,211,410,1203,910,293
E02006414,2428,565,216,349,1863,1209,654
E02006415,2872,933,352,581,1939,1456,483
E02006416,3469,1019,382,637,2450,1853,597
E02006417,2830,876,344,532,1954,1496,458
E02006418,1638,586,269,317,1052,810,242
E02006419,2024,607,199,408,1417,1105,312
E02006420,5155,1800,820,980,3355,2466,889
E02006421,2831,870,347,523,1961,1535,426
E02006422,1106,411,166,245,695,507,188
E02006423,7850,2023,787,1236,5827,4709,1118
E02006424,1126,470,186,284,656,489,167
E02006425,10990,2942,866,2076,8048,6571,1477
E02006426,2376,562,216,346,1814,1470,344
E02006427,2523,553,200,353,1970,1401,569
E02006429,2758,842,302,540,1916,1442,474
E02006430,2599,886,344,542,1713,1343,370
E02006431,4454,1492,618,874,2962,2268,694
E02006432,2002,767,279,488,1235,957,278
E02006433,4991,1867,750,1117,3124,2508,616
E02006434,1349,455,171,284,894,686,208
E02006435,2754,852,358,494,1902,1412,490
E02006436,2439,667,283,384,1772,1360,412
E02006437,3790,1213,471,742,2577,2097,480
E02006438,3773,1036,417,619,2737,2043,694
E02006439,2821,828,335,493,1993,1588,405
E02006440,1195,465,204,261,730,533,197
E02006441,8493,2832,1143,1689,5661,4668,993
E02006442,2371,980,359,621,1391,1052,339
E02006443,1867,626,243,383,1241,971,270
E02006444,1450,513,237,276,937,739,198
E02006445,6496,1909,759,1150,4587,3740,847
E02006446,2332,822,339,483,1510,1086,424
E02006447,1637,570,222,348,1067,747,320
E02006448,2196,720,278,442,1476,1143,333
E02006449,2179,808,329,479,1371,1007,364
E02006450,2928,1016,376,640,1912,1402,510
E02006451,4236,1454,597,857,2782,2108,674
E02006453,3493,998,401,597,2495,1795,700
E02006454,2611,1043,427,616,1568,1205,363
E02006455,2757,961,389,572,1796,1444,352
E02006456,3080,684,262,422,2396,1861,535
E02006457,3218,1077,469,608,2141,1694,447
E02006458,4468,962,371,591,3506,2485,1021
E02006459,5030,1201,447,754,3829,3091,738
E02006460,1538,584,242,342,954,762,192
E02006461,2162,808,326,482,1354,1039,315
E02006462,2392,949,397,552,1443,1112,331
E02006463,14233,3533,1246,2287,10700,9016,1684
E02006464,2215,698,245,453,1517,1171,346
E02006465,971,373,159,214,598,444,154
E02006466,2907,992,390,602,1915,1493,422
E02006467,2016,644,288,356,1372,1026,346
E02006468,2753,1143,454,689,1610,1197,413
E02006469,6240,1429,342,1087,4811,3728,1083
E02006470,8115,2108,589,1519,6007,5052,955
E02006471,8127,1497,485,1012,6630,5468,1162
E02006472,2417,860,301,559,1557,1119,438
E02006473,8091,1604,485,1119,6487,5283,1204
E02006474,3815,1053,356,697,2762,1951,811
E02006475,1354,485,196,289,869,662,207
E02006476,1366,424,112,312,942,774,168
E02006477,2947,921,296,625,2026,1619,407
E02006478,1025,309,90,219,716,538,178
E02006479,8229,3430,1099,2331,4799,4247,552
E02006480,1022,342,94,248,680,524,156
E02006481,899,368,128,240,531,412,119
E02006482,8023,2278,492,1786,5745,5042,703
E02006483,3016,960,305,655,2056,1683,373
E02006484,1771,631,173,458,1140,949,191
E02006485,2490,570,177,393,1920,1505,415
E02006486,981,384,135,249,597,449,148
E02006487,2737,1219,325,894,1518,1305,213
E02006488,1008,382,136,246,626,487,139
E02006489,4897,935,309,626,3962,3297,665
E02006490,925,366,112,254,559,420,139
E02006492,11630,1846,656,1190,9784,8002,1782
E02006493,5415,1230,462,768,4185,3529,656
E02006494,8085,2032,557,1475,6053,5035,1018
E02006495,2325,732,280,452,1593,1186,407
E02006496,2780,631,195,436,2149,1769,380
E02006497,3203,736,252,484,2467,1935,532
E02006498,1952,593,220,373,1359,1029,330
E02006499,1162,464,184,280,698,557,141
E02006500,4630,2010,636,1374,2620,2171,449
E02006501,1560,609,232,377,951,689,262
E02006502,1856,779,275,504,1077,820,257
E02006503,2854,1023,398,625,1831,1268,563
E02006504,2866,937,383,554,1929,1390,539
E02006505,2914,928,326,602,1986,1418,568
E02006506,2134,714,227,487,1420,1111,309
E02006507,3983,1192,474,718,2791,2240,551
E02006508,3702,1018,437,581,2684,1979,705
E02006509,3500,1032,359,673,2468,1814,654
E02006510,2991,776,289,487,2215,1665,550
E02006511,4779,1322,461,861,3457,2759,698
E02006512,9860,3046,1060,1986,6814,5776,1038
E02006513,3055,836,296,540,2219,1775,444
E02006514,5393,1990,739,1251,3403,2751,652
E02006515,3411,1071,412,659,2340,1798,542
E02006516,8608,1259,478,781,7349,6197,1152
E02006517,3193,873,332,541,2320,1661,659
E02006518,3009,1066,406,660,1943,1413,530
E02006519,3205,1371,559,812,1834,1466,368
E02006520,1757,595,250,345,1162,900,262
E02006521,1532,599,259,340,933,731,202
E02006522,2594,792,357,435,1802,1299,503
E02006523,10763,1998,665,1333,8765,7376,1389
E02006524,757,337,111,226,420,340,80
E02006525,8599,3195,1342,1853,5404,4583,821
E02006526,3794,721,212,509,3073,2502,571
E02006527,4065,1330,456,874,2735,2265,470
E02006528,6087,1644,547,1097,4443,3809,634
E02006529,10963,3282,839,2443,7681,6565,1116
E02006530,16344,3123,982,2141,13221,11162,2059
E02006531,3532,766,279,487,2766,2335,431
E02006532,2384,764,289,475,1620,1218,402
E02006533,1350,488,163,325,862,664,198
E02006534,1496,523,196,327,973,777,196
E02006535,2265,1167,417,750,1098,909,189
E02006536,1461,533,195,338,928,680,248
E02006537,5272,1466,446,1020,3806,3136,670
E02006538,3825,1383,495,888,2442,1934,508
E02006539,1981,527,199,328,1454,1125,329
E02006540,2245,557,157,400,1688,1442,246
E02006541,3634,958,324,634,2676,2150,526
E02006542,2631,1036,411,625,1595,1191,404
E02006543,1870,595,231,364,1275,967,308
E02006544,3614,1175,497,678,2439,1818,621
E02006545,3948,929,293,636,3019,2522,497
E02006546,2835,1193,451,742,1642,1310,332
E02006547,2493,703,240,463,1790,1383,407
E02006548,2729,907,331,576,1822,1425,397
E02006549,1404,680,286,394,724,552,172
E02006550,2421,848,255,593,1573,1294,279
E02006551,1975,972,363,609,1003,786,217
E02006552,3408,1265,426,839,2143,1656,487
E02006553,2290,696,227,469,1594,1289,305
E02006554,1184,472,188,284,712,508,204
E02006555,3131,1072,286,786,2059,1713,346
E02006556,1849,822,346,476,1027,763,264
E02006557,1510,595,203,392,915,708,207
E02006558,6588,2315,784,1531,4273,3685,588
E02006559,1247,511,221,290,736,560,176
E02006560,1965,657,259,398,1308,1004,304
E02006561,1980,629,264,365,1351,977,374
E02006562,1765,692,330,362,1073,742,331
E02006563,2472,842,361,481,1630,1185,445
E02006564,2883,1045,409,636,1838,1372,466
E02006565,3633,1445,693,752,2188,1583,605
E02006566,4346,1148,427,721,3198,2535,663
E02006567,2866,968,371,597,1898,1449,449
E02006568,8928,3490,1194,2296,5438,4629,809
E02006569,3197,887,314,573,2310,1583,727
E02006570,13408,4198,1592,2606,9210,7969,1241
E02006571,3228,1160,420,740,2068,1684,384
E02006572,5231,1214,406,808,4017,3205,812
E02006573,3665,1257,489,768,2408,1767,641
E02006574,3624,1190,393,797,2434,1956,478
E02006575,22052,4252,1033,3219,17800,15245,2555
E02006576,2562,527,191,336,2035,1584,451
E02006577,2543,948,306,642,1595,1323,272
E02006578,33387,7018,2067,4951,26369,22340,4029
E02006579,4983,1047,360,687,3936,3172,764
E02006580,1472,522,153,369,950,710,240
E02006581,4547,1488,406,1082,3059,2582,477
E02006582,1378,437,163,274,941,726,215
E02006583,1295,468,174,294,827,645,182
E02006584,716,256,81,175,460,371,89
E02006585,2012,706,240,466,1306,1016,290
E02006586,680,237,77,160,443,332,111
E02006587,1743,501,150,351,1242,1035,207
E02006588,2728,839,322,517,1889,1379,510
E02006589,4108,866,359,507,3242,2739,503
E02006590,3002,1144,494,650,1858,1447,411
E02006591,3539,843,322,521,2696,2151,545
E02006592,2706,897,353,544,1809,1304,505
E02006593,11693,3963,1497,2466,7730,6529,1201
E02006594,1151,403,160,243,748,578,170
E02006595,2908,1016,455,561,1892,1321,571
E02006596,2665,746,299,447,1919,1533,386
E02006597,4070,1318,535,783,2752,2053,699
E02006598,2508,760,308,452,1748,1294,454
E02006599,1848,682,301,381,1166,823,343
E02006600,3601,1412,548,864,2189,1639,550
E02006601,3440,1166,464,702,2274,1660,614
E02006602,3761,960,413,547,2801,2065,736
E02006603,2446,1007,428,579,1439,1042,397
E02006604,8091,2811,1059,1752,5280,4476,804
E02006605,2361,722,270,452,1639,1207,432
E02006606,1733,604,230,374,1129,839,290
E02006607,3469,854,342,512,2615,1932,683
E02006608,1451,471,184,287,980,713,267
E02006609,3036,976,402,574,2060,1446,614
E02006610,2859,1010,431,579,1849,1370,479
E02006611,2703,1049,462,587,1654,1332,322
E02006612,8798,2585,865,1720,6213,5384,829
E02006613,1443,591,225,366,852,628,224
E02006614,4657,1710,552,1158,2947,2404,543
E02006615,3092,907,379,528,2185,1848,337
E02006616,1123,371,144,227,752,538,214
E02006617,5891,1981,735,1246,3910,3191,719
E02006618,3459,1034,399,635,2425,1944,481
E02006619,4379,1255,480,775,3124,2341,783
E02006620,2200,956,391,565,1244,960,284
E02006621,2098,769,311,458,1329,1034,295
E02006622,1576,633,235,398,943,734,209
E02006623,3028,1032,319,713,1996,1702,294
E02006624,2511,1017,405,612,1494,1171,323
E02006625,4383,883,291,592,3500,2985,515
E02006626,2908,789,223,566,2119,1807,312
E02006627,2918,1040,363,677,1878,1556,322
E02006628,2636,994,339,655,1642,1272,370
E02006629,3055,762,239,523,2293,1897,396
E02006630,2969,1096,336,760,1873,1565,308
E02006631,15422,5590,1858,3732,9832,8686,1146
E02006632,1881,765,278,487,1116,886,230
E02006633,4030,1256,369,887,2774,2466,308
E02006634,3187,1067,404,663,2120,1445,675
E02006635,4554,1640,636,1004,2914,2243,671
E02006636,2660,870,328,542,1790,1324,466
E02006637,5392,1356,461,895,4036,3366,670
E02006638,4668,1672,549,1123,2996,2567,429
E02006639,2772,938,353,585,1834,1301,533
E02006640,2217,744,301,443,1473,1023,450
E02006641,3919,1068,406,662,2851,2203,648
E02006642,2288,606,214,392,1682,1222,460
E02006643,9752,1197,433,764,8555,5290,3265
E02006644,2449,723,310,413,1726,1252,474
E02006645,4803,1211,492,719,3592,2930,662
E02006646,1855,659,234,425,1196,878,318
E02006647,1967,663,296,367,1304,837,467
E02006648,1936,573,237,336,1363,980,383
E02006649,2196,941,307,634,1255,962,293
E02006650,7760,1396,522,874,6364,4978,1386
E02006651,3565,1073,447,626,2492,1789,703
E02006652,4300,1088,354,734,3212,2683,529
E02006653,3937,945,297,648,2992,2488,504
E02006654,6591,2516,939,1577,4075,3510,565
E02006655,3150,1171,474,697,1979,1377,602
E02006656,1089,455,178,277,634,469,165
E02006657,3742,1119,359,760,2623,2069,554
E02006658,1508,598,268,330,910,679,231
E02006659,3935,884,344,540,3051,2363,688
E02006660,8968,2301,790,1511,6667,5390,1277
E02006661,6490,818,283,535,5672,3579,2093
E02006662,1265,406,134,272,859,637,222
E02006663,5844,1300,430,870,4544,3883,661
E02006664,5337,969,322,647,4368,3815,553
E02006665,2706,946,350,596,1760,1268,492
E02006666,1202,434,143,291,768,597,171
E02006667,747,242,68,174,505,386,119
E02006668,1491,591,211,380,900,736,164
E02006669,3607,1179,477,702,2428,1741,687
E02006670,6008,1571,579,992,4437,3691,746
E02006671,7707,2399,793,1606,5308,4581,727
E02006672,6039,1953,515,1438,4086,3461,625
E02006673,4993,1994,771,1223,2999,2529,470
E02006674,1528,621,209,412,907,714,193
E02006675,1958,683,274,409,1275,919,356
E02006676,2052,739,291,448,1313,900,413
E02006677,2996,893,365,528,2103,1511,592
E02006678,924,321,113,208,603,481,122
E02006679,5143,1266,493,773,3877,3087,790
E02006680,3607,1437,439,998,2170,1819,351
E02006681,1925,743,287,456,1182,921,261
E02006682,2945,1222,493,729,1723,1340,383
E02006683,1680,515,180,335,1165,877,288
E02006684,9375,3272,998,2274,6103,5422,681
E02006685,2076,749,225,524,1327,1069,258
E02006686,818,343,122,221,475,364,111
E02006687,2142,860,312,548,1282,1129,153
E02006688,1508,581,206,375,927,742,185
E02006689,4239,948,297,651,3291,2822,469
E02006690,3177,824,320,504,2353,1736,617
E02006691,4084,1286,470,816,2798,2221,577
E02006692,3282,611,216,395,2671,1951,720
E02006693,1148,320,101,219,828,641,187
E02006694,3293,1305,421,884,1988,1624,364
E02006695,3952,1656,741,915,2296,1755,541
E02006696,2028,836,361,475,1192,893,299
E02006697,3377,1251,503,748,2126,1653,473
E02006698,1948,745,258,487,1203,942,261
E02006699,1105,409,162,247,696,524,172
E02006700,3014,775,254,521,2239,1869,370
E02006701,1698,635,233,402,1063,816,247
E02006702,1223,490,144,346,733,560,173
E02006703,1674,605,225,380,1069,812,257
E02006704,4807,1118,418,700,3689,3079,610
E02006705,1792,749,181,568,1043,879,164
E02006706,5711,2260,730,1530,3451,2840,611
E02006707,1248,509,178,331,739,563,176
E02006708,2718,746,259,487,1972,1534,438
E02006709,6712,1466,508,958,5246,4311,935
E02006710,3009,1042,402,640,1967,1416,551
E02006711,3008,1064,418,646,1944,1351,593
E02006712,2867,845,338,507,2022,1553,469
E02006713,5503,1468,464,1004,4035,3457,578
E02006714,2065,665,242,423,1400,1067,333
E02006715,1745,670,242,428,1075,819,256
E02006716,892,410,107,303,482,381,101
E02006717,2242,611,218,393,1631,1181,450
E02006718,3214,780,242,538,2434,2086,348
E02006719,4167,1734,667,1067,2433,1944,489
E02006720,2469,849,326,523,1620,1118,502
E02006721,4837,973,334,639,3864,3404,460
E02006722,1885,357,121,236,1528,1292,236
E02006723,1193,478,123,355,715,555,160
E02006724,7582,2818,967,1851,4764,4194,570
E02006725,2244,498,144,354,1746,1484,262
E02006726,1562,638,199,439,924,746,178
E02006727,4469,955,315,640,3514,2859,655
E02006728,1326,493,170,323,833,649,184
E02006729,7745,1698,436,1262,6047,5181,866
E02006730,1283,323,86,237,960,814,146
E02006731,2046,738,269,469,1308,1113,195
E02006732,1284,485,188,297,799,595,204
E02006733,1575,531,213,318,1044,753,291
E02006734,2721,827,297,530,1894,1498,396
E02006735,679,333,81,252,346,264,82
E02006736,8054,1270,438,832,6784,5632,1152
E02006737,1804,613,210,403,1191,899,292
E02006738,2379,812,201,611,1567,1348,219
E02006739,2338,835,381,454,1503,1267,236
E02006740,8071,2895,1015,1880,5176,4431,745
E02006741,1298,528,186,342,770,619,151
E02006742,1795,723,258,465,1072,861,211
E02006743,5951,1910,373,1537,4041,3572,469
E02006744,8730,3167,1063,2104,5563,4671,892
E02006745,2701,989,331,658,1712,1309,403
E02006746,5676,1702,433,1269,3974,3466,508
E02006747,1017,486,219,267,531,427,104
E02006748,7702,1513,553,960,6189,5050,1139
E02006749,3516,715,233,482,2801,2337,464
E02006750,2818,1116,367,749,1702,1424,278
E02006751,1471,571,186,385,900,703,197
E02006752,764,291,123,168,473,321,152
E02006753,3723,1056,359,697,2667,2155,512
E02006754,1860,694,292,402,1166,810,356
E02006755,1859,633,239,394,1226,858,368
E02006756,2086,568,209,359,1518,1157,361
E02006757,2141,659,274,385,1482,1099,383
E02006758,3473,732,221,511,2741,2296,445
E02006759,4452,1440,506,934,3012,2322,690
E02006760,2567,769,317,452,1798,1253,545
E02006761,3854,1436,475,961,2418,1989,429
E02006762,1981,672,236,436,1309,1098,211
E02006763,2363,574,200,374,1789,1420,369
E02006764,2558,1037,326,711,1521,1260,261
E02006765,2468,737,292,445,1731,1300,431
E02006766,2436,711,297,414,1725,1300,425
E02006767,3336,1071,391,680,2265,1685,580
E02006768,2125,938,289,649,1187,1020,167
E02006769,1334,431,159,272,903,702,201
E02006770,7328,3041,945,2096,4287,3756,531
E02006771,1859,679,268,411,1180,905,275
E02006772,1977,814,222,592,1163,925,238
E02006773,1538,602,183,419,936,697,239
E02006774,2213,915,225,690,1298,1086,212
E02006775,3463,665,169,496,2798,2369,429
E02006776,3475,713,233,480,2762,2272,490
E02006777,2238,875,335,540,1363,1018,345
E02006778,1657,545,187,358,1112,873,239
E02006779,4149,1255,415,840,2894,2257,637
E02006780,701,284,113,171,417,309,108
E02006781,1299,307,86,221,992,752,240
E02006782,1287,541,220,321,746,558,188
E02006783,1374,513,152,361,861,666,195
E02006784,1263,468,175,293,795,633,162
E02006785,798,269,108,161,529,397,132
E02006786,957,348,111,237,609,484,125
E02006787,2721,1038,366,672,1683,1386,297
E02006788,1113,436,147,289,677,522,155
E02006789,3212,1037,419,618,2175,1663,512
E02006790,2205,802,323,479,1403,1087,316
E02006791,1419,403,138,265,1016,731,285
E02006792,14208,2253,783,1470,11955,9553,2402
E02006793,4370,1084,294,790,3286,2856,430
E02006794,3123,1307,495,812,1816,1517,299
E02006795,1173,457,148,309,716,567,149
E02006796,6032,1270,468,802,4762,3868,894
E02006798,3017,1146,377,769,1871,1473,398
E02006799,2398,836,289,547,1562,1179,383
E02006800,2737,1065,308,757,1672,1364,308
E02006801,37432,5446,1635,3811,31986,25680,6306
E02006802,13308,2156,765,1391,11152,9762,1390
E02006803,1371,473,149,324,898,676,222
E02006804,3068,934,314,620,2134,1698,436
E02006805,924,357,88,269,567,471,96
E02006806,2610,762,258,504,1848,1498,350
E02006807,1142,380,152,228,762,591,171
E02006808,2149,777,234,543,1372,1120,252
E02006809,1914,566,180,386,1348,1122,226
E02006810,1572,596,220,376,976,819,157
E02006811,1459,602,238,364,857,666,191
E02006812,1185,458,149,309,727,584,143
E02006813,4032,1162,332,830,2870,2430,440
E02006814,2177,834,272,562,1343,1075,268
E02006815,1341,558,164,394,783,625,158
E02006816,1284,507,200,307,777,583,194
E02006817,3099,865,306,559,2234,1780,454
E02006818,1793,641,222,419,1152,941,211
E02006819,2639,499,145,354,2140,1775,365
E02006820,5801,1682,430,1252,4119,3530,589
E02006821,4901,1126,426,700,3775,3128,647
E02006822,2891,1273,400,873,1618,1297,321
E02006823,2362,923,403,520,1439,1047,392
E02006824,2226,852,365,487,1374,1042,332
E02006825,1835,493,206,287,1342,976,366
E02006826,4083,1258,458,800,2825,2215,610
E02006827,4205,1290,410,880,2915,2424,491
E02006828,2848,697,198,499,2151,1768,383
E02006829,2488,959,361,598,1529,1200,329
E02006830,910,335,94,241,575,444,131
E02006831,1223,454,176,278,769,590,179
E02006832,1742,594,233,361,1148,862,286
E02006833,4451,1488,588,900,2963,2232,731
E02006834,1127,396,126,270,731,596,135
E02006835,1529,370,140,230,1159,876,283
E02006836,1716,613,289,324,1103,842,261
E02006837,4339,1607,664,943,2732,2091,641
E02006838,1744,649,280,369,1095,810,285
E02006839,3091,1028,393,635,2063,1583,480
E02006840,2744,1057,348,709,1687,1256,431
E02006841,12126,3488,889,2599,8638,7871,767
E02006842,1441,512,118,394,929,806,123
E02006843,23923,6791,1928,4863,17132,15402,1730
E02006844,12033,4324,1577,2747,7709,7016,693
E02006845,2687,924,289,635,1763,1450,313
E02006846,2871,715,225,490,2156,1728,428
E02006847,1274,417,133,284,857,646,211
E02006848,1102,293,103,190,809,607,202
E02006849,2669,1197,416,781,1472,1192,280
E02006850,17982,5450,1549,3901,12532,11027,1505
E02006851,31076,10855,3797,7058,20221,18401,1820
E02006852,4425,1753,747,1006,2672,2209,463
E02006853,2777,459,131,328,2318,1877,441
E02006854,103915,6593,2066,4527,97322,61387,35935
E02006855,2692,1113,391,722,1579,1283,296
E02006856,9780,4165,1720,2445,5615,4704,911
E02006857,4497,1300,485,815,3197,2655,542
E02006858,1881,854,315,539,1027,826,201
E02006859,1883,725,251,474,1158,923,235
E02006860,2840,1182,292,890,1658,1371,287
E02006861,4142,1540,577,963,2602,2259,343
E02006862,1848,419,138,281,1429,1187,242
E02006863,1513,485,132,353,1028,791,237
E02006864,3158,814,270,544,2344,1911,433
E02006865,4633,1166,302,864,3467,2868,599
E02006866,917,349,120,229,568,455,113
E02006867,7204,1919,598,1321,5285,4177,1108
E02006868,11277,2763,757,2006,8514,7616,898
E02006869,2143,763,234,529,1380,1112,268
E02006870,6676,2242,714,1528,4434,3675,759
E02006871,2517,1078,335,743,1439,1191,248
E02006872,7123,1916,697,1219,5207,3958,1249
E02006873,3249,874,316,558,2375,1894,481
E02006874,4089,1164,373,791,2925,2368,557
E02006875,82685,19801,5819,13982,62884,54435,8449
E02006876,18762,3121,654,2467,15641,13290,2351
E02006877,7651,2056,629,1427,5595,4752,843
E02006878,1440,432,140,292,1008,770,238
E02006879,6576,2692,877,1815,3884,3357,527
E02006880,4349,1409,370,1039,2940,2591,349
E02006881,2341,965,271,694,1376,1168,208
E02006882,4349,1220,444,776,3129,2659,470
E02006883,2878,989,311,678,1889,1572,317
E02006884,4165,1227,359,868,2938,2403,535
E02006885,2872,979,334,645,1893,1525,368
E02006886,7015,1611,654,957,5404,4063,1341
E02006887,26471,4898,1415,3483,21573,18672,2901
E02006888,2788,864,260,604,1924,1640,284
E02006889,5514,1270,418,852,4244,3630,614
E02006890,1757,688,205,483,1069,859,210
E02006891,1895,687,278,409,1208,853,355
E02006892,3050,1361,440,921,1689,1393,296
E02006893,1817,694,232,462,1123,911,212
E02006894,6792,1990,579,1411,4802,4011,791
E02006895,5173,1288,316,972,3885,3434,451
E02006896,15373,5019,1880,3139,10354,9006,1348
E02006897,10032,2616,630,1986,7416,6671,745
E02006898,12935,2541,763,1778,10394,8881,1513
E02006899,52632,11392,3300,8092,41240,35112,6128
E02006900,7730,2771,839,1932,4959,4247,712
E02006901,5724,1593,431,1162,4131,3525,606
E02006902,51184,13120,4673,8447,38064,32691,5373
E02006903,3526,1321,309,1012,2205,1877,328
E02006904,29318,8785,3046,5739,20533,18429,2104
E02006905,11097,2448,661,1787,8649,7685,964
E02006906,4138,1267,429,838,2871,2267,604
E02006907,14157,4111,1483,2628,10046,8715,1331
E02006908,1691,440,127,313,1251,1032,219
E02006909,2097,747,246,501,1350,1015,335
E02006910,6952,2182,678,1504,4770,3903,867
E02006911,3537,1806,721,1085,1731,1442,289
E02006912,30342,5880,1630,4250,24462,21724,2738
E02006913,5869,1536,527,1009,4333,3872,461
E02006914,11071,2068,740,1328,9003,8079,924
E02006915,4774,1533,427,1106,3241,2793,448
E02006916,1557,324,105,219,1233,1040,193
E02006917,20690,3525,896,2629,17165,14359,2806
E02006918,1450,592,159,433,858,654,204
E02006919,2255,568,210,358,1687,1260,427
E02006920,1514,561,184,377,953,703,250
E02006921,1086,618,169,449,468,399,69
E02006922,3195,1090,413,677,2105,1613,492
E02006924,3072,1063,357,706,2009,1663,346
E02006925,4312,1234,411,823,3078,2571,507
E02006926,1451,505,184,321,946,723,223
E02006927,2604,916,320,596,1688,1313,375
E02006928,2549,792,287,505,1757,1411,346
E02006929,7714,2008,741,1267,5706,4637,1069
E02006930,3044,1225,423,802,1819,1394,425
E02006931,5204,1804,682,1122,3400,2780,620
E02006932,26970,9049,3115,5934,17921,16231,1690
E02006933,17076,6426,2537,3889,10650,9472,1178
E02006934,28523,5480,1199,4281,23043,20476,2567
W02000001,3011,705,264,441,2306,1885,421
W02000002,1278,415,162,253,863,591,272
W02000003,3776,1327,360,967,2449,1999,450
W02000004,2067,775,275,500,1292,976,316
W02000005,2185,894,288,606,1291,940,351
W02000006,4635,1274,333,941,3361,2962,399
W02000007,2769,561,182,379,2208,1717,491
W02000008,2112,730,286,444,1382,1144,238
W02000009,2572,629,188,441,1943,1507,436
W02000010,6359,2555,1022,1533,3804,3234,570
W02000011,6479,2215,615,1600,4264,3841,423
W02000012,2952,740,199,541,2212,1781,431
W02000013,1728,546,194,352,1182,910,272
W02000014,4642,1148,298,850,3494,3055,439
W02000015,4512,1399,362,1037,3113,2756,357
W02000016,4089,1404,447,957,2685,2327,358
W02000017,1794,578,172,406,1216,923,293
W02000018,2298,658,187,471,1640,1328,312
W02000019,3751,1286,399,887,2465,1944,521
W02000020,2537,680,228,452,1857,1384,473
W02000021,3614,1267,389,878,2347,1931,416
W02000022,2272,705,215,490,1567,1154,413
W02000023,2088,670,261,409,1418,1004,414
W02000024,2221,676,230,446,1545,1011,534
W02000025,3509,1177,371,806,2332,1887,445
W02000026,2781,941,282,659,1840,1378,462
W02000027,8202,3474,1055,2419,4728,3957,771
W02000028,1895,664,168,496,1231,1028,203
W02000029,1414,548,166,382,866,699,167
W02000030,2385,884,273,611,1501,1266,235
W02000031,2529,851,221,630,1678,1291,387
W02000032,2143,628,204,424,1515,1290,225
W02000033,4890,1503,371,1132,3387,3005,382
W02000034,2751,932,304,628,1819,1501,318
W02000035,1758,580,177,403,1178,920,258
W02000036,2628,987,299,688,1641,1342,299
W02000037,3597,982,288,694,2615,2240,375
W02000038,3154,962,296,666,2192,1805,387
W02000039,2042,650,207,443,1392,1141,251
W02000040,2255,633,214,419,1622,929,693
W02000041,3558,1105,321,784,2453,1751,702
W02000042,744,243,60,183,501,404,97
W02000043,2415,1037,287,750,1378,1146,232
W02000044,863,308,93,215,555,443,112
W02000045,5580,2144,538,1606,3436,3032,404
W02000047,2209,767,191,576,1442,1243,199
W02000049,1368,474,150,324,894,637,257
W02000050,8043,2078,427,1651,5965,5346,619
W02000051,3221,801,257,544,2420,2087,333
W02000052,2212,784,229,555,1428,1184,244
W02000053,2614,759,241,518,1855,1405,450
W02000054,2020,557,227,330,1463,1040,423
W02000055,3682,1185,373,812,2497,1967,530
W02000056,1810,503,172,331,1307,866,441
W02000057,2922,911,303,608,2011,1544,467
W02000058,1329,429,146,283,900,665,235
W02000059,1758,499,174,325,1259,992,267
W02000060,4203,1212,339,873,2991,2444,547
W02000061,4968,1336,384,952,3632,3211,421
W02000062,1086,439,127,312,647,510,137
W02000063,2205,640,268,372,1565,1079,486
W02000064,2890,673,206,467,2217,1944,273
W02000065,2159,738,242,496,1421,1214,207
W02000066,11716,2345,630,1715,9371,8194,1177
W02000067,781,290,101,189,491,394,97
W02000068,5227,1028,316,712,4199,3573,626
W02000069,2295,688,232,456,1607,1309,298
W02000070,4335,1086,368,718,3249,2745,504
W02000071,1141,432,166,266,709,566,143
W02000072,11250,1874,704,1170,9376,8543,833
W02000073,8129,2778,845,1933,5351,4694,657
W02000074,2714,835,237,598,1879,1638,241
W02000075,991,375,154,221,616,453,163
W02000076,1360,452,171,281,908,626,282
W02000077,1483,523,180,343,960,734,226
W02000080,1747,508,153,355,1239,956,283
W02000081,1152,398,106,292,754,641,113
W02000082,1134,373,115,258,761,630,131
W02000083,1339,540,151,389,799,629,170
W02000084,903,363,131,232,540,432,108
W02000085,8841,3428,1074,2354,5413,4852,561
W02000086,1697,741,174,567,956,838,118
W02000087,882,386,105,281,496,443,53
W02000088,10068,3691,857,2834,6377,5725,652
W02000089,4100,1632,527,1105,2468,2135,333
W02000090,1127,305,96,209,822,644,178
W02000091,1821,490,113,377,1331,1111,220
W02000092,2191,635,181,454,1556,1262,294
W02000093,2343,625,192,433,1718,1383,335
W02000094,1478,545,166,379,933,725,208
W02000095,2356,704,256,448,1652,1156,496
W02000096,2760,790,253,537,1970,1501,469
W02000097,3401,1004,395,609,2397,1455,942
W02000098,1523,431,169,262,1092,599,493
W02000099,5790,1657,437,1220,4133,3537,596
W02000100,2529,738,233,505,1791,1269,522
W02000101,1881,590,237,353,1291,873,418
W02000102,2108,663,254,409,1445,864,581
W02000103,1736,535,196,339,1201,649,552
W02000104,5183,1812,506,1306,3371,2885,486
W02000105,2832,674,185,489,2158,1856,302
W02000106,2544,807,295,512,1737,1172,565
W02000107,4016,1307,464,843,2709,1697,1012
W02000108,2241,670,256,414,1571,936,635
W02000109,3981,1396,383,1013,2585,2270,315
W02000110,2840,892,296,596,1948,1279,669
W02000111,4368,1330,441,889,3038,2195,843
W02000113,5409,1557,475,1082,3852,3177,675
W02000114,2459,814,336,478,1645,1139,506
W02000116,2000,620,220,400,1380,999,381
W02000117,6856,2691,1121,1570,4165,3581,584
W02000118,3956,1336,517,819,2620,2310,310
W02000120,2871,885,279,606,1986,1463,523
W02000122,2039,635,240,395,1404,817,587
W02000123,3777,1178,423,755,2599,1852,747
W02000124,4194,1462,460,1002,2732,2140,592
W02000125,2564,782,249,533,1782,1203,579
W02000126,2971,840,288,552,2131,1244,887
W02000127,3405,1235,405,830,2170,1504,666
W02000128,3431,964,366,598,2467,1739,728
W02000129,2579,709,243,466,1870,1272,598
W02000130,8087,3223,817,2406,4864,4394,470
W02000131,3457,1210,344,866,2247,1897,350
W02000132,3280,1118,348,770,2162,1530,632
W02000133,2688,840,284,556,1848,1226,622
W02000134,2320,695,218,477,1625,1278,347
W02000135,2464,792,228,564,1672,1395,277
W02000136,2344,885,358,527,1459,1029,430
W02000137,1655,665,187,478,990,789,201
W02000138,5063,1684,454,1230,3379,2832,547
W02000139,1839,644,254,390,1195,831,364
W02000140,4163,962,307,655,3201,2398,803
W02000141,3205,1254,367,887,1951,1555,396
W02000142,2116,454,136,318,1662,1200,462
W02000143,2343,688,243,445,1655,1071,584
W02000144,2854,817,272,545,2037,1274,763
W02000145,2911,890,267,623,2021,1351,670
W02000146,2017,632,204,428,1385,849,536
W02000147,3627,911,288,623,2716,2158,558
W02000148,3613,1289,330,959,2324,2094,230
W02000149,9393,3146,895,2251,6247,5475,772
W02000151,1307,425,115,310,882,700,182
W02000152,2408,533,165,368,1875,1519,356
W02000153,1775,508,177,331,1267,804,463
W02000154,3350,1136,326,810,2214,1835,379
W02000156,4205,1097,312,785,3108,2453,655
W02000157,1857,577,169,408,1280,952,328
W02000158,1031,306,122,184,725,524,201
W02000159,1196,397,133,264,799,624,175
W02000160,1159,408,130,278,751,576,175
W02000161,4488,991,198,793,3497,2935,562
W02000162,1565,601,190,411,964,725,239
W02000163,1522,589,147,442,933,801,132
W02000164,5300,1804,466,1338,3496,3082,414
W02000165,4211,1524,537,987,2687,2374,313
W02000166,2622,1002,331,671,1620,1425,195
W02000167,2531,961,225,736,1570,1302,268
W02000168,1472,534,144,390,938,754,184
W02000169,2352,716,213,503,1636,1341,295
W02000170,5088,1605,302,1303,3483,3072,411
W02000171,2937,637,192,445,2300,1966,334
W02000172,3415,1510,390,1120,1905,1629,276
W02000173,1427,415,104,311,1012,877,135
W02000174,1637,580,178,402,1057,878,179
W02000175,3344,1144,317,827,2200,1874,326
W02000176,5396,1366,246,1120,4030,3809,221
W02000177,10992,2993,775,2218,7999,6923,1076
W02000178,1471,439,111,328,1032,811,221
W02000179,1577,630,181,449,947,755,192
W02000180,3804,1487,433,1054,2317,2010,307
W02000181,7053,1828,498,1330,5225,4741,484
W02000182,2092,600,161,439,1492,1331,161
W02000183,3540,1153,412,741,2387,2053,334
W02000184,3380,782,221,561,2598,2251,347
W02000185,986,307,115,192,679,466,213
W02000186,924,391,91,300,533,449,84
W02000187,753,298,112,186,455,349,106
W02000188,4214,896,223,673,3318,2868,450
W02000189,2798,963,245,718,1835,1622,213
W02000190,910,443,184,259,467,386,81
W02000191,2858,1190,339,851,1668,1457,211
W02000192,19645,7629,2473,5156,12016,10906,1110
W02000193,3341,1345,443,902,1996,1713,283
W02000194,6769,2109,632,1477,4660,3996,664
W02000195,1165,486,220,266,679,538,141
W02000196,1002,415,126,289,587,467,120
W02000197,1959,710,279,431,1249,867,382
W02000198,2168,900,331,569,1268,1015,253
W02000200,1065,305,87,218,760,593,167
W02000201,1286,420,156,264,866,661,205
W02000202,3263,1191,382,809,2072,1720,352
W02000203,1701,454,131,323,1247,1040,207
W02000204,980,342,107,235,638,519,119
W02000205,3131,1032,292,740,2099,1862,237
W02000206,5286,2209,567,1642,3077,2719,358
W02000207,672,231,65,166,441,348,93
W02000208,4864,1137,292,845,3727,3191,536
W02000209,838,347,104,243,491,389,102
W02000210,832,319,75,244,513,438,75
W02000211,3534,819,254,565,2715,2357,358
W02000212,1363,375,115,260,988,829,159
W02000213,2163,508,151,357,1655,1396,259
W02000214,2487,773,184,589,1714,1500,214
W02000215,5528,2150,543,1607,3378,3063,315
W02000216,2543,927,267,660,1616,1406,210
W02000217,8304,939,359,580,7365,6464,901
W02000218,985,380,92,288,605,487,118
W02000219,2153,950,242,708,1203,1033,170
W02000220,1337,457,146,311,880,712,168
W02000221,1538,573,183,390,965,824,141
W02000222,1016,334,105,229,682,547,135
W02000223,1743,593,151,442,1150,954,196
W02000224,3000,1076,420,656,1924,1656,268
W02000225,3202,782,206,576,2420,1949,471
W02000226,4329,1087,292,795,3242,2787,455
W02000227,1083,378,113,265,705,534,171
W02000228,5374,1518,337,1181,3856,3424,432
W02000229,744,261,86,175,483,367,116
W02000230,4118,1473,444,1029,2645,2331,314
W02000231,10137,3711,986,2725,6426,5715,711
W02000232,13041,1548,459,1089,11493,9692,1801
W02000233,746,309,95,214,437,352,85
W02000234,1529,553,180,373,976,790,186
W02000235,2935,1271,396,875,1664,1321,343
W02000236,1456,581,208,373,875,707,168
W02000237,1898,526,211,315,1372,971,401
W02000238,2525,974,413,561,1551,1167,384
W02000239,5120,1762,571,1191,3358,2759,599
W02000240,4664,1356,287,1069,3308,2911,397
W02000241,4664,1824,555,1269,2840,2370,470
W02000242,1751,669,238,431,1082,852,230
W02000243,1520,566,149,417,954,800,154
W02000244,1699,619,224,395,1080,840,240
W02000245,2754,642,210,432,2112,1720,392
W02000246,1384,506,155,351,878,717,161
W02000247,2061,865,308,557,1196,909,287
W02000248,4496,1770,541,1229,2726,2362,364
W02000249,2043,842,209,633,1201,962,239
W02000250,5648,940,341,599,4708,3699,1009
W02000251,3347,898,284,614,2449,1892,557
W02000252,2396,606,202,404,1790,1425,365
W02000253,3053,1207,332,875,1846,1618,228
W02000254,2003,785,239,546,1218,1038,180
W02000255,1948,768,183,585,1180,1019,161
W02000256,2104,651,201,450,1453,1247,206
W02000257,2001,598,173,425,1403,1211,192
W02000258,905,303,81,222,602,514,88
W02000259,715,261,68,193,454,363,91
W02000260,1244,430,123,307,814,719,95
W02000261,2409,781,217,564,1628,1435,193
W02000262,993,361,96,265,632,517,115
W02000263,2472,587,140,447,1885,1637,248
W02000264,785,255,85,170,530,450,80
W02000265,2713,1007,259,748,1706,1499,207
W02000266,911,328,105,223,583,435,148
W02000267,2097,796,189,607,1301,1147,154
W02000268,2208,752,201,551,1456,1235,221
W02000269,1731,620,183,437,1111,926,185
W02000270,1722,633,193,440,1089,908,181
W02000271,1868,570,164,406,1298,1170,128
W02000272,5512,1935,514,1421,3577,3196,381
W02000273,4172,1408,549,859,2764,2385,379
W02000274,2949,787,170,617,2162,1906,256
W02000275,1020,367,87,280,653,520,133
W02000276,2678,647,175,472,2031,1685,346
W02000277,8416,1958,526,1432,6458,5355,1103
W02000278,2018,558,189,369,1460,1140,320
W02000279,1383,448,143,305,935,781,154
W02000280,3297,810,225,585,2487,2098,389
W02000281,10454,3153,924,2229,7301,6541,760
W02000282,3896,1026,327,699,2870,2299,571
W02000284,4554,1132,281,851,3422,2950,472
W02000285,2322,1018,437,581,1304,1098,206
W02000286,7935,2584,612,1972,5351,4905,446
W02000287,2594,532,158,374,2062,1796,266
W02000288,2543,693,208,485,1850,1608,242
W02000289,1173,369,110,259,804,657,147
W02000290,2331,629,177,452,1702,1429,273
W02000291,1095,299,89,210,796,599,197
W02000292,1139,326,88,238,813,693,120
W02000293,1531,622,167,455,909,786,123
W02000294,1020,369,126,243,651,528,123
W02000295,4549,722,243,479,3827,3298,529
W02000296,1487,455,140,315,1032,820,212
W02000297,2334,623,152,471,1711,1471,240
W02000298,3394,1631,472,1159,1763,1525,238
W02000299,1501,462,149,313,1039,880,159
W02000300,3499,925,297,628,2574,2238,336
W02000301,3209,558,174,384,2651,2306,345
W02000302,5317,1600,414,1186,3717,3237,480
W02000303,2417,605,187,418,1812,1492,320
W02000304,1685,326,103,223,1359,1201,158
W02000305,678,233,99,134,445,359,86
W02000306,2119,822,278,544,1297,1081,216
W02000307,864,314,99,215,550,432,118
W02000308,1245,445,158,287,800,639,161
W02000309,4143,828,254,574,3315,2810,505
W02000310,2045,505,143,362,1540,1302,238
W02000311,3765,1508,438,1070,2257,1971,286
W02000312,1734,460,146,314,1274,1095,179
W02000313,5546,1684,407,1277,3862,3371,491
W02000314,2609,478,143,335,2131,1863,268
W02000315,1802,533,156,377,1269,1060,209
W02000316,2543,477,139,338,2066,1819,247
W02000317,3698,1381,388,993,2317,2087,230
W02000318,2364,859,219,640,1505,1324,181
W02000319,2173,725,209,516,1448,1185,263
W02000320,3348,1222,379,843,2126,1835,291
W02000321,2576,808,215,593,1768,1535,233
W02000322,908,290,85,205,618,500,118
W02000323,1734,383,105,278,1351,1155,196
W02000324,998,347,111,236,651,536,115
W02000325,1141,405,117,288,736,638,98
W02000326,4769,1655,506,1149,3114,2731,383
W02000327,2551,609,181,428,1942,1688,254
W02000328,3049,768,174,594,2281,2017,264
W02000329,2392,674,184,490,1718,1428,290
W02000330,3689,920,224,696,2769,2462,307
W02000331,678,251,85,166,427,346,81
W02000332,8169,3210,1003,2207,4959,4403,556
W02000333,960,355,108,247,605,494,111
W02000334,708,239,94,145,469,372,97
W02000335,8025,1483,407,1076,6542,5639,903
W02000336,7378,2504,658,1846,4874,4018,856
W02000337,1294,434,132,302,860,685,175
W02000338,2050,623,210,413,1427,1152,275
W02000339,5006,1803,661,1142,3203,2554,649
W02000340,3038,889,341,548,2149,1469,680
W02000341,4272,1151,446,705,3121,2494,627
W02000342,2644,991,366,625,1653,1182,471
W02000343,5163,1544,508,1036,3619,2934,685
W02000344,2718,801,343,458,1917,1445,472
W02000345,2467,964,342,622,1503,1233,270
W02000346,2034,584,222,362,1450,1162,288
W02000347,3799,1276,464,812,2523,2079,444
W02000348,1560,685,203,482,875,723,152
W02000349,996,409,82,327,587,473,114
W02000350,5685,1117,306,811,4568,3782,786
W02000351,570,205,69,136,365,283,82
W02000352,2617,795,226,569,1822,1556,266
W02000353,1960,674,211,463,1286,1055,231
W02000354,708,289,76,213,419,345,74
W02000355,2350,551,203,348,1799,1514,285
W02000356,1131,377,124,253,754,630,124
W02000357,2217,834,233,601,1383,1172,211
W02000358,2866,842,210,632,2024,1767,257
W02000359,2255,677,190,487,1578,1316,262
W02000360,12492,4829,1185,3644,7663,6915,748
W02000361,8478,1739,580,1159,6739,5524,1215
W02000362,1239,332,123,209,907,706,201
W02000363,1282,649,214,435,633,553,80
W02000364,6505,1923,471,1452,4582,3876,706
W02000365,2410,681,169,512,1729,1499,230
W02000366,12240,2309,450,1859,9931,9023,908
W02000367,1309,501,189,312,808,640,168
W02000368,881,368,137,231,513,390,123
W02000369,6637,1543,413,1130,5094,4467,627
W02000370,960,364,168,196,596,455,141
W02000371,7919,2144,475,1669,5775,5281,494
W02000372,2541,715,252,463,1826,1491,335
W02000373,2024,518,119,399,1506,1312,194
W02000374,950,397,164,233,553,418,135
W02000375,2140,542,158,384,1598,1372,226
W02000376,4621,1200,331,869,3421,3028,393
W02000377,6070,1131,294,837,4939,4140,799
W02000378,1253,498,167,331,755,591,164
W02000379,554,207,66,141,347,291,56
W02000380,1715,629,229,400,1086,878,208
W02000381,907,275,76,199,632,515,117
W02000382,1309,405,103,302,904,785,119
W02000383,909,339,109,230,570,461,109
W02000384,12402,2927,570,2357,9475,8406,1069
W02000385,1517,619,271,348,898,710,188
W02000386,2656,949,314,635,1707,1409,298
W02000387,2428,746,181,565,1682,1445,237
W02000388,3019,608,184,424,2411,2009,402
W02000389,1571,498,142,356,1073,888,185
W02000390,1092,391,152,239,701,551,150
W02000391,4700,1592,506,1086,3108,2792,316
W02000392,6276,1945,776,1169,4331,3667,664
W02000393,828,305,85,220,523,445,78
W02000394,2779,1065,504,561,1714,1436,278
W02000395,3623,1261,457,804,2362,1993,369
W02000396,2284,1005,383,622,1279,1054,225
W02000397,1793,564,145,419,1229,1010,219
W02000398,37020,11606,4786,6820,25414,22600,2814
W02000399,5338,1692,619,1073,3646,3186,460
W02000400,5475,1688,485,1203,3787,3232,555
W02000401,966,271,86,185,695,568,127
W02000402,7214,1722,483,1239,5492,5038,454
W02000403,2694,644,174,470,2050,1693,357
W02000404,5856,993,266,727,4863,4098,765
W02000405,604,238,57,181,366,287,79
W02000406,5966,2106,653,1453,3860,3263,597
W02000407,2013,663,181,482,1350,1142,208
W02000408,2267,722,189,533,1545,1325,220
W02000409,1049,429,134,295,620,525,95
W02000410,1248,513,158,355,735,568,167
W02000411,1070,385,105,280,685,546,139
W02000412,5268,1119,300,819,4149,3426,723
W02000414,2236,561,229,332,1675,964,711
W02000415,3735,1239,238,1001,2496,2213,283
W02000416,3065,1145,286,859,1920,1556,364
W02000417,1594,539,153,386,1055,816,239
W02000418,4469,1234,406,828,3235,2191,1044
W02000419,1654,577,167,410,1077,869,208
W02000420,14898,2445,847,1598,12453,10633,1820
W02000421,4169,1193,386,807,2976,2065,911
W02000422,13519,3383,1061,2322,10136,8779,1357
W02000423,12468,2387,458,1929,10081,8928,1153
E33000001,994,165,52,113,829,806,23
E33000002,330,107,13,94,223,182,41
E33000003,778,123,30,93,655,558,97
E33000004,354,38,7,31,316,272,44
E33000005,670,128,36,92,542,505,37
E33000006,378,177,45,132,201,191,10
E33000007,449,158,29,129,291,275,16
E33000008,2952,797,139,658,2155,2058,97
E33000009,205,65,12,53,140,117,23
E33000010,580,50,19,31,530,471,59
E33000011,593,42,10,32,551,515,36
E33000012,338,110,28,82,228,203,25
E33000013,319,107,28,79,212,162,50
E33000014,343,71,16,55,272,247,25
E33000015,230,29,9,20,201,171,30
E33000016,454,45,16,29,409,284,125
E33000017,248,35,7,28,213,179,34
E33000018,251,22,6,16,229,183,46
E33000019,270,36,6,30,234,200,34
E33000020,464,61,14,47,403,368,35
E33000021,413,44,10,34,369,312,57
E33000022,419,29,10,19,390,273,117
E33000023,700,74,22,52,626,542,84
E33000024,267,72,12,60,195,165,30
E33000025,285,64,16,48,221,195,26
E33000026,310,63,10,53,247,210,37
E33000027,463,80,30,50,383,320,63
E33000028,370,46,13,33,324,285,39
E33000029,727,133,28,105,594,525,69
E33000030,273,40,12,28,233,195,38
E33000031,641,110,25,85,531,478,53
E33000032,290,79,17,62,211,174,37
E33000033,1116,541,242,299,575,507,68
E33000034,210,32,11,21,178,150,28
E33000035,509,62,13,49,447,415,32
E33000036,683,44,12,32,639,554,85
E33000037,650,111,20,91,539,481,58
E33000038,295,89,30,59,206,144,62
E33000039,199,26,8,18,173,143,30
E33000040,355,34,10,24,321,287,34
E33000041,193,18,7,11,175,139,36
E33000042,492,113,15,98,379,338,41
E33000043,1253,210,26,184,1043,859,184
E33000044,822,119,23,96,703,613,90
E33000045,349,71,7,64,278,225,53
E33000046,393,43,8,35,350,303,47
E33000047,412,80,10,70,332,285,47
E33000048,714,234,64,170,480,423,57
E33000049,826,74,19,55,752,640,112
E33000050,463,66,8,58,397,378,19
E33000051,1011,99,22,77,912,796,116
E33000052,894,167,36,131,727,590,137
E33000053,347,46,5,41,301,241,60
E33000054,1569,169,48,121,1400,1193,207
E33000055,611,150,30,120,461,438,23
E33000056,494,24,9,15,470,408,62
E33000057,864,126,35,91,738,646,92
E33000058,454,29,3,26,425,360,65
E33000059,1095,277,39,238,818,712,106
E33000060,379,65,4,61,314,257,57
E33000061,232,62,13,49,170,141,29
E33000062,209,61,31,30,148,125,23
E33000063,7990,4725,1797,2928,3265,2984,281
E33000064,251,117,36,81,134,117,17
E33000065,1186,223,64,159,963,836,127
E33000066,769,216,80,136,553,494,59
E33000067,695,104,24,80,591,465,126
E33000068,681,37,12,25,644,524,120
E33000069,406,78,18,60,328,311,17
E33000070,1032,497,130,367,535,484,51
E33000071,271,81,11,70,190,185,5
E33000072,721,109,25,84,612,586,26
E33000073,310,69,12,57,241,212,29
E33000074,699,66,13,53,633,598,35
E33000075,636,98,14,84,538,471,67
E33000076,739,89,27,62,650,593,57
E33000077,590,160,22,138,430,419,11
E33000078,3523,549,73,476,2974,2748,226
E33000079,214,41,14,27,173,165,8
E33000080,390,180,49,131,210,183,27
E33000081,539,152,65,87,387,357,30
E33000082,232,74,18,56,158,151,7
E33000083,1599,323,68,255,1276,1176,100
E33000084,688,107,45,62,581,501,80
E33000085,262,18,3,15,244,215,29
E33000086,286,116,43,73,170,129,41
E33000087,351,111,41,70,240,207,33
E33000088,503,112,34,78,391,311,80
E33000089,453,107,27,80,346,312,34
E33000090,364,77,18,59,287,202,85
E33000091,437,62,14,48,375,349,26
E33000092,303,45,15,30,258,215,43
E33000093,1823,269,41,228,1554,1419,135
E33000094,405,201,61,140,204,187,17
E33000095,431,36,5,31,395,346,49
E33000096,905,68,16,52,837,698,139
E33000097,435,188,47,141,247,235,12
E33000098,391,94,21,73,297,266,31
E33000099,742,447,214,233,295,269,26
E33000100,337,205,107,98,132,122,10
E33000101,246,106,27,79,140,133,7
E33000102,566,180,53,127,386,348,38
E33000103,570,209,75,134,361,320,41
E33000104,297,98,49,49,199,179,20
E33000105,326,176,63,113,150,126,24
E33000106,733,241,111,130,492,463,29
E33000107,3113,715,310,405,2398,2008,390
E33000108,2031,457,119,338,1574,1493,81
E33000109,2710,1562,510,1052,1148,1092,56
E33000110,250,72,19,53,178,157,21
E33000111,691,96,19,77,595,494,101
E33000112,2380,531,207,324,1849,1650,199
E33000113,230,75,16,59,155,139,16
E33000114,504,204,59,145,300,273,27
E33000115,234,59,30,29,175,168,7
E33000116,953,629,335,294,324,289,35
E33000117,892,155,40,115,737,555,182
E33000118,5201,1391,234,1157,3810,3347,463
E33000119,512,142,42,100,370,275,95
E33000120,634,129,53,76,505,468,37
E33000121,237,115,33,82,122,106,16
E33000122,327,106,30,76,221,185,36
E33000123,391,142,36,106,249,210,39
E33000124,873,59,22,37,814,678,136
E33000125,1798,476,135,341,1322,1188,134
E33000126,445,80,20,60,365,314,51
E33000127,584,155,37,118,429,373,56
E33000128,256,114,49,65,142,105,37
E33000129,538,74,22,52,464,420,44
E33000130,253,106,29,77,147,127,20
E33000131,622,96,28,68,526,507,19
E33000132,559,120,35,85,439,380,59
E33000133,689,203,34,169,486,453,33
E33000134,2200,552,101,451,1648,1472,176
E33000135,924,243,74,169,681,564,117
E33000136,237,60,15,45,177,164,13
E33000137,229,21,6,15,208,193,15
E33000138,229,46,17,29,183,174,9
E33000139,302,29,8,21,273,249,24
E33000140,121,23,2,21,98,88,10
E33000141,384,52,10,42,332,288,44
E33000142,623,66,20,46,557,526,31
E33000143,233,36,5,31,197,177,20
E33000144,201,20,4,16,181,149,32
E33000145,360,49,5,44,311,279,32
E33000146,494,239,62,177,255,237,18
E33000147,417,59,7,52,358,320,38
E33000148,447,94,24,70,353,296,57
E33000149,551,77,14,63,474,385,89
E33000150,369,39,9,30,330,265,65
E33000151,1732,277,62,215,1455,1345,110
E33000152,264,22,2,20,242,230,12
E33000153,4693,904,127,777,3789,3621,168
E33000154,411,102,11,91,309,283,26
E33000155,578,66,16,50,512,458,54
E33000156,2172,770,311,459,1402,1244,158
E33000157,511,31,11,20,480,423,57
E33000158,236,28,6,22,208,170,38
E33000159,2156,440,87,353,1716,1560,156
E33000160,2698,509,89,420,2189,2025,164
E33000161,643,131,12,119,512,482,30
E33000162,1114,136,23,113,978,906,72
E33000163,915,210,35,175,705,672,33
E33000164,497,284,65,219,213,191,22
E33000165,227,61,18,43,166,144,22
E33000166,210,64,9,55,146,125,21
E33000167,204,93,19,74,111,100,11
E33000168,217,71,24,47,146,133,13
E33000169,215,75,17,58,140,114,26
E33000170,223,109,23,86,114,94,20
E33000171,856,205,79,126,651,593,58
E33000172,2879,877,149,728,2002,1806,196
E33000173,2293,500,77,423,1793,1697,96
E33000174,869,291,87,204,578,523,55
E33000175,384,74,20,54,310,248,62
E33000176,731,168,9,159,563,518,45
E33000177,417,111,24,87,306,236,70
E33000178,567,109,29,80,458,342,116
E33000179,267,93,23,70,174,144,30
E33000180,414,180,50,130,234,203,31
E33000181,280,158,41,117,122,102,20
E33000182,1624,455,129,326,1169,1103,66
E33000183,634,75,18,57,559,513,46
E33000184,234,37,18,19,197,174,23
E33000185,460,90,34,56,370,319,51
E33000186,328,77,18,59,251,211,40
E33000187,840,79,25,54,761,665,96
E33000188,212,60,11,49,152,137,15
E33000189,299,95,11,84,204,188,16
E33000190,308,128,23,105,180,166,14
E33000191,554,317,67,250,237,211,26
E33000192,249,123,12,111,126,115,11
E33000193,599,140,38,102,459,406,53
E33000194,1149,671,139,532,478,425,53
E33000195,1132,306,92,214,826,713,113
E33000196,767,93,32,61,674,604,70
E33000197,961,175,39,136,786,663,123
E33000198,1115,139,39,100,976,815,161
E33000199,262,188,83,105,74,65,9
E33000200,228,98,29,69,130,120,10
E33000201,276,82,15,67,194,176,18
E33000202,279,164,36,128,115,105,10
E33000203,854,503,74,429,351,299,52
E33000204,546,176,30,146,370,348,22
E33000205,303,110,19,91,193,183,10
E33000206,215,76,18,58,139,128,11
E33000207,210,97,30,67,113,96,17
E33000208,345,92,24,68,253,209,44
E33000209,554,97,26,71,457,387,70
E33000210,241,31,11,20,210,183,27
E33000211,688,104,32,72,584,448,136
E33000212,1615,423,64,359,1192,1104,88
E33000213,437,38,9,29,399,370,29
E33000214,1005,313,83,230,692,634,58
E33000215,295,154,23,131,141,128,13
E33000216,238,140,48,92,98,84,14
E33000217,1926,1209,457,752,717,675,42
E33000218,280,166,31,135,114,109,5
E33000219,466,214,49,165,252,239,13
E33000220,1192,108,42,66,1084,959,125
E33000221,131,60,18,42,71,67,4
E33000222,1504,438,61,377,1066,1025,41
E33000223,226,147,49,98,79,58,21
E33000224,4726,1343,236,1107,3383,3071,312
E33000225,796,97,32,65,699,649,50
E33000226,673,191,54,137,482,436,46
E33000227,287,88,32,56,199,156,43
E33000228,870,85,27,58,785,681,104
E33000229,1618,252,25,227,1366,1310,56
E33000230,312,141,26,115,171,152,19
E33000231,254,79,20,59,175,168,7
E33000232,313,184,45,139,129,119,10
E33000233,214,88,10,78,126,113,13
E33000234,628,26,13,13,602,556,46
E33000235,292,137,42,95,155,114,41
E33000236,2028,406,31,375,1622,1529,93
E33000237,699,228,18,210,471,448,23
E33000238,2940,583,57,526,2357,2232,125
E33000239,762,451,84,367,311,292,19
E33000240,686,216,52,164,470,403,67
E33000241,1996,382,57,325,1614,1534,80
E33000242,349,177,26,151,172,149,23
E33000243,320,50,13,37,270,254,16
E33000244,212,43,7,36,169,153,16
E33000245,777,134,22,112,643,546,97
E33000246,219,37,8,29,182,163,19
E33000247,249,27,5,22,222,168,54
E33000248,450,79,10,69,371,294,77
E33000249,535,68,7,61,467,400,67
E33000250,1061,233,47,186,828,749,79
E33000251,656,161,35,126,495,446,49
E33000252,202,83,24,59,119,114,5
E33000253,228,85,17,68,143,134,9
E33000254,609,299,70,229,310,275,35
E33000255,470,118,18,100,352,342,10
E33000256,376,116,23,93,260,245,15
E33000257,2842,1617,477,1140,1225,1140,85
E33000258,729,211,14,197,518,502,16
E33000259,491,105,36,69,386,331,55
E33000260,891,83,24,59,808,682,126
E33000261,610,26,8,18,584,541,43
E33000262,6565,310,127,183,6255,5562,693
E33000263,1060,113,35,78,947,880,67
E33000264,1112,150,46,104,962,868,94
E33000265,916,84,28,56,832,749,83
E33000266,1068,205,38,167,863,755,108
E33000267,326,47,16,31,279,236,43
E33000268,606,117,29,88,489,427,62
E33000269,1587,553,72,481,1034,969,65
E33000270,402,170,39,131,232,210,22
E33000271,1375,422,135,287,953,873,80
E33000272,1428,888,221,667,540,510,30
E33000273,402,141,31,110,261,223,38
E33000274,672,231,51,180,441,379,62
E33000275,417,93,41,52,324,288,36
E33000276,446,49,12,37,397,346,51
E33000277,1078,163,69,94,915,805,110
E33000278,1283,100,25,75,1183,979,204
E33000279,222,99,14,85,123,112,11
E33000280,335,80,19,61,255,248,7
E33000281,330,93,30,63,237,211,26
E33000282,618,241,76,165,377,335,42
E33000283,237,125,24,101,112,98,14
E33000284,321,171,54,117,150,138,12
E33000285,519,326,120,206,193,181,12
E33000286,269,120,18,102,149,128,21
E33000287,310,182,54,128,128,124,4
E33000288,256,86,16,70,170,160,10
E33000289,253,109,20,89,144,129,15
E33000290,487,216,45,171,271,233,38
E33000291,360,129,26,103,231,203,28
E33000292,371,109,22,87,262,220,42
E33000293,358,112,20,92,246,214,32
E33000294,517,116,26,90,401,371,30
E33000295,7837,2575,405,2170,5262,4760,502
E33000296,1038,616,187,429,422,392,30
E33000297,255,119,35,84,136,115,21
E33000298,214,57,20,37,157,127,30
E33000299,795,154,31,123,641,580,61
E33000300,573,98,28,70,475,396,79
E33000301,319,61,14,47,258,238,20
E33000302,779,207,62,145,572,530,42
E33000303,406,79,17,62,327,297,30
E33000304,573,401,164,237,172,148,24
E33000305,751,391,113,278,360,325,35
E33000306,359,96,21,75,263,187,76
E33000307,463,222,152,70,241,211,30
E33000308,266,28,8,20,238,198,40
E33000309,239,33,8,25,206,168,38
E33000310,462,175,35,140,287,271,16
E33000311,385,118,34,84,267,249,18
E33000312,774,372,129,243,402,363,39
E33000313,228,89,38,51,139,130,9
E33000314,498,216,101,115,282,265,17
E33000315,394,113,44,69,281,257,24
E33000316,501,216,65,151,285,273,12
E33000317,767,269,49,220,498,460,38
E33000318,657,438,142,296,219,191,28
E33000319,240,89,39,50,151,124,27
E33000320,292,159,50,109,133,102,31
E33000321,228,90,22,68,138,127,11
E33000322,209,103,15,88,106,90,16
E33000323,223,108,26,82,115,104,11
E33000324,228,86,24,62,142,124,18
E33000325,261,105,28,77,156,139,17
E33000326,344,221,76,145,123,111,12
E33000327,673,167,32,135,506,442,64
E33000328,1580,139,31,108,1441,1289,152
E33000329,413,36,7,29,377,330,47
E33000330,410,56,17,39,354,279,75
E33000331,420,85,29,56,335,280,55
E33000332,1562,98,32,66,1464,1316,148
E33000333,501,46,12,34,455,348,107
E33000334,1240,114,20,94,1126,960,166
E33000335,575,114,28,86,461,416,45
E33000336,408,216,46,170,192,165,27
E33000337,539,205,59,146,334,305,29
E33000338,290,111,37,74,179,146,33
E33000339,589,315,101,214,274,236,38
E33000340,270,126,45,81,144,115,29
E33000341,233,120,54,66,113,91,22
E33000342,222,31,13,18,191,168,23
E33000343,488,72,18,54,416,273,143
E33000344,847,279,101,178,568,495,73
E33000345,573,257,61,196,316,283,33
E33000346,746,341,137,204,405,354,51
E33000347,157,41,16,25,116,96,20
E33000348,619,66,20,46,553,455,98
E33000349,324,44,29,15,280,241,39
E33000350,474,46,10,36,428,302,126
E33000351,248,30,7,23,218,202,16
E33000352,891,94,24,70,797,635,162
E33000353,264,45,11,34,219,171,48
E33000354,1530,72,25,47,1458,1317,141
E33000355,612,42,15,27,570,485,85
E33000356,496,41,14,27,455,342,113
E33000357,434,155,10,145,279,235,44
E33000358,229,43,16,27,186,137,49
E33000359,467,185,21,164,282,265,17
E33000360,3312,1190,148,1042,2122,1918,204
E33000361,1011,511,118,393,500,457,43
E33000362,550,145,23,122,405,370,35
E33000363,350,83,18,65,267,231,36
E33000364,282,159,47,112,123,110,13
E33000365,206,77,13,64,129,120,9
E33000366,316,107,19,88,209,198,11
E33000367,205,128,37,91,77,65,12
E33000368,391,126,19,107,265,253,12
E33000369,402,231,79,152,171,156,15
E33000370,202,89,15,74,113,102,11
E33000371,233,53,13,40,180,156,24
E33000372,714,160,19,141,554,484,70
E33000373,404,58,16,42,346,282,64
E33000374,484,63,16,47,421,345,76
E33000375,744,464,98,366,280,248,32
E33000376,271,60,15,45,211,181,30
E33000377,227,73,17,56,154,139,15
E33000378,271,76,12,64,195,169,26
E33000379,233,62,16,46,171,151,20
E33000380,433,167,58,109,266,243,23
E33000381,469,120,34,86,349,296,53
E33000382,214,87,27,60,127,111,16
E33000383,390,169,55,114,221,182,39
E33000384,616,305,72,233,311,285,26
E33000385,272,95,24,71,177,176,1
E33000386,264,166,31,135,98,83,15
E33000387,215,85,12,73,130,125,5
E33000388,213,106,23,83,107,95,12
E33000389,220,141,42,99,79,76,3
E33000390,751,156,42,114,595,527,68
E33000391,813,65,16,49,748,617,131
E33000392,954,108,17,91,846,764,82
E33000393,880,413,80,333,467,429,38
E33000394,277,153,32,121,124,113,11
E33000395,320,136,27,109,184,172,12
E33000396,725,261,45,216,464,418,46
E33000397,508,297,97,200,211,188,23
E33000398,1498,1016,425,591,482,454,28
E33000399,2225,509,62,447,1716,1637,79
E33000400,644,206,18,188,438,420,18
E33000401,573,155,68,87,418,370,48
E33000402,236,54,4,50,182,173,9
E33000403,705,137,30,107,568,550,18
E33000404,585,117,23,94,468,433,35
E33000405,303,74,16,58,229,196,33
E33000406,790,112,42,70,678,603,75
E33000407,337,149,56,93,188,156,32
E33000408,586,252,112,140,334,279,55
E33000409,221,91,30,61,130,101,29
E33000410,306,136,34,102,170,152,18
E33000411,312,139,46,93,173,140,33
E33000412,506,330,94,236,176,168,8
E33000413,343,152,44,108,191,172,19
E33000414,243,126,36,90,117,101,16
E33000415,523,167,47,120,356,318,38
E33000416,217,76,31,45,141,120,21
E33000417,285,57,13,44,228,184,44
E33000418,256,77,18,59,179,157,22
E33000419,263,116,33,83,147,129,18
E33000420,313,89,32,57,224,187,37
E33000421,1493,425,116,309,1068,976,92
E33000422,672,158,34,124,514,487,27
E33000423,618,389,161,228,229,203,26
E33000424,340,125,16,109,215,202,13
E33000425,249,158,48,110,91,88,3
E33000426,222,116,34,82,106,94,12
E33000427,468,298,151,147,170,160,10
E33000428,374,79,35,44,295,262,33
E33000429,285,40,10,30,245,218,27
E33000430,203,48,13,35,155,137,18
E33000431,483,160,38,122,323,285,38
E33000432,235,44,17,27,191,162,29
E33000433,369,70,21,49,299,228,71
E33000434,311,89,19,70,222,189,33
E33000435,241,93,23,70,148,132,16
E33000436,310,104,31,73,206,175,31
E33000437,421,134,33,101,287,237,50
E33000438,293,151,49,102,142,119,23
E33000439,687,95,16,79,592,507,85
E33000440,361,36,12,24,325,270,55
E33000441,462,44,15,29,418,323,95
E33000442,502,63,14,49,439,382,57
E33000443,377,70,24,46,307,246,61
E33000444,452,68,10,58,384,359,25
E33000445,355,94,26,68,261,213,48
E33000446,397,76,16,60,321,266,55
E33000447,1030,268,86,182,762,697,65
E33000448,544,117,26,91,427,377,50
E33000449,567,146,49,97,421,399,22
E33000450,955,239,31,208,716,687,29
E33000451,627,159,20,139,468,435,33
E33000452,445,118,23,95,327,307,20
E33000453,203,60,11,49,143,119,24
E33000454,772,391,118,273,381,319,62
E33000455,3278,528,65,463,2750,2601,149
E33000456,286,34,5,29,252,215,37
E33000457,1211,154,31,123,1057,893,164
E33000458,547,53,12,41,494,469,25
E33000459,666,199,46,153,467,431,36
E33000460,341,193,44,149,148,130,18
E33000461,213,107,22,85,106,88,18
E33000462,304,115,42,73,189,144,45
E33000463,277,136,39,97,141,119,22
E33000464,394,170,43,127,224,201,23
E33000465,392,36,8,28,356,303,53
E33000466,474,67,9,58,407,316,91
E33000467,258,46,8,38,212,176,36
E33000468,398,43,8,35,355,242,113
E33000469,539,56,23,33,483,432,51
E33000470,878,121,40,81,757,698,59
E33000471,567,147,19,128,420,361,59
E33000472,376,87,19,68,289,261,28
E33000473,295,131,21,110,164,145,19
E33000474,483,265,72,193,218,174,44
E33000475,341,138,43,95,203,170,33
E33000476,212,101,20,81,111,103,8
E33000477,263,44,16,28,219,197,22
E33000478,775,93,22,71,682,605,77
E33000479,286,81,24,57,205,199,6
E33000480,348,157,69,88,191,154,37
E33000481,726,449,90,359,277,242,35
E33000482,425,211,59,152,214,206,8
E33000483,150,81,22,59,69,60,9
E33000484,371,138,27,111,233,211,22
E33000485,193,60,23,37,133,88,45
E33000486,957,287,118,169,670,568,102
E33000487,563,78,13,65,485,396,89
E33000488,1132,138,43,95,994,868,126
E33000489,305,25,3,22,280,243,37
E33000490,447,127,26,101,320,254,66
E33000491,276,56,20,36,220,189,31
E33000492,460,85,18,67,375,322,53
E33000493,387,107,39,68,280,258,22
E33000494,240,156,57,99,84,73,11
E33000495,475,57,17,40,418,379,39
E33000496,363,148,61,87,215,164,51
E33000497,504,63,17,46,441,372,69
E33000498,529,125,28,97,404,363,41
E33000499,1397,131,45,86,1266,1063,203
E33000500,616,327,120,207,289,256,33
E33000501,262,82,19,63,180,156,24
E33000502,503,134,29,105,369,352,17
E33000503,323,100,40,60,223,188,35
E33000504,298,129,86,43,169,127,42
E33000505,983,287,146,141,696,581,115
E33000506,402,124,62,62,278,210,68
E33000507,1415,257,145,112,1158,916,242
E33000508,216,126,82,44,90,71,19
E33000509,323,234,169,65,89,82,7
E33000510,395,99,31,68,296,261,35
E33000511,213,137,91,46,76,67,9
E33000512,388,151,85,66,237,202,35
E33000513,2208,573,178,395,1635,1546,89
E33000514,289,94,11,83,195,180,15
E33000515,1455,490,209,281,965,921,44
E33000516,728,312,81,231,416,389,27
E33000517,340,126,34,92,214,192,22
E33000518,261,49,15,34,212,170,42
E33000519,1633,196,37,159,1437,1276,161
E33000520,321,144,35,109,177,164,13
E33000521,219,85,10,75,134,122,12
E33000522,257,111,19,92,146,139,7
E33000523,411,215,67,148,196,179,17
E33000524,210,14,8,6,196,160,36
E33000525,572,34,6,28,538,466,72
E33000526,772,113,13,100,659,588,71
E33000527,585,34,13,21,551,478,73
E33000528,312,19,6,13,293,271,22
E33000529,1082,180,32,148,902,849,53
E33000530,1135,125,33,92,1010,935,75
E33000531,1230,93,33,60,1137,1043,94
E33000532,388,56,12,44,332,320,12
E33000533,201,28,7,21,173,153,20
E33000534,2365,458,37,421,1907,1848,59
E33000535,440,75,15,60,365,345,20
E33000536,443,46,10,36,397,325,72
E33000537,362,115,29,86,247,230,17
E33000538,355,175,27,148,180,161,19
E33000539,801,95,21,74,706,619,87
E33000540,242,56,26,30,186,167,19
E33000541,262,30,9,21,232,191,41
E33000542,213,28,13,15,185,157,28
E33000543,314,53,19,34,261,248,13
E33000544,263,29,9,20,234,199,35
E33000545,334,50,10,40,284,270,14
E33000546,576,113,22,91,463,423,40
E33000547,565,40,10,30,525,453,72
E33000548,854,60,16,44,794,738,56
E33000549,296,44,10,34,252,197,55
E33000550,299,26,10,16,273,252,21
E33000551,538,111,42,69,427,379,48
E33000552,287,39,7,32,248,224,24
E33000553,409,50,14,36,359,304,55
E33000554,271,15,5,10,256,242,14
E33000555,532,49,17,32,483,444,39
E33000556,320,38,5,33,282,267,15
E33000557,540,72,21,51,468,415,53
E33000558,235,46,14,32,189,158,31
E33000559,284,21,4,17,263,242,21
E33000560,351,30,10,20,321,291,30
E33000561,312,31,10,21,281,227,54
E33000562,1144,65,23,42,1079,966,113
E33000563,970,269,71,198,701,561,140
E33000564,687,216,53,163,471,428,43
E33000565,257,89,21,68,168,150,18
E33000566,771,358,69,289,413,383,30
E33000567,235,143,36,107,92,85,7
E33000568,726,161,35,126,565,541,24
E33000569,502,68,17,51,434,379,55
E33000570,512,240,74,166,272,245,27
E33000571,1526,136,48,88,1390,1309,81
E33000572,281,58,12,46,223,187,36
E33000573,268,76,14,62,192,163,29
E33000574,446,226,74,152,220,193,27
E33000575,417,145,42,103,272,235,37
E33000576,248,104,32,72,144,130,14
E33000577,716,478,99,379,238,219,19
E33000578,325,150,39,111,175,146,29
E33000579,250,109,23,86,141,129,12
E33000580,378,131,35,96,247,238,9
E33000581,605,276,66,210,329,275,54
E33000582,290,33,8,25,257,238,19
E33000583,777,149,36,113,628,576,52
E33000584,370,183,58,125,187,171,16
E33000585,364,69,6,63,295,220,75
E33000586,918,259,76,183,659,575,84
E33000587,415,173,57,116,242,201,41
E33000588,334,165,32,133,169,155,14
E33000589,234,79,29,50,155,137,18
E33000590,280,129,23,106,151,129,22
E33000591,270,137,30,107,133,109,24
E33000592,302,92,30,62,210,192,18
E33000593,280,156,48,108,124,105,19
E33000594,208,90,31,59,118,102,16
E33000595,417,223,73,150,194,177,17
E33000596,244,63,19,44,181,160,21
E33000597,890,147,37,110,743,683,60
E33000598,785,176,45,131,609,501,108
E33000599,295,106,27,79,189,179,10
E33000600,551,288,97,191,263,238,25
E33000601,489,254,85,169,235,210,25
E33000602,1083,96,30,66,987,866,121
E33000603,416,50,13,37,366,319,47
E33000604,405,40,7,33,365,304,61
E33000605,1062,97,34,63,965,835,130
E33000606,822,99,30,69,723,652,71
E33000607,1317,170,50,120,1147,957,190
E33000608,307,142,34,108,165,144,21
E33000609,211,100,27,73,111,72,39
E33000610,244,36,9,27,208,163,45
E33000611,213,112,30,82,101,82,19
E33000612,296,175,55,120,121,115,6
E33000613,519,301,95,206,218,202,16
E33000614,652,57,15,42,595,538,57
E33000615,643,394,86,308,249,211,38
E33000616,483,110,35,75,373,329,44
E33000617,493,121,37,84,372,310,62
E33000618,293,73,11,62,220,201,19
E33000619,266,91,8,83,175,164,11
E33000620,459,149,25,124,310,294,16
E33000621,473,243,49,194,230,151,79
E33000622,1025,152,33,119,873,823,50
E33000623,536,211,61,150,325,267,58
E33000624,341,172,56,116,169,155,14
E33000625,216,97,23,74,119,98,21
E33000626,279,136,30,106,143,124,19
E33000627,506,237,88,149,269,244,25
E33000628,2032,563,162,401,1469,1384,85
E33000629,520,146,45,101,374,311,63
E33000630,3065,350,108,242,2715,2450,265
E33000631,590,184,57,127,406,356,50
E33000632,336,140,55,85,196,158,38
E33000633,583,129,28,101,454,401,53
E33000634,333,99,36,63,234,208,26
E33000635,207,81,21,60,126,112,14
E33000636,291,152,50,102,139,117,22
E33000637,209,83,26,57,126,107,19
E33000638,224,92,29,63,132,119,13
E33000639,223,88,29,59,135,115,20
E33000640,439,222,71,151,217,195,22
E33000641,657,338,145,193,319,303,16
E33000642,808,356,64,292,452,416,36
E33000643,236,45,15,30,191,156,35
E33000644,235,51,19,32,184,160,24
E33000645,906,96,26,70,810,712,98
E33000646,281,41,17,24,240,158,82
E33000647,665,125,35,90,540,498,42
E33000648,328,162,52,110,166,147,19
E33000649,665,220,36,184,445,398,47
E33000650,207,108,35,73,99,93,6
E33000651,432,115,35,80,317,289,28
E33000652,498,290,79,211,208,195,13
E33000653,711,398,93,305,313,268,45
E33000654,366,152,44,108,214,187,27
E33000655,365,89,25,64,276,249,27
E33000656,874,128,30,98,746,657,89
E33000657,453,73,26,47,380,340,40
E33000658,412,73,18,55,339,250,89
E33000659,281,26,7,19,255,198,57
E33000660,420,50,12,38,370,315,55
E33000661,609,61,22,39,548,471,77
E33000662,309,120,37,83,189,172,17
E33000663,377,191,35,156,186,175,11
E33000664,443,147,26,121,296,272,24
E33000665,339,154,44,110,185,176,9
E33000666,1040,413,190,223,627,544,83
E33000667,888,315,83,232,573,515,58
E33000668,239,72,26,46,167,150,17
E33000669,363,46,15,31,317,236,81
E33000670,1160,141,29,112,1019,933,86
E33000671,502,56,14,42,446,357,89
E33000672,365,104,17,87,261,237,24
E33000673,578,110,28,82,468,419,49
E33000674,585,65,14,51,520,382,138
E33000675,3069,1123,84,1039,1946,1820,126
E33000676,284,52,14,38,232,174,58
E33000677,1056,186,38,148,870,776,94
E33000678,367,29,4,25,338,307,31
E33000679,395,83,23,60,312,234,78
E33000680,379,105,30,75,274,258,16
E33000681,327,56,12,44,271,238,33
E33000682,393,72,11,61,321,289,32
E33000683,394,105,42,63,289,229,60
E33000684,691,187,50,137,504,476,28
E33000685,431,47,15,32,384,331,53
E33000686,928,136,21,115,792,631,161
E33000687,358,115,19,96,243,235,8
E33000688,300,78,12,66,222,192,30
E33000689,268,96,22,74,172,154,18
E33000690,300,104,33,71,196,179,17
E33000691,220,100,20,80,120,107,13
E33000692,329,226,58,168,103,98,5
E33000693,418,122,30,92,296,283,13
E33000694,404,245,103,142,159,143,16
E33000695,242,60,13,47,182,169,13
E33000696,358,150,31,119,208,182,26
E33000697,203,63,13,50,140,121,19
E33000698,274,83,22,61,191,179,12
E33000699,232,78,18,60,154,153,1
E33000700,374,99,14,85,275,260,15
E33000701,955,289,75,214,666,618,48
E33000702,846,449,178,271,397,358,39
E33000703,208,126,75,51,82,66,16
E33000704,200,59,36,23,141,94,47
E33000705,209,123,75,48,86,74,12
E33000706,233,127,68,59,106,82,24
E33000707,427,259,145,114,168,144,24
E33000708,398,175,48,127,223,205,18
E33000709,390,170,47,123,220,198,22
E33000710,439,239,77,162,200,184,16
E33000711,214,84,24,60,130,105,25
E33000712,375,200,94,106,175,152,23
E33000713,496,178,80,98,318,280,38
E33000714,283,68,24,44,215,206,9
E33000715,205,53,24,29,152,136,16
E33000716,703,292,124,168,411,373,38
E33000717,945,235,38,197,710,661,49
E33000718,1233,277,86,191,956,895,61
E33000719,888,227,18,209,661,639,22
E33000720,2425,759,97,662,1666,1505,161
E33000721,5331,1045,276,769,4286,3992,294
E33000722,250,102,34,68,148,129,19
E33000723,319,21,5,16,298,269,29
E33000724,229,25,6,19,204,176,28
E33000725,301,103,23,80,198,172,26
E33000726,200,47,21,26,153,131,22
E33000727,1229,369,77,292,860,819,41
E33000728,519,85,28,57,434,316,118
E33000729,253,33,5,28,220,175,45
E33000730,532,82,19,63,450,386,64
E33000731,429,245,50,195,184,176,8
E33000732,349,172,26,146,177,165,12
E33000733,490,62,10,52,428,384,44
E33000734,277,158,35,123,119,107,12
E33000735,728,162,36,126,566,495,71
E33000736,830,256,82,174,574,508,66
E33000737,324,27,8,19,297,232,65
E33000738,1164,301,50,251,863,843,20
E33000739,1133,182,26,156,951,842,109
E33000740,534,317,114,203,217,202,15
E33000741,202,28,7,21,174,149,25
E33000742,743,89,29,60,654,512,142
E33000743,203,43,9,34,160,134,26
E33000744,228,84,24,60,144,135,9
E33000745,390,146,39,107,244,227,17
E33000746,472,253,84,169,219,193,26
E33000747,288,78,18,60,210,195,15
E33000748,282,80,9,71,202,196,6
E33000749,520,140,40,100,380,327,53
E33000750,513,202,43,159,311,297,14
E33000751,415,266,132,134,149,140,9
E33000752,308,47,10,37,261,207,54
E33000753,400,271,48,223,129,117,12
E33000754,331,46,8,38,285,149,136
E33000755,425,58,22,36,367,328,39
E33000756,237,33,9,24,204,187,17
E33000757,448,50,9,41,398,329,69
E33000758,891,108,26,82,783,750,33
E33000759,609,104,24,80,505,423,82
E33000760,270,111,37,74,159,132,27
E33000761,255,29,2,27,226,195,31
E33000762,760,70,20,50,690,604,86
E33000763,982,313,79,234,669,604,65
E33000764,391,46,18,28,345,267,78
E33000765,362,32,6,26,330,196,134
E33000766,872,161,33,128,711,630,81
E33000767,404,63,21,42,341,284,57
E33000768,489,48,17,31,441,405,36
E33000769,396,143,27,116,253,223,30
E33000770,1013,198,59,139,815,759,56
E33000771,447,73,11,62,374,339,35
E33000772,286,56,22,34,230,195,35
E33000773,1235,151,35,116,1084,935,149
E33000774,345,91,30,61,254,210,44
E33000775,224,39,12,27,185,167,18
E33000776,245,68,19,49,177,156,21
E33000777,236,77,37,40,159,128,31
E33000778,254,102,49,53,152,139,13
E33000779,582,160,45,115,422,370,52
E33000780,469,102,23,79,367,322,45
E33000781,651,236,82,154,415,372,43
E33000782,616,122,29,93,494,477,17
E33000783,345,74,19,55,271,230,41
E33000784,321,103,37,66,218,201,17
E33000785,1194,163,27,136,1031,974,57
E33000786,485,61,8,53,424,401,23
E33000787,407,99,31,68,308,268,40
E33000788,456,171,48,123,285,244,41
E33000789,408,114,13,101,294,279,15
E33000790,358,98,32,66,260,221,39
E33000791,448,84,35,49,364,331,33
E33000792,653,152,38,114,501,426,75
E33000793,225,83,28,55,142,131,11
E33000794,645,284,85,199,361,306,55
E33000795,459,126,55,71,333,311,22
E33000796,257,133,57,76,124,111,13
E33000797,216,105,30,75,111,102,9
E33000798,237,95,37,58,142,128,14
E33000799,1118,681,283,398,437,413,24
E33000800,612,176,64,112,436,390,46
E33000801,375,173,74,99,202,184,18
E33000802,370,211,83,128,159,139,20
E33000803,1001,237,28,209,764,709,55
E33000804,302,141,38,103,161,122,39
E33000805,384,86,18,68,298,283,15
E33000806,335,128,29,99,207,190,17
E33000807,393,95,14,81,298,277,21
E33000808,274,81,24,57,193,176,17
E33000809,879,225,79,146,654,562,92
E33000810,518,159,46,113,359,335,24
E33000811,394,40,8,32,354,299,55
E33000812,372,73,21,52,299,270,29
E33000813,612,161,49,112,451,298,153
E33000814,395,151,47,104,244,213,31
E33000815,456,186,83,103,270,231,39
E33000816,517,205,43,162,312,295,17
E33000817,620,66,7,59,554,453,101
E33000818,319,154,100,54,165,149,16
E33000819,1422,201,29,172,1221,1094,127
E33000820,233,69,17,52,164,143,21
E33000821,565,90,10,80,475,431,44
E33000822,301,62,19,43,239,221,18
E33000823,262,30,6,24,232,210,22
E33000824,327,152,20,132,175,154,21
E33000825,1478,318,103,215,1160,960,200
E33000826,647,89,15,74,558,516,42
E33000827,340,57,8,49,283,251,32
E33000828,370,33,5,28,337,288,49
E33000829,485,39,12,27,446,404,42
E33000830,1805,321,32,289,1484,1426,58
E33000831,311,82,32,50,229,167,62
E33000832,1332,181,44,137,1151,988,163
E33000833,1532,265,42,223,1267,1003,264
E33000834,480,186,60,126,294,247,47
E33000835,2166,234,32,202,1932,1819,113
E33000836,805,177,59,118,628,542,86
E33000837,501,65,11,54,436,377,59
E33000838,808,54,20,34,754,580,174
E33000839,618,74,21,53,544,460,84
E33000840,534,88,29,59,446,348,98
E33000841,318,116,30,86,202,165,37
E33000842,336,166,56,110,170,135,35
E33000843,562,106,29,77,456,369,87
E33000844,373,160,48,112,213,169,44
E33000845,315,118,35,83,197,168,29
E33000846,370,127,39,88,243,181,62
E33000847,321,123,40,83,198,145,53
E33000848,708,168,41,127,540,470,70
E33000849,291,99,23,76,192,169,23
E33000850,303,87,22,65,216,181,35
E33000851,229,78,31,47,151,120,31
E33000852,373,166,30,136,207,186,21
E33000853,1336,119,24,95,1217,1109,108
E33000854,258,75,13,62,183,145,38
E33000855,339,106,31,75,233,167,66
E33000856,381,174,35,139,207,169,38
E33000857,335,108,35,73,227,185,42
E33000858,249,87,24,63,162,142,20
E33000859,351,85,17,68,266,227,39
E33000860,380,93,33,60,287,218,69
E33000861,651,264,70,194,387,331,56
E33000862,264,57,13,44,207,192,15
E33000863,494,149,46,103,345,283,62
E33000864,341,120,36,84,221,189,32
E33000865,294,46,9,37,248,214,34
E33000866,341,144,30,114,197,156,41
E33000867,366,119,25,94,247,220,27
E33000868,269,128,26,102,141,120,21
E33000869,401,219,41,178,182,151,31
E33000870,619,89,17,72,530,484,46
E33000871,332,74,18,56,258,213,45
E33000872,295,118,33,85,177,149,28
E33000873,423,145,60,85,278,232,46
E33000874,287,75,30,45,212,182,30
E33000875,470,166,47,119,304,256,48
E33000876,288,96,35,61,192,155,37
E33000877,378,142,44,98,236,189,47
E33000878,243,89,21,68,154,124,30
E33000879,304,99,33,66,205,160,45
E33000880,333,145,48,97,188,145,43
E33000881,251,82,16,66,169,154,15
E33000882,586,192,60,132,394,337,57
E33000883,291,125,46,79,166,139,27
E33000884,278,94,23,71,184,156,28
E33000885,377,116,13,103,261,236,25
E33000886,282,101,26,75,181,151,30
E33000887,411,117,32,85,294,248,46
E33000888,239,80,23,57,159,128,31
E33000889,438,142,38,104,296,231,65
E33000890,300,84,16,68,216,174,42
E33000891,288,87,32,55,201,166,35
E33000892,277,83,29,54,194,154,40
E33000893,375,173,37,136,202,164,38
E33000894,266,92,21,71,174,143,31
E33000895,277,126,51,75,151,110,41
E33000896,637,234,73,161,403,363,40
E33000897,334,125,34,91,209,161,48
E33000898,3767,1083,184,899,2684,2452,232
E33000899,267,106,41,65,161,124,37
E33000900,424,128,45,83,296,239,57
E33000901,271,103,24,79,168,143,25
E33000902,533,164,41,123,369,326,43
E33000903,399,109,30,79,290,247,43
E33000904,315,98,24,74,217,172,45
E33000905,227,66,22,44,161,121,40
E33000906,400,114,28,86,286,221,65
E33000907,467,103,34,69,364,321,43
E33000908,432,140,38,102,292,198,94
E33000909,353,129,51,78,224,160,64
E33000910,323,131,42,89,192,150,42
E33000911,285,113,45,68,172,141,31
E33000912,552,195,63,132,357,291,66
E33000913,335,100,33,67,235,200,35
E33000914,357,149,44,105,208,161,47
E33000915,230,68,15,53,162,131,31
E33000916,297,76,32,44,221,182,39
E33000917,274,127,32,95,147,115,32
E33000918,300,110,23,87,190,161,29
E33000919,529,170,54,116,359,298,61
E33000920,360,117,46,71,243,178,65
E33000921,512,197,75,122,315,254,61
E33000922,250,108,24,84,142,118,24
E33000923,570,210,75,135,360,291,69
E33000924,268,107,32,75,161,112,49
E33000925,386,155,42,113,231,194,37
E33000926,231,61,21,40,170,136,34
E33000927,435,145,43,102,290,239,51
E33000928,579,75,21,54,504,425,79
E33000929,521,192,51,141,329,242,87
E33000930,271,113,33,80,158,117,41
E33000931,393,111,43,68,282,242,40
E33000932,504,125,26,99,379,326,53
E33000933,373,36,10,26,337,322,15
E33000934,645,188,62,126,457,372,85
E33000935,868,137,38,99,731,620,111
E33000936,1316,707,224,483,609,574,35
E33000937,423,161,56,105,262,189,73
E33000938,236,87,29,58,149,111,38
E33000939,238,95,45,50,143,104,39
E33000940,401,138,44,94,263,225,38
E33000941,438,151,68,83,287,224,63
E33000942,244,93,50,43,151,120,31
E33000943,408,157,53,104,251,204,47
E33000944,535,161,42,119,374,296,78
E33000945,978,194,54,140,784,725,59
E33000946,435,147,31,116,288,257,31
E33000947,398,119,41,78,279,254,25
E33000948,262,89,25,64,173,147,26
E33000949,306,123,29,94,183,163,20
E33000950,250,93,21,72,157,147,10
E33000951,560,132,47,85,428,340,88
E33000952,433,163,71,92,270,228,42
E33000953,587,232,52,180,355,327,28
E33000954,289,75,30,45,214,187,27
E33000955,378,119,40,79,259,219,40
E33000956,279,116,40,76,163,138,25
E33000957,301,109,43,66,192,154,38
E33000958,283,119,47,72,164,127,37
E33000959,424,157,54,103,267,223,44
E33000960,344,155,59,96,189,144,45
E33000961,285,114,39,75,171,134,37
E33000962,886,317,70,247,569,500,69
E33000963,317,126,51,75,191,156,35
E33000964,348,104,30,74,244,208,36
E33000965,252,86,37,49,166,134,32
E33000966,270,127,32,95,143,115,28
E33000967,6771,1603,305,1298,5168,4617,551
E33000968,676,152,21,131,524,493,31
E33000969,252,105,34,71,147,112,35
E33000970,364,110,43,67,254,224,30
E33000971,429,152,22,130,277,259,18
E33000972,980,277,98,179,703,628,75
E33000973,333,127,50,77,206,169,37
E33000974,296,84,20,64,212,185,27
E33000975,729,218,68,150,511,426,85
E33000976,290,98,31,67,192,162,30
E33000977,319,103,28,75,216,193,23
E33000978,443,195,37,158,248,220,28
E33000979,249,108,26,82,141,119,22
E33000980,738,131,34,97,607,541,66
E33000981,298,105,23,82,193,159,34
E33000982,544,179,71,108,365,251,114
E33000983,253,107,37,70,146,113,33
E33000984,501,232,64,168,269,227,42
E33000985,329,94,33,61,235,194,41
E33000986,290,107,37,70,183,141,42
E33000987,359,186,78,108,173,147,26
E33000988,373,163,94,69,210,161,49
E33000989,247,114,47,67,133,104,29
E33000990,298,135,86,49,163,122,41
E33000991,259,97,49,48,162,130,32
E33000992,668,119,33,86,549,452,97
E33000993,455,120,31,89,335,285,50
E33000994,303,114,30,84,189,161,28
E33000995,365,129,42,87,236,192,44
E33000996,1083,113,29,84,970,820,150
E33000997,452,129,42,87,323,241,82
E33000998,340,138,39,99,202,184,18
E33000999,311,90,25,65,221,196,25
E33001000,406,141,45,96,265,235,30
E33001001,984,421,125,296,563,480,83
E33001002,243,100,34,66,143,121,22
E33001003,264,113,34,79,151,127,24
E33001004,366,164,43,121,202,168,34
E33001005,297,98,21,77,199,177,22
E33001006,784,364,128,236,420,374,46
E33001007,253,97,36,61,156,135,21
E33001008,315,127,49,78,188,160,28
E33001009,286,127,44,83,159,128,31
E33001010,549,156,41,115,393,329,64
E33001011,273,108,54,54,165,123,42
E33001012,323,133,56,77,190,155,35
E33001013,293,132,71,61,161,113,48
E33001014,467,165,43,122,302,261,41
E33001015,236,85,33,52,151,131,20
E33001016,523,160,38,122,363,330,33
E33001017,223,85,29,56,138,120,18
E33001018,476,107,28,79,369,341,28
E33001019,283,64,15,49,219,199,20
E33001020,367,144,51,93,223,193,30
E33001021,261,96,40,56,165,142,23
E33001022,497,146,27,119,351,301,50
E33001023,370,127,35,92,243,209,34
E33001024,300,109,21,88,191,146,45
E33001025,282,121,29,92,161,140,21
E33001026,686,249,77,172,437,356,81
E33001027,448,76,18,58,372,316,56
E33001028,333,118,40,78,215,178,37
E33001029,386,86,30,56,300,238,62
E33001030,972,285,71,214,687,632,55
E33001031,320,111,36,75,209,169,40
E33001032,322,107,47,60,215,172,43
E33001033,397,97,16,81,300,279,21
E33001034,407,116,22,94,291,245,46
E33001035,299,137,40,97,162,147,15
E33001036,581,174,50,124,407,374,33
E33001037,423,184,66,118,239,198,41
E33001038,372,140,48,92,232,190,42
E33001039,380,113,48,65,267,225,42
E33001040,376,120,25,95,256,214,42
E33001041,384,149,57,92,235,198,37
E33001042,513,111,28,83,402,360,42
E33001043,389,94,28,66,295,262,33
E33001044,334,94,33,61,240,174,66
E33001045,509,130,44,86,379,354,25
E33001046,996,220,52,168,776,717,59
E33001047,587,162,67,95,425,370,55
E33001048,262,115,48,67,147,119,28
E33001049,390,103,56,47,287,258,29
E33001050,329,100,46,54,229,192,37
E33001051,517,125,33,92,392,344,48
E33001052,691,152,35,117,539,505,34
E33001053,787,119,44,75,668,582,86
E33001054,224,64,13,51,160,138,22
E33001055,776,259,68,191,517,469,48
E33001056,646,202,60,142,444,389,55
E33001057,753,384,153,231,369,342,27
E33001058,274,111,24,87,163,149,14
E33001059,1048,628,463,165,420,363,57
E33001060,723,127,31,96,596,529,67
E33001061,404,97,30,67,307,252,55
E33001062,410,165,34,131,245,203,42
E33001063,325,133,38,95,192,162,30
E33001064,262,87,24,63,175,149,26
E33001065,623,81,29,52,542,499,43
E33001066,297,72,17,55,225,194,31
E33001067,456,196,25,171,260,245,15
E33001068,249,89,29,60,160,134,26
E33001069,303,85,22,63,218,189,29
E33001070,327,91,41,50,236,200,36
E33001071,430,121,36,85,309,251,58
E33001072,226,107,36,71,119,104,15
E33001073,396,91,29,62,305,243,62
E33001074,736,121,31,90,615,550,65
E33001075,581,207,39,168,374,345,29
E33001076,695,154,43,111,541,452,89
E33001077,266,117,36,81,149,122,27
E33001078,580,208,55,153,372,302,70
E33001079,494,127,39,88,367,340,27
E33001080,387,159,29,130,228,190,38
E33001081,250,70,13,57,180,155,25
E33001082,468,162,107,55,306,252,54
E33001083,251,108,25,83,143,128,15
E33001084,394,205,65,140,189,158,31
E33001085,416,173,44,129,243,221,22
E33001086,228,125,26,99,103,92,11
E33001087,276,104,40,64,172,164,8
E33001088,235,86,27,59,149,131,18
E33001089,292,100,18,82,192,155,37
E33001090,735,93,34,59,642,572,70
E33001091,523,151,20,131,372,329,43
E33001092,404,173,65,108,231,179,52
E33001093,368,159,72,87,209,156,53
E33001094,280,77,17,60,203,161,42
E33001095,228,84,34,50,144,112,32
E33001096,285,112,31,81,173,143,30
E33001097,299,119,40,79,180,131,49
E33001098,640,80,26,54,560,474,86
E33001099,418,184,68,116,234,169,65
E33001100,501,219,74,145,282,226,56
E33001101,664,164,37,127,500,433,67
E33001102,299,105,45,60,194,154,40
E33001103,386,127,35,92,259,193,66
E33001104,526,154,52,102,372,295,77
E33001105,427,113,51,62,314,236,78
E33001106,246,74,22,52,172,154,18
E33001107,420,181,50,131,239,187,52
E33001108,366,166,66,100,200,165,35
E33001109,257,87,26,61,170,134,36
E33001110,278,110,34,76,168,126,42
E33001111,456,227,86,141,229,170,59
E33001112,236,87,19,68,149,117,32
E33001113,326,125,26,99,201,169,32
E33001114,476,165,46,119,311,258,53
E33001115,284,86,28,58,198,159,39
E33001116,429,214,62,152,215,182,33
E33001117,325,116,41,75,209,160,49
E33001118,1496,687,213,474,809,750,59
E33001119,306,145,56,89,161,136,25
E33001120,276,89,26,63,187,141,46
E33001121,229,91,34,57,138,105,33
E33001122,298,117,51,66,181,154,27
E33001123,414,183,63,120,231,177,54
E33001124,501,240,80,160,261,213,48
E33001125,337,120,38,82,217,183,34
E33001126,562,203,77,126,359,274,85
E33001127,234,110,48,62,124,93,31
E33001128,285,81,32,49,204,171,33
E33001129,543,255,84,171,288,237,51
E33001130,736,238,41,197,498,446,52
E33001131,458,224,69,155,234,189,45
E33001132,531,189,64,125,342,259,83
E33001133,478,161,27,134,317,288,29
E33001134,589,291,95,196,298,240,58
E33001135,244,86,33,53,158,124,34
E33001136,488,165,71,94,323,265,58
E33001137,310,79,22,57,231,204,27
E33001138,286,110,47,63,176,142,34
E33001139,330,118,28,90,212,192,20
E33001140,291,110,30,80,181,149,32
E33001141,405,119,41,78,286,225,61
E33001142,457,181,44,137,276,217,59
E33001143,471,169,45,124,302,227,75
E33001144,575,198,47,151,377,312,65
E33001145,261,115,47,68,146,102,44
E33001146,597,304,126,178,293,207,86
E33001147,470,126,39,87,344,284,60
E33001148,400,160,58,102,240,175,65
E33001149,367,119,46,73,248,190,58
E33001150,343,113,30,83,230,199,31
E33001151,467,174,35,139,293,261,32
E33001152,667,199,40,159,468,433,35
E33001153,1989,553,102,451,1436,1245,191
E33001154,643,231,67,164,412,368,44
E33001155,329,106,31,75,223,173,50
E33001156,428,122,25,97,306,279,27
E33001157,439,126,35,91,313,242,71
E33001158,1260,423,82,341,837,768,69
E33001159,281,94,27,67,187,147,40
E33001160,377,134,37,97,243,213,30
E33001161,409,114,34,80,295,242,53
E33001162,251,91,40,51,160,137,23
E33001163,698,185,46,139,513,438,75
E33001164,638,208,42,166,430,367,63
E33001165,610,244,50,194,366,318,48
E33001166,445,123,35,88,322,278,44
E33001167,455,157,52,105,298,248,50
E33001168,315,147,31,116,168,141,27
E33001169,655,191,35,156,464,423,41
E33001170,334,115,50,65,219,168,51
E33001171,362,135,22,113,227,199,28
E33001172,284,59,6,53,225,199,26
E33001173,243,98,31,67,145,124,21
E33001174,281,117,29,88,164,132,32
E33001175,363,144,42,102,219,182,37
E33001176,527,169,64,105,358,296,62
E33001177,370,147,31,116,223,187,36
E33001178,382,127,24,103,255,214,41
E33001179,297,103,37,66,194,142,52
E33001180,351,148,34,114,203,183,20
E33001181,310,97,35,62,213,164,49
E33001182,522,107,29,78,415,340,75
E33001183,339,123,34,89,216,163,53
E33001184,555,266,109,157,289,261,28
E33001185,311,91,25,66,220,178,42
E33001186,309,115,21,94,194,167,27
E33001187,322,62,10,52,260,224,36
E33001188,317,121,32,89,196,161,35
E33001189,488,158,34,124,330,301,29
E33001190,909,170,29,141,739,608,131
E33001191,641,218,45,173,423,374,49
E33001192,324,116,35,81,208,177,31
E33001193,455,172,45,127,283,220,63
E33001194,759,282,68,214,477,399,78
E33001195,505,249,69,180,256,219,37
E33001196,258,87,22,65,171,141,30
E33001197,623,277,78,199,346,309,37
E33001198,394,117,34,83,277,231,46
E33001199,493,153,31,122,340,305,35
E33001200,276,119,23,96,157,120,37
E33001201,342,143,51,92,199,139,60
E33001202,679,389,107,282,290,242,48
E33001203,281,98,19,79,183,151,32
E33001204,353,72,19,53,281,240,41
E33001205,313,161,37,124,152,126,26
E33001206,239,85,20,65,154,122,32
E33001207,529,231,63,168,298,268,30
E33001208,280,48,10,38,232,204,28
E33001209,522,259,59,200,263,210,53
E33001210,285,100,33,67,185,141,44
E33001211,889,278,79,199,611,517,94
E33001212,372,118,24,94,254,203,51
E33001213,630,230,79,151,400,319,81
E33001214,563,160,48,112,403,335,68
E33001215,272,71,19,52,201,158,43
E33001216,437,177,33,144,260,232,28
E33001217,303,101,43,58,202,171,31
E33001218,355,153,47,106,202,164,38
E33001219,317,116,47,69,201,160,41
E33001220,389,136,39,97,253,196,57
E33001221,283,69,20,49,214,185,29
E33001222,411,138,32,106,273,219,54
E33001223,256,55,18,37,201,160,41
E33001224,475,223,46,177,252,207,45
E33001225,401,151,37,114,250,201,49
E33001226,346,67,22,45,279,243,36
E33001227,366,116,19,97,250,210,40
E33001228,640,169,30,139,471,438,33
E33001229,308,85,30,55,223,184,39
E33001230,467,117,29,88,350,307,43
E33001231,306,90,19,71,216,176,40
E33001232,698,136,29,107,562,490,72
E33001233,433,177,44,133,256,217,39
E33001234,619,144,36,108,475,411,64
E33001235,279,105,31,74,174,143,31
E33001236,301,99,34,65,202,143,59
E33001237,298,121,23,98,177,148,29
E33001238,2706,979,148,831,1727,1569,158
E33001239,238,98,34,64,140,121,19
E33001240,753,244,58,186,509,454,55
E33001241,1420,318,84,234,1102,958,144
E33001242,271,60,20,40,211,171,40
E33001243,493,152,40,112,341,284,57
E33001244,642,255,68,187,387,315,72
E33001245,441,149,34,115,292,236,56
E33001246,465,143,47,96,322,232,90
E33001247,356,121,34,87,235,207,28
E33001248,614,99,22,77,515,412,103
E33001249,713,256,66,190,457,370,87
E33001250,326,106,28,78,220,168,52
E33001251,490,183,52,131,307,257,50
E33001252,338,134,57,77,204,156,48
E33001253,333,95,36,59,238,170,68
E33001254,359,123,53,70,236,177,59
E33001255,386,144,37,107,242,195,47
E33001256,370,119,46,73,251,207,44
E33001257,482,182,56,126,300,238,62
E33001258,655,153,51,102,502,405,97
E33001259,450,182,45,137,268,228,40
E33001260,390,75,22,53,315,220,95
E33001261,452,172,69,103,280,207,73
E33001262,238,82,29,53,156,106,50
E33001263,275,109,26,83,166,145,21
E33001264,272,99,56,43,173,147,26
E33001265,225,98,46,52,127,100,27
E33001266,254,80,27,53,174,146,28
E33001267,458,169,44,125,289,256,33
E33001268,367,115,42,73,252,188,64
E33001269,342,96,27,69,246,200,46
E33001270,411,203,47,156,208,172,36
E33001271,382,147,60,87,235,185,50
E33001272,826,419,140,279,407,344,63
E33001273,396,139,42,97,257,239,18
E33001274,369,137,37,100,232,207,25
E33001275,410,164,41,123,246,210,36
E33001276,274,77,15,62,197,155,42
E33001277,387,127,23,104,260,231,29
E33001278,320,91,29,62,229,197,32
E33001279,424,146,48,98,278,225,53
E33001280,771,389,281,108,382,325,57
E33001281,335,89,21,68,246,217,29
E33001282,450,172,37,135,278,240,38
E33001283,524,172,30,142,352,323,29
E33001284,273,100,18,82,173,149,24
E33001285,280,118,42,76,162,125,37
E33001286,271,86,30,56,185,157,28
E33001287,660,169,34,135,491,449,42
E33001288,262,96,28,68,166,155,11
E33001289,270,121,36,85,149,114,35
E33001290,397,117,41,76,280,237,43
E33001291,267,96,37,59,171,135,36
E33001292,310,108,26,82,202,167,35
E33001293,261,87,36,51,174,129,45
E33001294,1247,109,42,67,1138,977,161
E33001295,381,89,25,64,292,237,55
E33001296,446,119,30,89,327,287,40
E33001297,269,135,44,91,134,107,27
E33001298,256,89,19,70,167,137,30
E33001299,422,122,37,85,300,253,47
E33001300,422,76,20,56,346,286,60
E33001301,284,108,27,81,176,142,34
E33001302,331,125,15,110,206,175,31
E33001303,638,253,67,186,385,314,71
E33001304,460,182,47,135,278,242,36
E33001305,347,95,27,68,252,203,49
E33001306,468,74,27,47,394,303,91
E33001307,235,51,9,42,184,157,27
E33001308,270,91,20,71,179,158,21
E33001309,203,72,19,53,131,104,27
E33001310,333,132,34,98,201,167,34
E33001311,260,111,40,71,149,112,37
E33001312,267,99,47,52,168,120,48
E33001313,271,128,24,104,143,130,13
E33001314,351,102,21,81,249,209,40
E33001315,472,153,28,125,319,284,35
E33001316,235,67,15,52,168,146,22
E33001317,285,70,17,53,215,170,45
E33001318,239,89,12,77,150,131,19
E33001319,1034,289,110,179,745,670,75
E33001320,332,125,72,53,207,176,31
E33001321,430,129,27,102,301,259,42
E33001322,505,192,94,98,313,274,39
E33001323,741,376,93,283,365,330,35
E33001324,301,109,18,91,192,168,24
E33001325,481,131,38,93,350,324,26
E33001326,444,91,26,65,353,317,36
E33001327,308,95,19,76,213,183,30
E33001328,479,191,38,153,288,246,42
E33001329,263,106,26,80,157,127,30
E33001330,289,100,32,68,189,156,33
E33001331,240,101,22,79,139,120,19
E33001332,333,124,22,102,209,186,23
E33001333,261,81,21,60,180,163,17
E33001334,317,141,37,104,176,159,17
E33001335,480,81,15,66,399,337,62
E33001336,490,125,28,97,365,315,50
E33001337,368,181,52,129,187,153,34
E33001338,264,101,37,64,163,138,25
E33001339,256,91,31,60,165,133,32
E33001340,265,110,24,86,155,126,29
E33001341,257,104,27,77,153,112,41
E33001342,393,148,39,109,245,199,46
E33001343,292,130,36,94,162,137,25
E33001344,719,211,47,164,508,461,47
E33001345,226,97,43,54,129,103,26
E33001346,296,110,35,75,186,160,26
E33001347,228,110,37,73,118,93,25
E33001348,382,111,36,75,271,210,61
E33001349,304,116,55,61,188,159,29
E33001350,270,116,37,79,154,126,28
E33001351,331,109,37,72,222,164,58
E33001352,469,140,49,91,329,258,71
E33001353,344,101,24,77,243,208,35
E33001354,315,130,29,101,185,145,40
E33001355,345,127,30,97,218,187,31
E33001356,534,157,58,99,377,305,72
E33001357,314,114,45,69,200,147,53
E33001358,314,104,38,66,210,162,48
E33001359,631,195,55,140,436,375,61
E33001360,257,95,29,66,162,120,42
E33001361,354,117,31,86,237,202,35
E33001362,284,120,41,79,164,140,24
E33001363,386,148,41,107,238,216,22
E33001364,335,134,25,109,201,158,43
E33001365,681,195,59,136,486,430,56
E33001366,250,100,24,76,150,122,28
E33001367,272,99,29,70,173,147,26
E33001368,609,133,23,110,476,440,36
E33001369,542,108,40,68,434,366,68
E33001370,673,180,33,147,493,437,56
E33001371,303,97,43,54,206,156,50
E33001372,379,143,41,102,236,188,48
E33001373,273,112,40,72,161,125,36
E33001374,655,196,61,135,459,393,66
E33001375,1060,180,57,123,880,777,103
E33001376,647,318,82,236,329,309,20
E33001377,461,165,40,125,296,250,46
E33001378,329,104,26,78,225,201,24
E33001379,306,138,32,106,168,151,17
E33001380,273,111,40,71,162,135,27
E33001381,247,112,30,82,135,111,24
E33001382,315,125,42,83,190,160,30
E33001383,266,86,23,63,180,151,29
E33001384,331,99,18,81,232,186,46
E33001385,283,99,38,61,184,150,34
E33001386,279,103,33,70,176,145,31
E33001387,285,102,33,69,183,150,33
E33001388,256,103,41,62,153,124,29
E33001389,530,218,55,163,312,271,41
E33001390,285,84,29,55,201,155,46
E33001391,277,88,26,62,189,145,44
E33001392,702,162,36,126,540,492,48
E33001393,342,149,39,110,193,143,50
E33001394,696,183,58,125,513,425,88
E33001395,251,88,26,62,163,133,30
E33001396,292,122,30,92,170,138,32
E33001397,265,55,12,43,210,167,43
E33001398,234,73,16,57,161,125,36
E33001399,342,96,23,73,246,190,56
E33001400,455,140,37,103,315,252,63
E33001401,341,115,37,78,226,176,50
E33001402,321,133,35,98,188,157,31
E33001403,358,143,52,91,215,183,32
E33001404,335,62,16,46,273,230,43
E33001405,591,176,47,129,415,357,58
E33001406,373,130,50,80,243,178,65
E33001407,643,166,60,106,477,411,66
E33001408,361,154,43,111,207,177,30
E33001409,265,98,29,69,167,129,38
E33001410,363,159,58,101,204,180,24
E33001411,778,182,59,123,596,468,128
E33001412,489,94,39,55,395,329,66
E33001413,335,100,19,81,235,203,32
E33001414,474,133,21,112,341,314,27
E33001415,579,223,62,161,356,284,72
E33001416,351,132,22,110,219,186,33
E33001417,361,126,46,80,235,188,47
E33001418,483,185,56,129,298,241,57
E33001419,390,113,20,93,277,252,25
E33001420,798,113,29,84,685,628,57
E33001421,586,115,40,75,471,380,91
E33001422,344,161,40,121,183,136,47
E33001423,333,93,27,66,240,210,30
E33001424,553,210,61,149,343,281,62
E33001425,248,120,30,90,128,96,32
E33001426,441,149,43,106,292,236,56
E33001427,455,146,36,110,309,270,39
E33001428,419,164,50,114,255,222,33
E33001429,429,188,40,148,241,204,37
E33001430,453,247,111,136,206,188,18
E33001431,410,192,54,138,218,179,39
E33001432,322,79,19,60,243,207,36
E33001433,367,175,46,129,192,153,39
E33001434,339,128,59,69,211,165,46
E33001435,483,178,58,120,305,238,67
E33001436,262,109,26,83,153,123,30
E33001437,332,142,32,110,190,153,37
E33001438,718,315,77,238,403,365,38
E33001439,328,123,30,93,205,172,33
E33001440,295,96,31,65,199,171,28
E33001441,291,133,32,101,158,137,21
E33001442,325,164,38,126,161,130,31
E33001443,281,106,18,88,175,151,24
E33001444,441,132,42,90,309,253,56
E33001445,271,111,28,83,160,118,42
E33001446,706,79,24,55,627,544,83
E33001447,348,132,33,99,216,165,51
E33001448,345,88,26,62,257,224,33
E33001449,176,49,7,42,127,101,26
E33001450,239,120,43,77,119,93,26
E33001451,420,77,17,60,343,300,43
E33001452,283,127,56,71,156,129,27
E33001453,269,132,31,101,137,112,25
E33001454,316,48,14,34,268,236,32
E33001455,365,133,19,114,232,199,33
E33001456,512,182,55,127,330,256,74
E33001457,294,125,18,107,169,149,20
E33001458,419,123,36,87,296,252,44
E33001459,455,167,54,113,288,250,38
E33001460,2369,680,313,367,1689,1512,177
E33001461,247,108,33,75,139,119,20
E33001462,310,171,52,119,139,126,13
E33001463,320,171,53,118,149,111,38
E33001464,457,82,25,57,375,314,61
E33001465,527,253,107,146,274,227,47
E33001466,590,205,39,166,385,348,37
E33001467,363,194,81,113,169,147,22
E33001468,659,317,78,239,342,302,40
E33001469,621,130,30,100,491,416,75
E33001470,422,204,48,156,218,194,24
E33001471,269,114,25,89,155,126,29
E33001472,312,146,42,104,166,123,43
E33001473,396,154,47,107,242,213,29
E33001474,274,109,31,78,165,132,33
E33001475,312,153,26,127,159,132,27
E33001476,275,127,40,87,148,125,23
E33001477,542,284,59,225,258,231,27
E33001478,328,158,30,128,170,141,29
E33001479,672,249,61,188,423,363,60
E33001480,318,107,28,79,211,175,36
E33001481,500,204,55,149,296,266,30
E33001482,295,136,37,99,159,131,28
E33001483,289,149,49,100,140,125,15
E33001484,247,79,19,60,168,150,18
E33001485,250,114,38,76,136,119,17
E33001486,277,123,34,89,154,127,27
E33001487,286,72,15,57,214,174,40
E33001488,607,206,35,171,401,352,49
E33001489,394,128,42,86,266,237,29
E33001490,276,96,41,55,180,148,32
E33001491,347,159,53,106,188,157,31
E33001492,324,125,20,105,199,177,22
E33001493,425,175,60,115,250,211,39
E33001494,330,124,28,96,206,172,34
E33001495,641,222,83,139,419,376,43
E33001496,661,184,46,138,477,399,78
E33001497,340,132,37,95,208,168,40
E33001498,421,180,56,124,241,200,41
E33001499,720,334,96,238,386,331,55
E33001500,360,109,19,90,251,234,17
E33001501,338,132,44,88,206,177,29
E33001502,394,164,44,120,230,199,31
E33001503,292,124,43,81,168,141,27
E33001504,590,208,59,149,382,340,42
E33001505,352,108,23,85,244,216,28
E33001506,402,146,26,120,256,217,39
E33001507,791,244,98,146,547,439,108
E33001508,308,155,54,101,153,128,25
E33001509,540,177,72,105,363,298,65
E33001510,335,146,37,109,189,161,28
E33001511,288,94,32,62,194,148,46
E33001512,407,177,50,127,230,184,46
E33001513,320,106,37,69,214,172,42
E33001514,328,134,48,86,194,155,39
E33001515,280,115,52,63,165,132,33
E33001516,386,131,34,97,255,193,62
E33001517,389,157,58,99,232,183,49
E33001518,306,106,28,78,200,153,47
E33001519,543,252,59,193,291,252,39
E33001520,510,169,39,130,341,261,80
E33001521,269,99,26,73,170,138,32
E33001522,296,93,34,59,203,155,48
E33001523,530,124,37,87,406,359,47
E33001524,284,96,35,61,188,150,38
E33001525,314,118,35,83,196,147,49
E33001526,332,155,39,116,177,142,35
E33001527,261,125,22,103,136,109,27
E33001528,736,323,91,232,413,374,39
E33001529,522,202,90,112,320,275,45
E33001530,329,151,62,89,178,141,37
E33001531,286,129,34,95,157,127,30
E33001532,1590,367,106,261,1223,996,227
E33001533,390,138,60,78,252,197,55
E33001534,339,127,48,79,212,165,47
E33001535,449,206,70,136,243,190,53
E33001536,373,217,69,148,156,127,29
E33001537,499,243,62,181,256,218,38
E33001538,501,210,47,163,291,231,60
E33001539,324,116,55,61,208,164,44
E33001540,555,311,91,220,244,202,42
E33001541,378,134,52,82,244,183,61
E33001542,638,195,59,136,443,386,57
E33001543,386,170,74,96,216,168,48
E33001544,270,90,22,68,180,143,37
E33001545,316,140,39,101,176,145,31
E33001546,372,168,60,108,204,177,27
E33001547,363,206,64,142,157,123,34
E33001548,312,149,52,97,163,127,36
E33001549,598,126,36,90,472,362,110
E33001550,305,141,44,97,164,142,22
E33001551,535,252,71,181,283,232,51
E33001552,607,260,94,166,347,275,72
E33001553,356,160,42,118,196,157,39
E33001554,419,174,36,138,245,197,48
E33001555,285,113,33,80,172,135,37
E33001556,331,167,55,112,164,133,31
E33001557,276,130,41,89,146,107,39
E33001558,272,70,27,43,202,154,48
E33001559,271,98,34,64,173,132,41
E33001560,709,188,52,136,521,459,62
E33001561,306,131,41,90,175,145,30
E33001562,353,69,29,40,284,243,41
E33001563,388,212,50,162,176,152,24
E33001564,289,97,40,57,192,155,37
E33001565,809,213,61,152,596,531,65
E33001566,348,142,27,115,206,184,22
E33001567,265,115,36,79,150,126,24
E33001568,320,112,42,70,208,150,58
E33001569,1114,88,43,45,1026,814,212
E33001570,242,107,43,64,135,86,49
E33001571,343,143,43,100,200,157,43
E33001572,705,303,87,216,402,339,63
E33001573,330,130,42,88,200,157,43
E33001574,329,103,49,54,226,180,46
E33001575,526,134,51,83,392,357,35
E33001576,394,154,54,100,240,188,52
E33001577,327,153,72,81,174,130,44
E33001578,312,122,50,72,190,136,54
E33001579,359,164,82,82,195,151,44
E33001580,255,120,49,71,135,108,27
E33001581,442,174,32,142,268,226,42
E33001582,420,130,40,90,290,224,66
E33001583,156,65,23,42,91,69,22
E33001584,503,181,60,121,322,262,60
E33001585,778,360,135,225,418,347,71
E33001586,370,156,57,99,214,170,44
E33001587,276,113,50,63,163,138,25
E33001588,305,137,31,106,168,140,28
E33001589,420,164,55,109,256,208,48
E33001590,373,142,54,88,231,177,54
E33001591,1120,318,33,285,802,711,91
E33001592,290,139,32,107,151,129,22
E33001593,734,366,120,246,368,322,46
E33001594,863,140,59,81,723,635,88
E33001595,386,80,28,52,306,255,51
E33001596,347,125,37,88,222,178,44
E33001597,389,108,33,75,281,232,49
E33001598,349,63,13,50,286,229,57
E33001599,313,103,27,76,210,161,49
E33001600,288,108,43,65,180,140,40
E33001601,328,98,42,56,230,157,73
E33001602,553,192,67,125,361,262,99
E33001603,311,100,39,61,211,168,43
E33001604,410,197,59,138,213,174,39
E33001605,694,238,99,139,456,389,67
E33001606,289,119,37,82,170,134,36
E33001607,335,98,41,57,237,188,49
E33001608,636,328,102,226,308,257,51
E33001609,405,192,37,155,213,185,28
E33001610,394,131,30,101,263,225,38
E33001611,375,144,60,84,231,195,36
E33001612,332,109,34,75,223,179,44
E33001613,236,100,26,74,136,117,19
E33001614,255,110,26,84,145,126,19
E33001615,337,163,33,130,174,157,17
E33001616,337,130,38,92,207,182,25
E33001617,300,132,30,102,168,137,31
E33001618,290,78,20,58,212,186,26
E33001619,305,131,30,101,174,148,26
E33001620,420,160,57,103,260,207,53
E33001621,571,185,60,125,386,308,78
E33001622,364,136,36,100,228,189,39
E33001623,331,127,16,111,204,183,21
E33001624,724,241,90,151,483,399,84
E33001625,340,185,51,134,155,128,27
E33001626,278,106,30,76,172,149,23
E33001627,408,76,16,60,332,275,57
E33001628,449,95,31,64,354,273,81
E33001629,444,69,14,55,375,324,51
E33001630,388,139,24,115,249,220,29
E33001631,314,125,53,72,189,161,28
E33001632,276,126,10,116,150,129,21
E33001633,283,107,23,84,176,158,18
E33001634,510,114,34,80,396,308,88
E33001635,288,120,20,100,168,142,26
E33001636,378,114,20,94,264,203,61
E33001637,613,214,57,157,399,369,30
E33001638,310,154,38,116,156,144,12
E33001639,504,153,34,119,351,295,56
E33001640,430,86,12,74,344,310,34
E33001641,682,251,65,186,431,381,50
E33001642,715,294,88,206,421,405,16
E33001643,552,224,86,138,328,257,71
E33001644,292,145,51,94,147,122,25
E33001645,346,115,35,80,231,184,47
E33001646,434,190,64,126,244,193,51
E33001647,304,130,47,83,174,137,37
E33001648,383,191,50,141,192,165,27
E33001649,370,136,46,90,234,208,26
E33001650,472,136,31,105,336,306,30
E33001651,622,158,44,114,464,413,51
E33001652,623,146,61,85,477,360,117
E33001653,296,127,46,81,169,141,28
E33001654,350,118,32,86,232,185,47
E33001655,406,153,43,110,253,210,43
E33001656,295,115,52,63,180,137,43
E33001657,293,97,26,71,196,155,41
E33001658,563,168,44,124,395,342,53
E33001659,344,94,25,69,250,211,39
E33001660,560,186,54,132,374,343,31
E33001661,463,149,51,98,314,248,66
E33001662,288,127,49,78,161,128,33
E33001663,253,122,51,71,131,102,29
E33001664,352,154,63,91,198,165,33
E33001665,527,140,46,94,387,330,57
E33001666,420,122,42,80,298,247,51
E33001667,285,105,35,70,180,144,36
E33001668,488,188,60,128,300,234,66
E33001669,268,111,42,69,157,112,45
E33001670,412,146,66,80,266,199,67
E33001671,362,92,39,53,270,199,71
E33001672,911,385,130,255,526,440,86
E33001673,366,118,40,78,248,187,61
E33001674,391,122,45,77,269,207,62
E33001675,358,130,70,60,228,151,77
E33001676,869,335,118,217,534,411,123
E33001677,394,115,45,70,279,240,39
E33001678,353,116,50,66,237,162,75
E33001679,526,140,28,112,386,335,51
E33001680,343,113,38,75,230,164,66
E33001681,218,67,21,46,151,85,66
E33001682,317,110,37,73,207,141,66
E33001683,756,154,56,98,602,530,72
E33001684,620,85,38,47,535,461,74
E33001685,377,155,72,83,222,169,53
E33001686,337,126,52,74,211,140,71
E33001687,274,60,22,38,214,167,47
E33001688,491,193,57,136,298,218,80
E33001689,289,64,24,40,225,177,48
E33001690,416,241,57,184,175,154,21
E33001691,294,91,33,58,203,153,50
E33001692,256,103,24,79,153,123,30
E33001693,896,407,123,284,489,418,71
E33001694,304,105,31,74,199,157,42
E33001695,408,102,18,84,306,272,34
E33001696,683,174,63,111,509,388,121
E33001697,286,95,27,68,191,159,32
E33001698,426,91,18,73,335,298,37
E33001699,353,126,35,91,227,183,44
E33001700,303,101,38,63,202,153,49
E33001701,293,127,40,87,166,132,34
E33001702,569,185,51,134,384,326,58
E33001703,268,128,29,99,140,118,22
E33001704,302,100,34,66,202,155,47
E33001705,397,156,48,108,241,201,40
E33001706,2730,904,153,751,1826,1626,200
E33001707,753,128,40,88,625,531,94
E33001708,220,80,15,65,140,106,34
E33001709,1160,145,27,118,1015,984,31
E33001710,787,80,16,64,707,616,91
E33001711,293,47,19,28,246,203,43
E33001712,495,100,30,70,395,347,48
E33001713,219,105,17,88,114,105,9
E33001714,281,127,34,93,154,123,31
E33001715,236,100,32,68,136,108,28
E33001716,295,91,21,70,204,163,41
E33001717,233,99,20,79,134,105,29
E33001718,513,187,75,112,326,255,71
E33001719,245,97,43,54,148,115,33
E33001720,278,123,23,100,155,126,29
E33001721,231,67,36,31,164,139,25
E33001722,417,128,43,85,289,194,95
E33001723,372,170,80,90,202,157,45
E33001724,290,116,49,67,174,138,36
E33001725,382,167,34,133,215,179,36
E33001726,268,115,31,84,153,128,25
E33001727,276,116,31,85,160,129,31
E33001728,240,83,20,63,157,134,23
E33001729,422,161,28,133,261,203,58
E33001730,703,281,94,187,422,339,83
E33001731,303,120,31,89,183,153,30
E33001732,527,131,35,96,396,345,51
E33001733,693,319,119,200,374,313,61
E33001734,299,117,52,65,182,137,45
E33001735,486,172,65,107,314,236,78
E33001736,442,112,48,64,330,260,70
E33001737,552,153,41,112,399,304,95
E33001738,241,84,34,50,157,118,39
E33001739,353,125,32,93,228,180,48
E33001740,344,123,47,76,221,184,37
E33001741,292,86,24,62,206,172,34
E33001742,517,173,56,117,344,265,79
E33001743,268,64,20,44,204,167,37
E33001744,325,136,31,105,189,166,23
E33001745,294,100,43,57,194,128,66
E33001746,273,102,31,71,171,124,47
E33001747,567,155,28,127,412,368,44
E33001748,232,32,15,17,200,168,32
E33001749,666,363,127,236,303,271,32
E33001750,538,169,55,114,369,303,66
E33001751,453,204,69,135,249,217,32
E33001752,295,136,32,104,159,132,27
E33001753,345,93,23,70,252,190,62
E33001754,282,83,29,54,199,163,36
E33001755,338,88,32,56,250,189,61
E33001756,273,94,27,67,179,148,31
E33001757,762,309,85,224,453,397,56
E33001758,712,241,83,158,471,367,104
E33001759,533,150,34,116,383,334,49
E33001760,307,128,54,74,179,144,35
E33001761,259,104,33,71,155,120,35
E33001762,286,60,20,40,226,188,38
E33001763,245,102,27,75,143,102,41
E33001764,509,177,39,138,332,266,66
E33001765,423,159,51,108,264,208,56
E33001766,262,114,49,65,148,117,31
E33001767,1030,177,44,133,853,744,109
E33001768,321,106,23,83,215,176,39
E33001769,241,75,22,53,166,128,38
E33001770,874,118,32,86,756,667,89
E33001771,323,120,51,69,203,164,39
E33001772,667,256,51,205,411,366,45
E33001773,370,134,42,92,236,186,50
E33001774,382,91,31,60,291,260,31
E33001775,241,53,8,45,188,160,28
E33001776,265,129,37,92,136,112,24
E33001777,416,65,16,49,351,292,59
E33001778,469,79,31,48,390,323,67
E33001779,269,109,30,79,160,152,8
E33001780,294,71,21,50,223,183,40
E33001781,252,94,39,55,158,128,30
E33001782,263,91,21,70,172,140,32
E33001783,283,89,23,66,194,157,37
E33001784,434,65,17,48,369,316,53
E33001785,225,87,31,56,138,116,22
E33001786,346,142,40,102,204,158,46
E33001787,370,131,66,65,239,192,47
E33001788,260,91,13,78,169,138,31
E33001789,313,116,41,75,197,153,44
E33001790,270,73,18,55,197,171,26
E33001791,281,83,19,64,198,151,47
E33001792,354,90,19,71,264,250,14
E33001793,328,133,46,87,195,144,51
E33001794,858,171,36,135,687,541,146
E33001795,274,128,33,95,146,127,19
E33001796,534,90,21,69,444,370,74
E33001797,399,101,28,73,298,262,36
E33001798,372,117,24,93,255,208,47
E33001799,339,105,22,83,234,200,34
E33001800,302,123,35,88,179,139,40
E33001801,564,192,41,151,372,325,47
E33001802,451,245,83,162,206,170,36
E33001803,442,70,18,52,372,217,155
E33001804,545,99,36,63,446,390,56
E33001805,382,158,32,126,224,177,47
E33001806,787,151,38,113,636,561,75
E33001807,505,205,59,146,300,248,52
E33001808,482,150,59,91,332,261,71
E33001809,268,87,31,56,181,144,37
E33001810,249,77,19,58,172,119,53
E33001811,1153,119,33,86,1034,935,99
E33001812,275,92,26,66,183,144,39
E33001813,491,204,75,129,287,210,77
E33001814,326,103,26,77,223,168,55
E33001815,365,118,44,74,247,187,60
E33001816,431,151,38,113,280,209,71
E33001817,293,69,25,44,224,155,69
E33001818,359,107,24,83,252,199,53
E33001819,591,123,32,91,468,316,152
E33001820,449,160,71,89,289,224,65
E33001821,277,126,50,76,151,122,29
E33001822,250,88,28,60,162,142,20
E33001823,294,68,21,47,226,178,48
E33001824,863,283,70,213,580,527,53
E33001825,368,147,29,118,221,183,38
E33001826,421,111,48,63,310,253,57
E33001827,336,118,37,81,218,179,39
E33001828,284,104,39,65,180,146,34
E33001829,420,149,42,107,271,200,71
E33001830,333,120,36,84,213,167,46
E33001831,367,126,31,95,241,187,54
E33001832,469,197,65,132,272,209,63
E33001833,473,118,45,73,355,260,95
E33001834,256,99,39,60,157,126,31
E33001835,1168,263,94,169,905,791,114
E33001836,384,154,56,98,230,173,57
E33001837,369,146,41,105,223,179,44
E33001838,1280,269,74,195,1011,865,146
E33001839,562,253,66,187,309,272,37
E33001840,254,109,38,71,145,126,19
E33001841,266,121,55,66,145,116,29
E33001842,237,67,21,46,170,130,40
E33001843,472,184,81,103,288,228,60
E33001844,623,229,79,150,394,353,41
E33001845,271,95,36,59,176,150,26
E33001846,269,98,49,49,171,148,23
E33001847,250,106,28,78,144,112,32
E33001848,289,82,45,37,207,158,49
E33001849,287,88,35,53,199,149,50
E33001850,438,162,73,89,276,212,64
E33001851,343,85,26,59,258,220,38
E33001852,354,142,63,79,212,160,52
E33001853,318,113,44,69,205,158,47
E33001854,511,131,43,88,380,268,112
E33001855,561,189,59,130,372,299,73
E33001856,426,150,40,110,276,226,50
E33001857,296,115,35,80,181,158,23
E33001858,283,106,37,69,177,128,49
E33001859,261,86,27,59,175,137,38
E33001860,384,172,60,112,212,157,55
E33001861,361,125,38,87,236,208,28
E33001862,572,124,39,85,448,384,64
E33001863,311,107,34,73,204,160,44
E33001864,258,71,24,47,187,127,60
E33001865,239,92,25,67,147,122,25
E33001866,520,240,69,171,280,214,66
E33001867,275,112,28,84,163,135,28
E33001868,470,144,42,102,326,272,54
E33001869,417,139,43,96,278,231,47
E33001870,298,107,41,66,191,149,42
E33001871,519,310,64,246,209,185,24
E33001872,264,84,26,58,180,152,28
E33001873,295,96,30,66,199,160,39
E33001874,412,175,42,133,237,206,31
E33001875,289,78,20,58,211,167,44
E33001876,349,115,24,91,234,197,37
E33001877,275,103,32,71,172,145,27
E33001878,377,153,56,97,224,210,14
E33001879,323,97,21,76,226,185,41
E33001880,323,98,30,68,225,174,51
E33001881,436,160,43,117,276,226,50
E33001882,336,80,20,60,256,237,19
E33001883,509,206,52,154,303,273,30
E33001884,276,84,30,54,192,153,39
E33001885,440,142,52,90,298,246,52
E33001886,309,106,23,83,203,173,30
E33001887,667,148,38,110,519,440,79
E33001888,263,87,17,70,176,162,14
E33001889,801,421,67,354,380,330,50
E33001890,651,265,78,187,386,315,71
E33001891,274,96,19,77,178,129,49
E33001892,298,120,24,96,178,157,21
E33001893,298,113,25,88,185,165,20
E33001894,337,130,25,105,207,174,33
E33001895,285,109,20,89,176,140,36
E33001896,246,103,21,82,143,129,14
E33001897,717,226,79,147,491,429,62
E33001898,600,203,63,140,397,345,52
E33001899,366,107,37,70,259,198,61
E33001900,324,96,25,71,228,209,19
E33001901,280,104,41,63,176,149,27
E33001902,448,171,32,139,277,247,30
E33001903,229,89,22,67,140,114,26
E33001904,387,150,51,99,237,185,52
E33001905,372,112,50,62,260,223,37
E33001906,333,115,29,86,218,167,51
E33001907,580,189,67,122,391,291,100
E33001908,288,82,26,56,206,175,31
E33001909,300,97,31,66,203,159,44
E33001910,344,108,40,68,236,158,78
E33001911,445,147,54,93,298,233,65
E33001912,306,129,33,96,177,140,37
E33001913,338,78,29,49,260,189,71
E33001914,329,104,39,65,225,186,39
E33001915,312,109,48,61,203,149,54
E33001916,292,104,35,69,188,149,39
E33001917,286,125,40,85,161,134,27
E33001918,444,167,50,117,277,214,63
E33001919,235,44,18,26,191,148,43
E33001920,1119,104,35,69,1015,936,79
E33001921,240,120,23,97,120,101,19
E33001922,302,100,30,70,202,174,28
E33001923,584,358,81,277,226,189,37
E33001924,376,118,25,93,258,197,61
E33001925,500,131,31,100,369,265,104
E33001926,696,283,96,187,413,358,55
E33001927,313,120,38,82,193,158,35
E33001928,305,102,19,83,203,155,48
E33001929,365,78,28,50,287,199,88
E33001930,309,78,16,62,231,169,62
E33001931,347,126,25,101,221,181,40
E33001932,334,120,43,77,214,177,37
E33001933,625,245,57,188,380,342,38
E33001934,399,125,27,98,274,213,61
E33001935,476,152,46,106,324,255,69
E33001936,288,78,31,47,210,173,37
E33001937,238,65,32,33,173,119,54
E33001938,327,54,23,31,273,214,59
E33001939,606,269,102,167,337,262,75
E33001940,360,91,39,52,269,176,93
E33001941,343,125,48,77,218,167,51
E33001942,417,193,60,133,224,178,46
E33001943,712,96,28,68,616,534,82
E33001944,542,67,25,42,475,407,68
E33001945,335,133,18,115,202,180,22
E33001946,271,104,33,71,167,137,30
E33001947,366,96,26,70,270,219,51
E33001948,258,102,30,72,156,135,21
E33001949,413,149,72,77,264,192,72
E33001950,407,145,54,91,262,193,69
E33001951,295,73,17,56,222,195,27
E33001952,421,166,39,127,255,199,56
E33001953,257,114,32,82,143,122,21
E33001954,267,92,38,54,175,142,33
E33001955,239,89,29,60,150,125,25
E33001956,236,104,44,60,132,100,32
E33001957,339,129,39,90,210,168,42
E33001958,581,128,32,96,453,398,55
E33001959,250,82,27,55,168,140,28
E33001960,430,70,28,42,360,316,44
E33001961,228,59,28,31,169,110,59
E33001962,312,81,28,53,231,143,88
E33001963,256,77,25,52,179,115,64
E33001964,254,88,27,61,166,106,60
E33001965,362,75,22,53,287,216,71
E33001966,378,115,28,87,263,205,58
E33001967,351,120,36,84,231,176,55
E33001968,398,120,40,80,278,205,73
E33001969,424,63,28,35,361,296,65
E33001970,354,132,45,87,222,148,74
E33001971,244,79,28,51,165,99,66
E33001972,378,137,44,93,241,182,59
E33001973,282,78,36,42,204,117,87
E33001974,301,81,40,41,220,120,100
E33001975,256,86,35,51,170,95,75
E33001976,338,85,42,43,253,128,125
E33001977,324,57,20,37,267,140,127
E33001978,613,126,45,81,487,429,58
E33001979,371,97,27,70,274,174,100
E33001980,593,228,66,162,365,308,57
E33001981,265,99,32,67,166,123,43
E33001982,366,155,45,110,211,172,39
E33001983,452,213,76,137,239,170,69
E33001984,528,218,58,160,310,246,64
E33001985,359,98,28,70,261,187,74
E33001986,563,89,27,62,474,401,73
E33001987,286,81,22,59,205,105,100
E33001988,301,101,47,54,200,139,61
E33001989,250,79,36,43,171,99,72
E33001990,306,102,38,64,204,137,67
E33001991,372,105,37,68,267,153,114
E33001992,567,140,45,95,427,347,80
E33001993,378,143,49,94,235,182,53
E33001994,253,51,19,32,202,149,53
E33001995,366,130,39,91,236,189,47
E33001996,348,129,27,102,219,204,15
E33001997,268,66,22,44,202,161,41
E33001998,523,179,54,125,344,279,65
E33001999,307,109,38,71,198,147,51
E33002000,347,125,37,88,222,169,53
E33002001,520,186,44,142,334,252,82
E33002002,405,123,34,89,282,230,52
E33002003,379,122,32,90,257,198,59
E33002004,471,196,61,135,275,227,48
E33002005,702,374,103,271,328,281,47
E33002006,368,119,25,94,249,200,49
E33002007,699,330,59,271,369,349,20
E33002008,241,83,17,66,158,125,33
E33002009,566,225,40,185,341,282,59
E33002010,311,135,22,113,176,143,33
E33002011,1209,460,85,375,749,694,55
E33002012,413,111,45,66,302,237,65
E33002013,317,97,38,59,220,168,52
E33002014,582,244,51,193,338,299,39
E33002015,432,147,47,100,285,220,65
E33002016,605,106,26,80,499,435,64
E33002017,442,68,12,56,374,317,57
E33002018,383,89,31,58,294,221,73
E33002019,398,162,51,111,236,193,43
E33002020,341,98,23,75,243,207,36
E33002021,335,145,37,108,190,162,28
E33002022,642,246,43,203,396,356,40
E33002023,369,110,30,80,259,223,36
E33002024,419,147,37,110,272,244,28
E33002025,293,114,43,71,179,142,37
E33002026,365,139,33,106,226,180,46
E33002027,1321,163,76,87,1158,945,213
E33002028,398,149,72,77,249,185,64
E33002029,272,94,33,61,178,127,51
E33002030,526,173,46,127,353,298,55
E33002031,332,131,39,92,201,169,32
E33002032,322,91,23,68,231,178,53
E33002033,312,125,39,86,187,146,41
E33002034,276,78,15,63,198,178,20
E33002035,402,192,81,111,210,159,51
E33002036,424,141,53,88,283,181,102
E33002037,240,89,27,62,151,98,53
E33002038,461,110,42,68,351,293,58
E33002039,252,62,32,30,190,144,46
E33002040,256,98,27,71,158,121,37
E33002041,229,99,35,64,130,89,41
E33002042,284,99,34,65,185,134,51
E33002043,468,221,74,147,247,190,57
E33002044,303,100,54,46,203,137,66
E33002045,229,85,30,55,144,98,46
E33002046,380,122,42,80,258,201,57
E33002047,263,81,30,51,182,102,80
E33002048,258,73,27,46,185,112,73
E33002049,365,124,44,80,241,159,82
E33002050,246,99,40,59,147,70,77
E33002051,410,187,63,124,223,168,55
E33002052,435,185,47,138,250,230,20
E33002053,753,182,39,143,571,517,54
E33002054,421,187,39,148,234,201,33
E33002055,356,155,42,113,201,175,26
E33002056,264,91,28,63,173,135,38
E33002057,401,121,33,88,280,204,76
E33002058,545,168,43,125,377,323,54
E33002059,250,67,23,44,183,132,51
E33002060,514,187,60,127,327,230,97
E33002061,319,97,26,71,222,151,71
E33002062,279,106,37,69,173,108,65
E33002063,342,151,59,92,191,148,43
E33002064,283,113,32,81,170,120,50
E33002065,410,107,39,68,303,253,50
E33002066,372,107,32,75,265,188,77
E33002067,605,223,56,167,382,272,110
E33002068,331,105,44,61,226,132,94
E33002069,266,85,30,55,181,107,74
E33002070,233,65,25,40,168,85,83
E33002071,453,151,61,90,302,217,85
E33002072,332,92,32,60,240,143,97
E33002073,419,152,51,101,267,179,88
E33002074,361,133,47,86,228,169,59
E33002075,344,158,56,102,186,148,38
E33002076,316,76,29,47,240,154,86
E33002077,300,80,15,65,220,190,30
E33002078,349,162,44,118,187,170,17
E33002079,295,106,22,84,189,159,30
E33002080,417,162,50,112,255,212,43
E33002081,535,243,49,194,292,260,32
E33002082,386,72,26,46,314,281,33
E33002083,411,159,21,138,252,217,35
E33002084,428,123,27,96,305,280,25
E33002085,324,93,23,70,231,180,51
E33002086,246,97,26,71,149,129,20
E33002087,335,140,52,88,195,153,42
E33002088,317,92,34,58,225,167,58
E33002089,265,105,22,83,160,117,43
E33002090,463,165,38,127,298,225,73
E33002091,496,167,59,108,329,253,76
E33002092,364,98,37,61,266,197,69
E33002093,312,124,44,80,188,142,46
E33002094,303,110,26,84,193,163,30
E33002095,361,135,49,86,226,174,52
E33002096,306,113,25,88,193,183,10
E33002097,514,240,88,152,274,246,28
E33002098,565,314,93,221,251,228,23
E33002099,1046,133,39,94,913,813,100
E33002100,307,112,20,92,195,176,19
E33002101,262,135,27,108,127,107,20
E33002102,412,97,29,68,315,250,65
E33002103,324,84,29,55,240,181,59
E33002104,542,163,42,121,379,310,69
E33002105,455,214,68,146,241,207,34
E33002106,320,97,36,61,223,161,62
E33002107,718,270,95,175,448,336,112
E33002108,321,125,23,102,196,172,24
E33002109,1032,242,91,151,790,610,180
E33002110,831,136,53,83,695,591,104
E33002111,253,110,19,91,143,123,20
E33002112,322,122,37,85,200,170,30
E33002113,386,120,41,79,266,202,64
E33002114,325,124,37,87,201,156,45
E33002115,277,85,39,46,192,124,68
E33002116,259,110,23,87,149,125,24
E33002117,310,126,33,93,184,138,46
E33002118,389,126,44,82,263,179,84
E33002119,416,130,45,85,286,235,51
E33002120,374,137,54,83,237,187,50
E33002121,331,115,46,69,216,174,42
E33002122,692,201,60,141,491,457,34
E33002123,333,125,61,64,208,136,72
E33002124,638,240,92,148,398,330,68
E33002125,649,198,64,134,451,385,66
E33002126,329,114,39,75,215,141,74
E33002127,253,73,22,51,180,127,53
E33002128,1161,260,87,173,901,823,78
E33002129,307,96,45,51,211,137,74
E33002130,332,113,42,71,219,164,55
E33002131,515,84,38,46,431,394,37
E33002132,496,225,63,162,271,239,32
E33002133,383,138,45,93,245,206,39
E33002134,1080,186,70,116,894,735,159
E33002135,292,137,54,83,155,118,37
E33002136,238,75,15,60,163,144,19
E33002137,279,114,46,68,165,132,33
E33002138,464,148,57,91,316,253,63
E33002139,612,161,44,117,451,401,50
E33002140,298,159,71,88,139,108,31
E33002141,598,274,108,166,324,269,55
E33002142,544,165,42,123,379,299,80
E33002143,334,82,33,49,252,217,35
E33002144,353,150,61,89,203,167,36
E33002145,439,132,55,77,307,219,88
E33002146,314,118,60,58,196,144,52
E33002147,256,103,38,65,153,109,44
E33002148,361,102,41,61,259,191,68
E33002149,869,165,59,106,704,452,252
E33002150,303,70,27,43,233,141,92
E33002151,441,123,54,69,318,188,130
E33002152,244,86,32,54,158,87,71
E33002153,321,53,21,32,268,184,84
E33002154,284,68,23,45,216,158,58
E33002155,346,140,62,78,206,143,63
E33002156,288,72,33,39,216,130,86
E33002157,433,125,55,70,308,207,101
E33002158,223,62,19,43,161,100,61
E33002159,385,131,44,87,254,152,102
E33002160,331,97,41,56,234,172,62
E33002161,246,79,27,52,167,98,69
E33002162,460,169,42,127,291,206,85
E33002163,293,100,32,68,193,141,52
E33002164,253,93,37,56,160,123,37
E33002165,749,284,78,206,465,331,134
E33002166,402,103,37,66,299,243,56
E33002167,445,202,80,122,243,191,52
E33002168,357,136,49,87,221,174,47
E33002169,415,161,55,106,254,223,31
E33002170,296,90,34,56,206,153,53
E33002171,274,116,25,91,158,131,27
E33002172,284,69,21,48,215,192,23
E33002173,241,83,34,49,158,108,50
E33002174,257,84,21,63,173,114,59
E33002175,517,225,77,148,292,239,53
E33002176,238,76,23,53,162,136,26
E33002177,360,160,50,110,200,165,35
E33002178,573,257,80,177,316,269,47
E33002179,498,126,27,99,372,328,44
E33002180,377,71,26,45,306,238,68
E33002181,235,81,27,54,154,116,38
E33002182,268,52,25,27,216,181,35
E33002183,378,160,48,112,218,177,41
E33002184,398,120,50,70,278,225,53
E33002185,453,149,39,110,304,236,68
E33002186,337,70,26,44,267,216,51
E33002187,310,118,64,54,192,142,50
E33002188,231,83,43,40,148,113,35
E33002189,348,116,39,77,232,159,73
E33002190,282,98,26,72,184,149,35
E33002191,522,248,106,142,274,209,65
E33002192,205,81,28,53,124,86,38
E33002193,491,147,70,77,344,258,86
E33002194,311,113,45,68,198,123,75
E33002195,258,90,40,50,168,89,79
E33002196,376,133,48,85,243,175,68
E33002197,255,69,30,39,186,110,76
E33002198,488,160,88,72,328,221,107
E33002199,308,133,36,97,175,125,50
E33002200,446,172,63,109,274,175,99
E33002201,633,216,59,157,417,346,71
E33002202,952,188,61,127,764,617,147
E33002203,238,94,29,65,144,121,23
E33002204,254,123,22,101,131,115,16
E33002205,245,87,36,51,158,128,30
E33002206,645,157,27,130,488,449,39
E33002207,716,265,77,188,451,367,84
E33002208,248,103,47,56,145,114,31
E33002209,299,109,32,77,190,166,24
E33002210,1961,631,116,515,1330,1192,138
E33002211,233,104,30,74,129,111,18
E33002212,340,99,33,66,241,197,44
E33002213,646,214,73,141,432,317,115
E33002214,439,126,34,92,313,252,61
E33002215,376,163,45,118,213,168,45
E33002216,666,100,24,76,566,516,50
E33002217,326,109,33,76,217,179,38
E33002218,277,114,36,78,163,134,29
E33002219,280,109,31,78,171,140,31
E33002220,316,52,11,41,264,184,80
E33002221,338,101,27,74,237,193,44
E33002222,329,91,21,70,238,216,22
E33002223,270,86,37,49,184,136,48
E33002224,269,102,31,71,167,145,22
E33002225,240,106,33,73,134,112,22
E33002226,243,45,9,36,198,146,52
E33002227,396,57,14,43,339,301,38
E33002228,408,180,25,155,228,200,28
E33002229,304,103,31,72,201,151,50
E33002230,242,58,14,44,184,147,37
E33002231,476,123,27,96,353,317,36
E33002232,439,181,51,130,258,204,54
E33002233,726,238,36,202,488,457,31
E33002234,492,192,60,132,300,244,56
E33002235,302,94,31,63,208,149,59
E33002236,386,146,58,88,240,210,30
E33002237,454,187,66,121,267,202,65
E33002238,336,147,70,77,189,142,47
E33002239,283,122,44,78,161,112,49
E33002240,326,134,43,91,192,161,31
E33002241,380,148,40,108,232,192,40
E33002242,479,176,66,110,303,231,72
E33002243,347,95,21,74,252,231,21
E33002244,316,91,32,59,225,188,37
E33002245,462,200,43,157,262,241,21
E33002246,368,40,16,24,328,262,66
E33002247,402,77,22,55,325,270,55
E33002248,241,76,21,55,165,137,28
E33002249,238,75,26,49,163,133,30
E33002250,329,80,21,59,249,222,27
E33002251,633,281,50,231,352,314,38
E33002252,316,105,31,74,211,178,33
E33002253,542,204,50,154,338,287,51
E33002254,405,125,54,71,280,200,80
E33002255,221,105,43,62,116,101,15
E33002256,333,155,54,101,178,145,33
E33002257,370,151,44,107,219,170,49
E33002258,334,126,36,90,208,146,62
E33002259,435,127,37,90,308,257,51
E33002260,354,132,54,78,222,162,60
E33002261,286,86,34,52,200,149,51
E33002262,318,125,41,84,193,131,62
E33002263,425,177,54,123,248,218,30
E33002264,404,161,53,108,243,185,58
E33002265,315,91,37,54,224,187,37
E33002266,453,172,52,120,281,247,34
E33002267,239,72,28,44,167,141,26
E33002268,2201,748,308,440,1453,1370,83
E33002269,1037,106,27,79,931,713,218
E33002270,267,48,15,33,219,194,25
E33002271,490,45,10,35,445,382,63
E33002272,1933,356,131,225,1577,1468,109
E33002273,337,58,16,42,279,243,36
E33002274,273,54,12,42,219,187,32
E33002275,470,36,9,27,434,389,45
E33002276,695,340,84,256,355,298,57
E33002277,1873,462,48,414,1411,1270,141
E33002278,206,76,29,47,130,105,25
E33002279,365,210,96,114,155,138,17
E33002280,571,157,24,133,414,392,22
E33002281,268,112,31,81,156,155,1
E33002282,212,61,14,47,151,130,21
E33002283,303,103,21,82,200,190,10
E33002284,213,47,8,39,166,143,23
E33002285,232,64,20,44,168,153,15
E33002286,453,266,124,142,187,169,18
E33002287,316,74,22,52,242,223,19
E33002288,543,249,70,179,294,265,29
E33002289,552,188,48,140,364,330,34
E33002290,389,41,11,30,348,296,52
E33002291,265,44,8,36,221,144,77
E33002292,706,248,74,174,458,420,38
E33002293,353,55,9,46,298,266,32
E33002294,434,55,18,37,379,351,28
E33002295,236,38,9,29,198,175,23
E33002296,332,53,3,50,279,246,33
E33002297,300,137,23,114,163,153,10
E33002298,249,21,2,19,228,206,22
E33002299,859,105,27,78,754,639,115
E33002300,375,79,16,63,296,261,35
E33002301,676,416,190,226,260,236,24
E33002302,312,101,40,61,211,198,13
E33002303,229,88,34,54,141,124,17
E33002304,283,130,48,82,153,139,14
E33002305,673,57,18,39,616,565,51
E33002306,218,30,7,23,188,142,46
E33002307,237,117,45,72,120,115,5
E33002308,1013,361,105,256,652,558,94
E33002309,956,318,92,226,638,564,74
E33002310,448,220,56,164,228,205,23
E33002311,324,40,9,31,284,271,13
E33002312,264,99,12,87,165,142,23
E33002313,492,256,61,195,236,208,28
E33002314,239,61,12,49,178,151,27
E33002315,522,156,30,126,366,330,36
E33002316,641,234,93,141,407,301,106
E33002317,4985,1627,245,1382,3358,3065,293
E33002318,211,81,24,57,130,112,18
E33002319,275,80,28,52,195,157,38
E33002320,297,138,52,86,159,136,23
E33002321,633,113,28,85,520,480,40
E33002322,214,33,11,22,181,150,31
E33002323,428,65,10,55,363,332,31
E33002324,214,101,39,62,113,90,23
E33002325,438,201,71,130,237,201,36
E33002326,331,72,14,58,259,239,20
E33002327,509,71,18,53,438,373,65
E33002328,216,76,12,64,140,128,12
E33002329,304,97,25,72,207,177,30
E33002330,253,79,33,46,174,140,34
E33002331,399,42,7,35,357,305,52
E33002332,2811,1008,264,744,1803,1580,223
E33002333,252,26,6,20,226,203,23
E33002334,409,29,14,15,380,341,39
E33002335,345,132,35,97,213,188,25
E33002336,546,215,64,151,331,315,16
E33002337,573,193,68,125,380,333,47
E33002338,310,117,22,95,193,159,34
E33002339,628,221,63,158,407,346,61
E33002340,479,168,45,123,311,275,36
E33002341,359,164,34,130,195,177,18
E33002342,407,95,33,62,312,293,19
E33002343,572,200,48,152,372,324,48
E33002344,480,234,77,157,246,211,35
E33002345,204,81,20,61,123,101,22
E33002346,525,261,86,175,264,243,21
E33002347,340,69,20,49,271,234,37
E33002348,363,165,39,126,198,172,26
E33002349,288,43,17,26,245,233,12
E33002350,333,121,38,83,212,191,21
E33002351,383,126,23,103,257,236,21
E33002352,297,164,74,90,133,117,16
E33002353,394,162,64,98,232,213,19
E33002354,869,522,198,324,347,319,28
E33002355,305,126,51,75,179,168,11
E33002356,275,115,26,89,160,136,24
E33002357,274,165,71,94,109,98,11
E33002358,226,126,49,77,100,84,16
E33002359,299,175,81,94,124,116,8
E33002360,1240,443,128,315,797,732,65
E33002361,498,200,45,155,298,278,20
E33002362,320,96,20,76,224,207,17
E33002363,276,73,25,48,203,189,14
E33002364,259,53,11,42,206,190,16
E33002365,234,96,26,70,138,133,5
E33002366,205,46,8,38,159,146,13
E33002367,276,107,27,80,169,157,12
E33002368,294,93,28,65,201,173,28
E33002369,426,112,34,78,314,247,67
E33002370,1941,535,134,401,1406,1346,60
E33002371,292,69,14,55,223,190,33
E33002372,560,235,48,187,325,267,58
E33002373,331,26,10,16,305,239,66
E33002374,1176,262,26,236,914,885,29
E33002375,573,237,58,179,336,305,31
E33002376,1051,157,50,107,894,726,168
E33002377,245,56,26,30,189,99,90
E33002378,187,47,14,33,140,118,22
E33002379,731,233,63,170,498,443,55
E33002380,1666,292,65,227,1374,1217,157
E33002381,933,106,21,85,827,724,103
E33002382,228,41,16,25,187,144,43
E33002383,192,31,5,26,161,147,14
E33002384,343,54,17,37,289,244,45
E33002385,437,89,28,61,348,283,65
E33002386,320,129,34,95,191,174,17
E33002387,363,87,8,79,276,245,31
E33002388,363,88,26,62,275,215,60
E33002389,155,75,11,64,80,68,12
E33002390,292,121,46,75,171,136,35
E33002391,274,55,10,45,219,166,53
E33002392,595,58,20,38,537,483,54
E33002393,615,55,25,30,560,463,97
E33002394,222,30,7,23,192,137,55
E33002395,429,76,19,57,353,309,44
E33002396,359,34,7,27,325,289,36
E33002397,398,34,5,29,364,303,61
E33002398,5790,1554,257,1297,4236,3776,460
E33002399,505,150,32,118,355,331,24
E33002400,934,112,21,91,822,723,99
E33002401,421,62,25,37,359,312,47
E33002402,1076,418,97,321,658,609,49
E33002403,343,89,22,67,254,212,42
E33002404,403,105,42,63,298,280,18
E33002405,769,317,239,78,452,370,82
E33002406,364,96,16,80,268,234,34
E33002407,515,44,12,32,471,374,97
E33002408,307,126,58,68,181,166,15
E33002409,521,81,16,65,440,360,80
E33002410,298,44,9,35,254,210,44
E33002411,854,173,31,142,681,630,51
E33002412,389,176,57,119,213,198,15
E33002413,208,24,3,21,184,161,23
E33002414,513,76,19,57,437,418,19
E33002415,467,100,18,82,367,262,105
E33002416,767,142,27,115,625,543,82
E33002417,477,124,27,97,353,319,34
E33002418,235,106,23,83,129,101,28
E33002419,252,88,16,72,164,147,17
E33002420,671,238,64,174,433,408,25
E33002421,276,80,25,55,196,166,30
E33002422,3376,944,121,823,2432,2160,272
E33002423,562,318,83,235,244,215,29
E33002424,640,198,76,122,442,383,59
E33002425,238,101,48,53,137,105,32
E33002426,209,72,31,41,137,115,22
E33002427,564,145,39,106,419,322,97
E33002428,344,42,11,31,302,276,26
E33002429,556,80,28,52,476,402,74
E33002430,306,43,16,27,263,218,45
E33002431,462,136,38,98,326,288,38
E33002432,646,93,31,62,553,476,77
E33002433,831,347,141,206,484,382,102
E33002434,447,95,39,56,352,297,55
E33002435,375,209,64,145,166,144,22
E33002436,672,267,53,214,405,374,31
E33002437,1196,143,31,112,1053,950,103
E33002438,358,107,22,85,251,234,17
E33002439,413,31,10,21,382,325,57
E33002440,472,157,51,106,315,278,37
E33002441,289,132,28,104,157,141,16
E33002442,358,175,26,149,183,164,19
E33002443,307,103,31,72,204,191,13
E33002444,257,91,16,75,166,148,18
E33002445,244,74,31,43,170,138,32
E33002446,394,169,36,133,225,198,27
E33002447,347,60,22,38,287,240,47
E33002448,205,37,8,29,168,129,39
E33002449,293,51,19,32,242,217,25
E33002450,549,34,11,23,515,448,67
E33002451,177,21,2,19,156,141,15
E33002452,631,72,14,58,559,494,65
E33002453,372,68,32,36,304,227,77
E33002454,420,36,7,29,384,346,38
E33002455,643,50,16,34,593,532,61
E33002456,292,67,11,56,225,199,26
E33002457,556,82,28,54,474,396,78
E33002458,2654,560,114,446,2094,1905,189
E33002459,227,98,28,70,129,119,10
E33002460,233,95,21,74,138,129,9
E33002461,381,129,34,95,252,219,33
E33002462,983,119,34,85,864,720,144
E33002463,574,62,11,51,512,418,94
E33002464,951,90,22,68,861,753,108
E33002465,296,48,11,37,248,214,34
E33002466,2906,299,59,240,2607,2383,224
E33002467,6444,1489,279,1210,4955,4455,500
E33002468,375,79,21,58,296,258,38
E33002469,1372,379,86,293,993,888,105
E33002470,453,77,10,67,376,314,62
E33002471,310,46,18,28,264,246,18
E33002472,1001,280,35,245,721,643,78
E33002473,410,31,4,27,379,329,50
E33002474,240,58,17,41,182,146,36
E33002475,574,96,4,92,478,408,70
E33002476,451,46,7,39,405,374,31
E33002477,810,149,13,136,661,597,64
E33002478,244,64,13,51,180,145,35
E33002479,381,65,16,49,316,232,84
E33002480,490,49,15,34,441,373,68
E33002481,235,27,9,18,208,150,58
E33002482,250,65,22,43,185,155,30
E33002483,406,25,5,20,381,366,15
E33002484,700,79,15,64,621,505,116
E33002485,233,23,4,19,210,183,27
E33002486,955,75,22,53,880,762,118
E33002487,216,76,23,53,140,121,19
E33002488,735,165,39,126,570,510,60
E33002489,429,149,30,119,280,257,23
E33002490,468,245,45,200,223,199,24
E33002491,1176,122,27,95,1054,927,127
E33002492,122,15,4,11,107,96,11
E33002493,515,167,33,134,348,315,33
E33002494,751,106,16,90,645,590,55
E33002495,338,185,68,117,153,145,8
E33002496,372,188,50,138,184,153,31
E33002497,869,292,86,206,577,541,36
E33002498,350,60,8,52,290,275,15
E33002499,517,192,32,160,325,296,29
E33002500,1766,509,120,389,1257,1161,96
E33002501,396,89,27,62,307,268,39
E33002502,3111,1075,168,907,2036,1902,134
E33002503,559,139,35,104,420,376,44
E33002504,251,114,9,105,137,122,15
E33002505,220,27,10,17,193,173,20
E33002506,279,75,16,59,204,173,31
E33002507,387,124,37,87,263,228,35
E33002508,327,77,19,58,250,201,49
E33002509,453,168,54,114,285,258,27
E33002510,697,146,18,128,551,480,71
E33002511,291,62,24,38,229,196,33
E33002512,233,72,12,60,161,130,31
E33002513,315,118,26,92,197,165,32
E33002514,922,129,32,97,793,684,109
E33002515,608,58,20,38,550,352,198
E33002516,434,78,30,48,356,280,76
E33002517,380,55,9,46,325,303,22
E33002518,791,97,15,82,694,622,72
E33002519,440,70,17,53,370,337,33
E33002520,279,48,19,29,231,194,37
E33002521,342,110,35,75,232,200,32
E33002522,231,105,24,81,126,111,15
E33002523,242,76,13,63,166,142,24
E33002524,301,105,23,82,196,185,11
E33002525,211,101,23,78,110,103,7
E33002526,239,92,22,70,147,137,10
E33002527,465,62,27,35,403,364,39
E33002528,500,85,28,57,415,359,56
E33002529,151,10,3,7,141,121,20
E33002530,293,49,16,33,244,189,55
E33002531,212,92,24,68,120,96,24
E33002532,830,186,42,144,644,591,53
E33002533,462,79,18,61,383,353,30
E33002534,567,67,15,52,500,460,40
E33002535,251,45,17,28,206,185,21
E33002536,588,248,64,184,340,323,17
E33002537,693,429,210,219,264,249,15
E33002538,656,177,29,148,479,479,0
E33002539,165,51,15,36,114,102,12
E33002540,532,89,8,81,443,428,15
E33002541,247,87,35,52,160,150,10
E33002542,385,135,42,93,250,223,27
E33002543,477,279,126,153,198,191,7
E33002544,666,359,101,258,307,265,42
E33002545,996,156,30,126,840,805,35
E33002546,948,313,123,190,635,590,45
E33002547,423,64,13,51,359,259,100
E33002548,948,135,31,104,813,693,120
E33002549,295,97,25,72,198,186,12
E33002550,686,197,46,151,489,452,37
E33002551,347,161,47,114,186,173,13
E33002552,211,43,18,25,168,149,19
E33002553,235,21,5,16,214,200,14
E33002554,226,90,19,71,136,126,10
E33002555,301,103,23,80,198,181,17
E33002556,289,63,18,45,226,202,24
E33002557,229,108,26,82,121,108,13
E33002558,270,108,34,74,162,130,32
E33002559,254,96,24,72,158,150,8
E33002560,253,87,12,75,166,160,6
E33002561,243,93,29,64,150,137,13
E33002562,238,77,17,60,161,142,19
E33002563,462,281,116,165,181,161,20
E33002564,428,92,18,74,336,308,28
E33002565,227,66,13,53,161,148,13
E33002566,301,159,41,118,142,137,5
E33002567,503,146,33,113,357,309,48
E33002568,567,286,94,192,281,255,26
E33002569,818,305,77,228,513,447,66
E33002570,429,87,15,72,342,315,27
E33002571,524,173,57,116,351,320,31
E33002572,253,59,12,47,194,184,10
E33002573,730,139,14,125,591,552,39
E33002574,374,110,20,90,264,222,42
E33002575,366,53,10,43,313,300,13
E33002576,419,189,32,157,230,202,28
E33002577,398,119,22,97,279,233,46
E33002578,436,58,12,46,378,323,55
E33002579,260,23,7,16,237,201,36
E33002580,467,26,10,16,441,383,58
E33002581,767,120,21,99,647,504,143
E33002582,1092,71,21,50,1021,850,171
E33002583,271,57,11,46,214,173,41
E33002584,767,79,25,54,688,515,173
E33002585,407,29,11,18,378,277,101
E33002586,1476,144,33,111,1332,1155,177
E33002587,106,32,6,26,74,58,16
E33002588,307,39,12,27,268,228,40
E33002589,1126,170,44,126,956,851,105
E33002590,351,60,14,46,291,279,12
E33002591,254,17,4,13,237,195,42
E33002592,1332,145,31,114,1187,989,198
E33002593,259,67,6,61,192,186,6
E33002594,404,123,22,101,281,253,28
E33002595,268,102,16,86,166,150,16
E33002596,208,83,21,62,125,113,12
E33002597,306,44,8,36,262,214,48
E33002598,841,440,134,306,401,359,42
E33002599,317,119,38,81,198,158,40
E33002600,224,73,17,56,151,131,20
E33002601,427,40,15,25,387,356,31
E33002602,416,120,21,99,296,262,34
E33002603,392,74,19,55,318,294,24
E33002604,704,99,32,67,605,497,108
E33002605,339,108,18,90,231,205,26
E33002606,307,110,24,86,197,177,20
E33002607,406,126,31,95,280,236,44
E33002608,548,195,38,157,353,331,22
E33002609,312,44,12,32,268,231,37
E33002610,1976,402,180,222,1574,1349,225
E33002611,213,36,10,26,177,122,55
E33002612,298,56,13,43,242,204,38
E33002613,383,120,32,88,263,207,56
E33002614,198,7,2,5,191,174,17
E33002615,587,44,12,32,543,439,104
E33002616,219,52,11,41,167,129,38
E33002617,723,63,17,46,660,495,165
E33002618,534,57,9,48,477,379,98
E33002619,620,196,78,118,424,358,66
E33002620,293,112,24,88,181,142,39
E33002621,442,24,5,19,418,350,68
E33002622,720,91,20,71,629,531,98
E33002623,396,177,35,142,219,201,18
E33002624,259,40,10,30,219,198,21
E33002625,238,92,14,78,146,139,7
E33002626,435,248,89,159,187,179,8
E33002627,299,83,39,44,216,184,32
E33002628,345,175,51,124,170,147,23
E33002629,426,116,29,87,310,282,28
E33002630,208,52,9,43,156,126,30
E33002631,402,188,60,128,214,190,24
E33002632,207,22,4,18,185,126,59
E33002633,565,50,15,35,515,452,63
E33002634,614,53,11,42,561,476,85
E33002635,1332,278,61,217,1054,965,89
E33002636,465,207,44,163,258,245,13
E33002637,339,185,70,115,154,137,17
E33002638,269,70,20,50,199,176,23
E33002639,288,77,17,60,211,176,35
E33002640,241,48,10,38,193,156,37
E33002641,775,101,29,72,674,592,82
E33002642,464,93,21,72,371,330,41
E33002643,1001,137,37,100,864,765,99
E33002644,443,53,17,36,390,349,41
E33002645,502,140,35,105,362,326,36
E33002646,1694,363,105,258,1331,1230,101
E33002647,247,78,11,67,169,153,16
E33002648,327,36,13,23,291,263,28
E33002649,678,64,22,42,614,482,132
E33002650,914,144,54,90,770,701,69
E33002651,604,39,10,29,565,470,95
E33002652,709,126,11,115,583,474,109
E33002653,246,47,14,33,199,126,73
E33002654,351,33,11,22,318,273,45
E33002655,573,50,14,36,523,432,91
E33002656,609,45,15,30,564,492,72
E33002657,225,21,8,13,204,123,81
E33002658,289,67,20,47,222,198,24
E33002659,552,342,162,180,210,194,16
E33002660,519,95,18,77,424,401,23
E33002661,241,116,38,78,125,117,8
E33002662,373,151,69,82,222,212,10
E33002663,336,76,14,62,260,232,28
E33002664,370,82,13,69,288,272,16
E33002665,437,140,30,110,297,267,30
E33002666,826,453,121,332,373,337,36
E33002667,405,247,87,160,158,146,12
E33002668,689,155,21,134,534,512,22
E33002669,599,369,152,217,230,206,24
E33002670,236,71,15,56,165,156,9
E33002671,198,53,12,41,145,136,9
E33002672,337,84,18,66,253,236,17
E33002673,265,133,40,93,132,125,7
E33002674,204,31,10,21,173,138,35
E33002675,3235,1053,235,818,2182,2032,150
E33002676,348,109,24,85,239,197,42
E33002677,451,137,44,93,314,296,18
E33002678,488,149,37,112,339,291,48
E33002679,673,35,9,26,638,529,109
E33002680,205,73,19,54,132,119,13
E33002681,354,185,58,127,169,141,28
E33002682,1213,435,114,321,778,736,42
E33002683,309,76,18,58,233,208,25
E33002684,378,147,43,104,231,185,46
E33002685,271,107,33,74,164,126,38
E33002686,1364,251,55,196,1113,1041,72
E33002687,730,64,17,47,666,606,60
E33002688,545,130,35,95,415,383,32
E33002689,1437,769,271,498,668,636,32
E33002690,443,175,92,83,268,193,75
E33002691,772,213,56,157,559,540,19
E33002692,277,68,7,61,209,199,10
E33002693,229,39,11,28,190,159,31
E33002694,784,227,96,131,557,493,64
E33002695,300,87,31,56,213,163,50
E33002696,392,77,24,53,315,267,48
E33002697,245,86,21,65,159,137,22
E33002698,4094,1396,221,1175,2698,2469,229
E33002699,1385,183,71,112,1202,1053,149
E33002700,376,154,79,75,222,201,21
E33002701,588,163,23,140,425,398,27
E33002702,368,50,18,32,318,277,41
E33002703,388,112,56,56,276,217,59
E33002704,707,116,26,90,591,536,55
E33002705,310,86,27,59,224,194,30
E33002706,975,111,17,94,864,790,74
E33002707,493,244,74,170,249,211,38
E33002708,220,103,31,72,117,97,20
E33002709,263,81,26,55,182,159,23
E33002710,217,34,14,20,183,160,23
E33002711,769,99,31,68,670,568,102
E33002712,494,167,32,135,327,295,32
E33002713,538,80,11,69,458,431,27
E33002714,528,68,19,49,460,397,63
E33002715,570,46,8,38,524,434,90
E33002716,258,97,25,72,161,140,21
E33002717,442,129,17,112,313,254,59
E33002718,361,58,18,40,303,221,82
E33002719,727,85,26,59,642,546,96
E33002720,718,272,82,190,446,363,83
E33002721,268,103,37,66,165,141,24
E33002722,464,79,16,63,385,327,58
E33002723,218,35,4,31,183,130,53
E33002724,1321,197,22,175,1124,1054,70
E33002725,557,81,16,65,476,404,72
E33002726,1067,155,32,123,912,825,87
E33002727,329,138,48,90,191,156,35
E33002728,791,118,31,87,673,589,84
E33002729,546,133,19,114,413,380,33
E33002730,437,107,25,82,330,280,50
E33002731,293,148,55,93,145,113,32
E33002732,435,202,66,136,233,192,41
E33002733,278,51,12,39,227,186,41
E33002734,345,89,17,72,256,244,12
E33002735,934,306,59,247,628,576,52
E33002736,539,158,28,130,381,340,41
E33002737,252,121,38,83,131,121,10
E33002738,266,36,9,27,230,182,48
E33002739,424,36,11,25,388,328,60
E33002740,250,42,15,27,208,186,22
E33002741,221,79,34,45,142,118,24
E33002742,235,76,22,54,159,136,23
E33002743,288,136,48,88,152,118,34
E33002744,223,73,30,43,150,114,36
E33002745,377,119,24,95,258,180,78
E33002746,755,202,45,157,553,507,46
E33002747,805,169,29,140,636,597,39
E33002748,712,297,81,216,415,375,40
E33002749,621,213,40,173,408,365,43
E33002750,1751,584,210,374,1167,1087,80
E33002751,227,31,7,24,196,173,23
E33002752,338,45,8,37,293,250,43
E33002753,202,52,16,36,150,145,5
E33002754,424,213,74,139,211,190,21
E33002755,306,157,48,109,149,141,8
E33002756,279,57,7,50,222,214,8
E33002757,388,186,62,124,202,192,10
E33002758,162,23,12,11,139,121,18
E33002759,218,107,17,90,111,103,8
E33002760,304,135,29,106,169,127,42
E33002761,354,139,22,117,215,199,16
E33002762,295,123,33,90,172,150,22
E33002763,407,182,50,132,225,182,43
E33002764,632,119,23,96,513,488,25
E33002765,215,84,23,61,131,118,13
E33002766,803,188,46,142,615,578,37
E33002767,306,106,26,80,200,181,19
E33002768,809,72,16,56,737,675,62
E33002769,771,429,177,252,342,307,35
E33002770,419,164,54,110,255,221,34
E33002771,172,75,29,46,97,86,11
E33002772,212,60,17,43,152,127,25
E33002773,421,187,38,149,234,204,30
E33002774,1043,206,46,160,837,757,80
E33002775,319,57,13,44,262,215,47
E33002776,214,21,4,17,193,165,28
E33002777,303,110,40,70,193,179,14
E33002778,321,44,9,35,277,222,55
E33002779,496,211,56,155,285,264,21
E33002780,214,45,2,43,169,156,13
E33002781,484,37,11,26,447,390,57
E33002782,276,32,10,22,244,213,31
E33002783,211,17,6,11,194,168,26
E33002784,428,31,8,23,397,328,69
E33002785,836,103,26,77,733,641,92
E33002786,614,66,19,47,548,504,44
E33002787,622,87,20,67,535,456,79
E33002788,218,72,19,53,146,124,22
E33002789,268,128,30,98,140,126,14
E33002790,280,86,6,80,194,190,4
E33002791,376,160,45,115,216,193,23
E33002792,428,114,24,90,314,288,26
E33002793,254,38,9,29,216,185,31
E33002794,219,57,14,43,162,139,23
E33002795,784,409,91,318,375,329,46
E33002796,242,67,22,45,175,125,50
E33002797,251,63,7,56,188,175,13
E33002798,202,69,24,45,133,105,28
E33002799,367,182,59,123,185,167,18
E33002800,315,98,22,76,217,186,31
E33002801,224,69,20,49,155,133,22
E33002802,259,74,13,61,185,151,34
E33002803,255,70,43,27,185,141,44
E33002804,264,94,27,67,170,135,35
E33002805,275,130,45,85,145,126,19
E33002806,272,45,18,27,227,177,50
E33002807,420,267,137,130,153,147,6
E33002808,839,164,42,122,675,572,103
E33002809,272,101,37,64,171,123,48
E33002810,405,66,20,46,339,300,39
E33002811,201,39,11,28,162,141,21
E33002812,426,107,31,76,319,289,30
E33002813,333,150,32,118,183,169,14
E33002814,688,187,66,121,501,435,66
E33002815,820,119,21,98,701,632,69
E33002816,216,60,26,34,156,133,23
E33002817,838,246,53,193,592,522,70
E33002818,270,106,43,63,164,130,34
E33002819,438,168,65,103,270,233,37
E33002820,203,30,8,22,173,145,28
E33002821,398,39,11,28,359,295,64
E33002822,514,83,38,45,431,379,52
E33002823,1000,90,35,55,910,822,88
E33002824,247,82,25,57,165,144,21
E33002825,250,31,14,17,219,179,40
E33002826,272,23,10,13,249,217,32
E33002827,665,376,181,195,289,246,43
E33002828,837,171,44,127,666,544,122
E33002829,206,25,8,17,181,112,69
E33002830,385,101,55,46,284,204,80
E33002831,615,72,18,54,543,431,112
E33002832,341,40,12,28,301,254,47
E33002833,728,60,12,48,668,595,73
E33002834,430,81,31,50,349,207,142
E33002835,390,49,13,36,341,258,83
E33002836,9547,5018,2349,2669,4529,4240,289
E33002837,906,116,23,93,790,703,87
E33002838,1001,101,22,79,900,745,155
E33002839,886,75,23,52,811,672,139
E33002840,655,302,154,148,353,304,49
E33002841,257,25,10,15,232,204,28
E33002842,262,20,5,15,242,185,57
E33002843,524,43,12,31,481,396,85
E33002844,415,28,11,17,387,326,61
E33002845,516,129,28,101,387,331,56
E33002846,1667,80,17,63,1587,1393,194
E33002847,308,26,6,20,282,230,52
E33002848,383,50,14,36,333,255,78
E33002849,464,32,10,22,432,356,76
E33002850,697,279,97,182,418,377,41
E33002851,619,43,14,29,576,497,79
E33002852,458,38,14,24,420,356,64
E33002853,1851,168,38,130,1683,1403,280
E33002854,2086,641,121,520,1445,1322,123
E33002855,298,94,36,58,204,168,36
E33002856,362,151,60,91,211,163,48
E33002857,1825,257,92,165,1568,1369,199
E33002858,467,139,29,110,328,304,24
E33002859,992,127,20,107,865,818,47
E33002860,259,55,22,33,204,187,17
E33002861,287,74,36,38,213,169,44
E33002862,230,39,8,31,191,169,22
E33002863,416,68,12,56,348,321,27
E33002864,267,76,22,54,191,174,17
E33002865,729,65,23,42,664,555,109
E33002866,335,55,13,42,280,232,48
E33002867,378,32,7,25,346,275,71
E33002868,200,16,6,10,184,154,30
E33002869,438,64,13,51,374,321,53
E33002870,356,44,16,28,312,267,45
E33002871,346,22,6,16,324,307,17
E33002872,603,52,15,37,551,483,68
E33002873,314,22,3,19,292,245,47
E33002874,552,53,17,36,499,398,101
E33002875,332,24,5,19,308,279,29
E33002876,570,49,4,45,521,416,105
E33002877,466,42,7,35,424,363,61
E33002878,477,24,9,15,453,411,42
E33002879,555,27,4,23,528,461,67
E33002880,290,27,6,21,263,233,30
E33002881,880,148,24,124,732,605,127
E33002882,293,50,15,35,243,208,35
E33002883,1213,209,23,186,1004,926,78
E33002884,740,31,10,21,709,666,43
E33002885,271,23,9,14,248,168,80
E33002886,267,10,3,7,257,214,43
E33002887,373,34,10,24,339,261,78
E33002888,245,75,26,49,170,162,8
E33002889,255,131,43,88,124,112,12
E33002890,209,65,14,51,144,106,38
E33002891,589,199,72,127,390,341,49
E33002892,559,48,14,34,511,392,119
E33002893,467,271,96,175,196,179,17
E33002894,213,72,21,51,141,123,18
E33002895,733,220,51,169,513,497,16
E33002896,294,129,41,88,165,143,22
E33002897,519,65,10,55,454,389,65
E33002898,291,82,24,58,209,195,14
E33002899,1130,613,244,369,517,477,40
E33002900,386,82,27,55,304,258,46
E33002901,515,54,16,38,461,416,45
E33002902,1718,1139,953,186,579,478,101
E33002903,317,85,42,43,232,191,41
E33002904,354,58,26,32,296,220,76
E33002905,764,113,25,88,651,563,88
E33002906,3976,289,94,195,3687,3325,362
E33002907,838,157,40,117,681,625,56
E33002908,1762,527,176,351,1235,1163,72
E33002909,1337,239,38,201,1098,1011,87
E33002910,657,241,58,183,416,360,56
E33002911,596,256,66,190,340,300,40
E33002912,289,116,48,68,173,122,51
E33002913,654,343,101,242,311,266,45
E33002914,370,122,30,92,248,185,63
E33002915,859,151,68,83,708,540,168
E33002916,937,93,28,65,844,699,145
E33002917,238,27,8,19,211,141,70
E33002918,1369,422,61,361,947,874,73
E33002919,1101,136,41,95,965,830,135
E33002920,396,92,20,72,304,259,45
E33002921,460,167,46,121,293,261,32
E33002922,463,199,67,132,264,246,18
E33002923,1055,506,196,310,549,513,36
E33002924,542,71,29,42,471,419,52
E33002925,316,60,18,42,256,227,29
E33002926,1155,136,27,109,1019,798,221
E33002927,735,168,32,136,567,530,37
E33002928,1283,213,52,161,1070,965,105
E33002929,231,99,23,76,132,119,13
E33002930,412,106,26,80,306,276,30
E33002931,348,178,55,123,170,160,10
E33002932,391,212,68,144,179,158,21
E33002933,688,367,117,250,321,283,38
E33002934,474,128,35,93,346,324,22
E33002935,415,57,8,49,358,332,26
E33002936,251,78,10,68,173,152,21
E33002937,263,66,6,60,197,179,18
E33002938,1096,423,97,326,673,654,19
E33002939,1063,159,57,102,904,749,155
E33002940,572,125,38,87,447,394,53
E33002941,1197,662,167,495,535,466,69
E33002942,236,73,28,45,163,133,30
E33002943,977,357,158,199,620,594,26
E33002944,378,163,52,111,215,201,14
E33002945,416,70,19,51,346,301,45
E33002946,223,52,13,39,171,144,27
E33002947,538,72,26,46,466,414,52
E33002948,208,52,18,34,156,141,15
E33002949,484,168,46,122,316,296,20
E33002950,481,133,18,115,348,338,10
E33002951,224,86,28,58,138,118,20
E33002952,680,392,168,224,288,277,11
E33002953,2216,740,168,572,1476,1385,91
E33002954,199,102,37,65,97,84,13
E33002955,522,191,43,148,331,305,26
E33002956,375,152,40,112,223,204,19
E33002957,356,152,57,95,204,191,13
E33002958,229,29,9,20,200,187,13
E33002959,308,149,38,111,159,141,18
E33002960,1294,788,339,449,506,471,35
E33002961,463,173,33,140,290,250,40
E33002962,290,183,60,123,107,100,7
E33002963,331,118,30,88,213,192,21
E33002964,389,163,44,119,226,202,24
E33002965,849,294,66,228,555,503,52
E33002966,548,83,17,66,465,437,28
E33002967,522,138,48,90,384,352,32
E33002968,1717,532,174,358,1185,1100,85
E33002969,2521,244,70,174,2277,2078,199
E33002970,711,133,27,106,578,478,100
E33002971,526,84,28,56,442,381,61
E33002972,536,131,19,112,405,354,51
E33002973,614,29,4,25,585,485,100
E33002974,1032,135,33,102,897,813,84
E33002975,2042,102,35,67,1940,1745,195
E33002976,454,135,22,113,319,308,11
E33002977,545,181,33,148,364,346,18
E33002978,456,155,24,131,301,284,17
E33002979,381,136,12,124,245,235,10
E33002980,413,208,29,179,205,175,30
E33002981,829,154,66,88,675,535,140
E33002982,375,53,13,40,322,289,33
E33002983,402,41,10,31,361,313,48
E33002984,204,60,23,37,144,111,33
E33002985,681,106,18,88,575,495,80
E33002986,669,132,27,105,537,444,93
E33002987,282,51,23,28,231,204,27
E33002988,360,37,5,32,323,280,43
E33002989,305,45,7,38,260,222,38
E33002990,519,62,12,50,457,376,81
E33002991,1165,132,34,98,1033,847,186
E33002992,401,83,13,70,318,274,44
E33002993,253,38,8,30,215,166,49
E33002994,366,34,5,29,332,274,58
E33002995,1283,190,39,151,1093,1019,74
E33002996,991,520,197,323,471,435,36
E33002997,246,108,30,78,138,128,10
E33002998,295,124,25,99,171,161,10
E33002999,1249,348,72,276,901,857,44
E33003000,855,198,43,155,657,583,74
E33003001,735,103,28,75,632,564,68
E33003002,375,95,31,64,280,254,26
E33003003,433,244,55,189,189,170,19
E33003004,288,117,30,87,171,164,7
E33003005,372,165,33,132,207,174,33
E33003006,583,209,53,156,374,366,8
E33003007,918,99,20,79,819,728,91
E33003008,1497,266,80,186,1231,1115,116
E33003009,322,119,43,76,203,184,19
E33003010,553,132,37,95,421,364,57
E33003011,314,92,20,72,222,203,19
E33003012,971,109,29,80,862,780,82
E33003013,1234,465,171,294,769,689,80
E33003014,624,96,24,72,528,431,97
E33003015,1486,1009,256,753,477,419,58
E33003016,289,72,21,51,217,186,31
E33003017,379,157,37,120,222,186,36
E33003018,1385,334,60,274,1051,927,124
E33003019,3699,1166,204,962,2533,2237,296
E33003020,235,107,16,91,128,118,10
E33003021,637,150,26,124,487,444,43
E33003022,4818,1364,231,1133,3454,3112,342
E33003023,607,76,15,61,531,487,44
E33003024,952,203,24,179,749,684,65
E33003025,227,95,37,58,132,114,18
E33003026,214,80,27,53,134,116,18
E33003027,457,62,8,54,395,364,31
E33003028,1085,273,57,216,812,750,62
E33003029,385,211,68,143,174,143,31
E33003030,330,51,14,37,279,251,28
E33003031,669,133,24,109,536,500,36
E33003032,214,42,9,33,172,135,37
E33003033,628,149,62,87,479,427,52
E33003034,376,112,33,79,264,245,19
E33003035,224,84,14,70,140,123,17
E33003036,320,158,36,122,162,150,12
E33003037,1197,142,41,101,1055,1025,30
E33003038,253,80,27,53,173,165,8
E33003039,1331,80,28,52,1251,1068,183
E33003040,228,46,10,36,182,157,25
E33003041,557,70,15,55,487,434,53
E33003042,612,90,24,66,522,449,73
E33003043,265,48,8,40,217,206,11
E33003044,1121,416,94,322,705,651,54
E33003045,998,288,49,239,710,635,75
E33003046,216,69,13,56,147,136,11
E33003047,273,20,7,13,253,221,32
E33003048,242,26,1,25,216,163,53
E33003049,270,28,9,19,242,185,57
E33003050,217,21,6,15,196,150,46
E33003051,309,46,17,29,263,239,24
E33003052,195,49,13,36,146,118,28
E33003053,244,30,10,20,214,170,44
E33003054,283,122,35,87,161,136,25
E33003055,380,163,44,119,217,193,24
E33003056,337,186,41,145,151,138,13
E33003057,247,89,23,66,158,135,23
E33003058,672,192,39,153,480,449,31
E33003059,600,347,96,251,253,233,20
E33003060,351,48,13,35,303,259,44
E33003061,282,142,58,84,140,128,12
E33003062,446,261,94,167,185,176,9
E33003063,984,77,17,60,907,779,128
E33003064,231,107,39,68,124,108,16
E33003065,292,51,7,44,241,177,64
E33003066,312,27,8,19,285,252,33
E33003067,417,104,63,41,313,276,37
E33003068,251,21,4,17,230,188,42
E33003069,1044,117,29,88,927,684,243
E33003070,210,25,6,19,185,154,31
E33003071,580,139,25,114,441,398,43
E33003072,198,25,7,18,173,147,26
E33003073,553,54,10,44,499,404,95
E33003074,519,59,20,39,460,391,69
E33003075,1093,116,14,102,977,850,127
E33003076,263,24,8,16,239,179,60
E33003077,447,183,52,131,264,230,34
E33003078,331,35,10,25,296,254,42
E33003079,512,90,25,65,422,377,45
E33003080,345,74,34,40,271,251,20
E33003081,679,52,9,43,627,562,65
E33003082,234,75,34,41,159,134,25
E33003083,740,90,21,69,650,515,135
E33003084,299,43,9,34,256,208,48
E33003085,246,23,9,14,223,209,14
E33003086,263,104,26,78,159,135,24
E33003087,414,168,32,136,246,216,30
E33003088,240,90,27,63,150,135,15
E33003089,1010,273,78,195,737,660,77
E33003090,203,87,27,60,116,100,16
E33003091,654,402,150,252,252,230,22
E33003092,317,100,24,76,217,191,26
E33003093,206,64,14,50,142,130,12
E33003094,319,104,26,78,215,206,9
E33003095,200,88,17,71,112,91,21
E33003096,531,313,61,252,218,190,28
E33003097,282,124,35,89,158,130,28
E33003098,760,161,34,127,599,571,28
E33003099,215,71,15,56,144,127,17
E33003100,194,85,32,53,109,91,18
E33003101,608,190,27,163,418,402,16
E33003102,382,159,24,135,223,194,29
E33003103,342,36,17,19,306,272,34
E33003104,683,114,31,83,569,476,93
E33003105,489,76,21,55,413,320,93
E33003106,551,262,108,154,289,255,34
E33003107,333,74,13,61,259,235,24
E33003108,280,45,13,32,235,197,38
E33003109,357,72,23,49,285,230,55
E33003110,1607,254,51,203,1353,1175,178
E33003111,733,194,43,151,539,510,29
E33003112,320,95,27,68,225,213,12
E33003113,455,158,40,118,297,280,17
E33003114,199,88,33,55,111,86,25
E33003115,586,167,31,136,419,395,24
E33003116,1075,224,26,198,851,821,30
E33003117,202,109,35,74,93,75,18
E33003118,459,235,106,129,224,203,21
E33003119,593,281,77,204,312,268,44
E33003120,197,99,25,74,98,87,11
E33003121,285,130,48,82,155,127,28
E33003122,337,121,31,90,216,177,39
E33003123,232,70,18,52,162,147,15
E33003124,795,481,175,306,314,295,19
E33003125,328,87,18,69,241,213,28
E33003126,267,143,56,87,124,110,14
E33003127,235,83,25,58,152,133,19
E33003128,202,48,13,35,154,141,13
E33003129,500,225,80,145,275,250,25
E33003130,334,171,41,130,163,149,14
E33003131,204,92,29,63,112,96,16
E33003132,317,97,24,73,220,180,40
E33003133,456,194,83,111,262,228,34
E33003134,586,341,123,218,245,233,12
E33003135,790,373,106,267,417,380,37
E33003136,394,105,12,93,289,256,33
E33003137,388,143,72,71,245,206,39
E33003138,764,146,39,107,618,567,51
E33003139,520,171,45,126,349,276,73
E33003140,2254,793,135,658,1461,1317,144
E33003141,654,308,58,250,346,298,48
E33003142,508,288,96,192,220,203,17
E33003143,161,51,12,39,110,97,13
E33003144,264,86,14,72,178,167,11
E33003145,213,115,31,84,98,82,16
E33003146,265,32,12,20,233,191,42
E33003147,313,21,3,18,292,217,75
E33003148,207,28,4,24,179,121,58
E33003149,432,195,72,123,237,204,33
E33003150,585,89,20,69,496,454,42
E33003151,1038,491,177,314,547,493,54
E33003152,467,191,73,118,276,232,44
E33003153,778,243,32,211,535,518,17
E33003154,1026,152,28,124,874,769,105
E33003155,906,153,32,121,753,626,127
E33003156,839,133,15,118,706,661,45
E33003157,541,281,104,177,260,231,29
E33003158,412,52,14,38,360,313,47
E33003159,749,263,107,156,486,401,85
E33003160,802,253,116,137,549,477,72
E33003161,327,182,91,91,145,127,18
E33003162,535,267,100,167,268,221,47
E33003163,581,77,18,59,504,445,59
E33003164,1342,200,50,150,1142,1068,74
E33003165,839,316,92,224,523,456,67
E33003166,350,137,35,102,213,160,53
E33003167,643,241,67,174,402,342,60
E33003168,565,116,16,100,449,424,25
E33003169,276,157,16,141,119,103,16
E33003170,336,87,25,62,249,220,29
E33003171,387,53,14,39,334,263,71
E33003172,1928,590,58,532,1338,1263,75
E33003173,434,129,36,93,305,276,29
E33003174,649,141,31,110,508,426,82
E33003175,618,144,42,102,474,453,21
E33003176,480,50,3,47,430,384,46
E33003177,374,107,19,88,267,247,20
E33003178,217,31,2,29,186,154,32
E33003179,256,70,25,45,186,161,25
E33003180,123,45,10,35,78,57,21
E33003181,306,165,44,121,141,129,12
E33003182,942,200,53,147,742,698,44
E33003183,650,386,130,256,264,245,19
E33003184,208,77,23,54,131,120,11
E33003185,243,99,20,79,144,118,26
E33003186,320,172,57,115,148,135,13
E33003187,1118,146,31,115,972,870,102
E33003188,952,90,20,70,862,773,89
E33003189,609,77,15,62,532,457,75
E33003190,1188,676,307,369,512,450,62
E33003191,552,214,64,150,338,301,37
E33003192,396,87,15,72,309,240,69
E33003193,375,46,13,33,329,292,37
E33003194,472,59,19,40,413,355,58
E33003195,312,39,11,28,273,241,32
E33003196,523,44,21,23,479,415,64
E33003197,900,223,53,170,677,620,57
E33003198,606,285,75,210,321,265,56
E33003199,334,31,6,25,303,262,41
E33003200,2583,938,169,769,1645,1542,103
E33003201,246,102,46,56,144,119,25
E33003202,427,258,95,163,169,147,22
E33003203,333,135,35,100,198,167,31
E33003204,252,123,37,86,129,105,24
E33003205,238,104,46,58,134,107,27
E33003206,249,134,42,92,115,95,20
E33003207,217,88,24,64,129,126,3
E33003208,532,283,77,206,249,225,24
E33003209,636,318,82,236,318,287,31
E33003210,4726,1685,328,1357,3041,2727,314
E33003211,666,107,27,80,559,480,79
E33003212,234,134,48,86,100,91,9
E33003213,631,167,35,132,464,430,34
E33003214,439,129,50,79,310,269,41
E33003215,1167,255,108,147,912,679,233
E33003216,534,75,26,49,459,393,66
E33003217,306,72,15,57,234,224,10
E33003218,624,349,126,223,275,235,40
E33003219,250,71,16,55,179,168,11
E33003220,602,278,88,190,324,287,37
E33003221,526,290,122,168,236,209,27
E33003222,224,120,28,92,104,93,11
E33003223,255,76,13,63,179,174,5
E33003224,319,21,6,15,298,276,22
E33003225,229,25,6,19,204,185,19
E33003226,407,55,10,45,352,288,64
E33003227,378,25,6,19,353,286,67
E33003228,600,43,6,37,557,461,96
E33003229,322,58,11,47,264,220,44
E33003230,266,22,9,13,244,201,43
E33003231,370,43,5,38,327,291,36
E33003232,332,80,44,36,252,214,38
E33003233,407,57,16,41,350,304,46
E33003234,408,84,18,66,324,284,40
E33003235,275,28,6,22,247,200,47
E33003236,414,28,7,21,386,316,70
E33003237,613,75,20,55,538,470,68
E33003238,1473,249,38,211,1224,1128,96
E33003239,666,59,20,39,607,515,92
E33003240,245,39,11,28,206,202,4
E33003241,405,71,18,53,334,315,19
E33003242,245,72,21,51,173,159,14
E33003243,239,140,37,103,99,92,7
E33003244,983,616,164,452,367,320,47
E33003245,515,244,65,179,271,251,20
E33003246,356,44,6,38,312,273,39
E33003247,490,110,12,98,380,361,19
E33003248,382,78,17,61,304,221,83
E33003249,275,18,5,13,257,212,45
E33003250,339,44,9,35,295,248,47
E33003251,425,33,4,29,392,212,180
E33003252,252,13,3,10,239,208,31
E33003253,738,105,22,83,633,567,66
E33003254,413,229,49,180,184,170,14
E33003255,1300,441,136,305,859,797,62
E33003256,280,77,14,63,203,199,4
E33003257,231,97,12,85,134,125,9
E33003258,461,230,55,175,231,205,26
E33003259,240,34,7,27,206,173,33
E33003260,911,78,24,54,833,680,153
E33003261,212,26,7,19,186,153,33
E33003262,277,109,23,86,168,137,31
E33003263,270,67,15,52,203,188,15
E33003264,312,130,63,67,182,148,34
E33003265,438,117,28,89,321,293,28
E33003266,291,70,23,47,221,173,48
E33003267,737,97,27,70,640,477,163
E33003268,368,137,45,92,231,193,38
E33003269,676,118,42,76,558,465,93
E33003270,904,106,24,82,798,717,81
E33003271,467,156,22,134,311,286,25
E33003272,371,56,10,46,315,287,28
E33003273,510,80,16,64,430,364,66
E33003274,123,59,13,46,64,52,12
E33003275,273,63,15,48,210,202,8
E33003276,202,60,15,45,142,121,21
E33003277,199,75,20,55,124,116,8
E33003278,308,82,19,63,226,198,28
E33003279,227,69,12,57,158,138,20
E33003280,440,231,83,148,209,193,16
E33003281,959,276,111,165,683,532,151
E33003282,305,55,17,38,250,192,58
E33003283,525,165,63,102,360,321,39
E33003284,235,37,10,27,198,169,29
E33003285,557,147,30,117,410,363,47
E33003286,258,64,8,56,194,162,32
E33003287,822,74,11,63,748,652,96
E33003288,578,80,14,66,498,422,76
E33003289,370,54,16,38,316,256,60
E33003290,560,76,24,52,484,446,38
E33003291,1645,175,28,147,1470,1377,93
E33003292,1203,119,29,90,1084,941,143
E33003293,1440,223,40,183,1217,1129,88
E33003294,520,33,9,24,487,358,129
E33003295,928,110,22,88,818,684,134
E33003296,604,51,17,34,553,488,65
E33003297,774,463,154,309,311,283,28
E33003298,362,55,14,41,307,265,42
E33003299,912,208,38,170,704,642,62
E33003300,756,188,69,119,568,471,97
E33003301,540,147,19,128,393,331,62
E33003302,294,98,14,84,196,165,31
E33003303,310,59,10,49,251,176,75
E33003304,580,53,14,39,527,361,166
E33003305,651,91,23,68,560,482,78
E33003306,848,98,35,63,750,648,102
E33003307,324,107,25,82,217,177,40
E33003308,660,91,22,69,569,478,91
E33003309,1218,143,31,112,1075,978,97
E33003310,629,150,43,107,479,439,40
E33003311,262,69,22,47,193,162,31
E33003312,403,21,5,16,382,337,45
E33003313,2445,245,71,174,2200,1881,319
E33003314,248,62,11,51,186,162,24
E33003315,648,307,117,190,341,293,48
E33003316,727,417,126,291,310,275,35
E33003317,472,188,52,136,284,254,30
E33003318,271,30,10,20,241,213,28
E33003319,998,355,119,236,643,524,119
E33003320,1292,694,171,523,598,546,52
E33003321,470,50,7,43,420,368,52
E33003322,853,175,31,144,678,609,69
E33003323,209,77,15,62,132,117,15
E33003324,789,189,35,154,600,554,46
E33003325,268,71,7,64,197,169,28
E33003326,457,128,15,113,329,319,10
E33003327,554,267,66,201,287,262,25
E33003328,801,95,30,65,706,652,54
E33003329,269,98,18,80,171,139,32
E33003330,649,120,31,89,529,472,57
E33003331,580,65,14,51,515,412,103
E33003332,733,109,26,83,624,536,88
E33003333,753,150,39,111,603,516,87
E33003334,227,43,7,36,184,159,25
E33003335,737,59,24,35,678,613,65
E33003336,411,81,9,72,330,289,41
E33003337,502,113,24,89,389,360,29
E33003338,522,76,17,59,446,410,36
E33003339,554,71,16,55,483,437,46
E33003340,3969,1061,135,926,2908,2696,212
E33003341,869,491,196,295,378,342,36
E33003342,251,85,30,55,166,151,15
E33003343,452,37,9,28,415,372,43
E33003344,686,79,23,56,607,539,68
E33003345,339,39,13,26,300,265,35
E33003346,228,21,4,17,207,168,39
E33003347,456,193,49,144,263,234,29
E33003348,337,114,26,88,223,198,25
E33003349,429,166,90,76,263,246,17
E33003350,711,207,43,164,504,479,25
E33003351,269,70,11,59,199,185,14
E33003352,202,61,18,43,141,124,17
E33003353,288,71,27,44,217,204,13
E33003354,213,83,16,67,130,114,16
E33003355,494,155,22,133,339,312,27
E33003356,422,255,120,135,167,160,7
E33003357,375,174,60,114,201,189,12
E33003358,557,353,168,185,204,187,17
E33003359,269,62,12,50,207,179,28
E33003360,317,86,22,64,231,210,21
E33003361,356,206,62,144,150,148,2
E33003362,385,82,19,63,303,275,28
E33003363,1904,654,193,461,1250,1166,84
E33003364,259,128,38,90,131,105,26
E33003365,515,137,32,105,378,326,52
E33003366,225,70,16,54,155,137,18
E33003367,517,271,82,189,246,211,35
E33003368,311,77,14,63,234,194,40
E33003369,1047,347,91,256,700,644,56
E33003370,690,157,33,124,533,488,45
E33003371,240,87,26,61,153,144,9
E33003372,522,206,43,163,316,292,24
E33003373,278,113,22,91,165,146,19
E33003374,280,82,17,65,198,171,27
E33003375,218,76,25,51,142,133,9
E33003376,411,79,14,65,332,318,14
E33003377,263,86,13,73,177,163,14
E33003378,234,53,12,41,181,159,22
E33003379,503,162,39,123,341,196,145
E33003380,892,279,80,199,613,577,36
E33003381,675,107,23,84,568,488,80
E33003382,203,98,41,57,105,69,36
E33003383,203,86,21,65,117,85,32
E33003384,266,98,23,75,168,140,28
E33003385,264,92,22,70,172,163,9
E33003386,234,71,12,59,163,104,59
E33003387,1254,408,92,316,846,766,80
E33003388,405,41,6,35,364,312,52
E33003389,437,38,7,31,399,351,48
E33003390,668,80,29,51,588,535,53
E33003391,2926,923,82,841,2003,1973,30
E33003392,335,67,18,49,268,232,36
E33003393,657,200,20,180,457,433,24
E33003394,468,183,39,144,285,229,56
E33003395,940,176,38,138,764,671,93
E33003396,209,77,26,51,132,102,30
E33003397,1203,252,82,170,951,839,112
E33003398,917,580,244,336,337,310,27
E33003399,282,152,78,74,130,127,3
E33003400,261,162,70,92,99,80,19
E33003401,355,127,41,86,228,213,15
E33003402,418,211,69,142,207,190,17
E33003403,345,89,21,68,256,208,48
E33003404,196,91,20,71,105,50,55
E33003405,689,107,20,87,582,536,46
E33003406,326,168,65,103,158,115,43
E33003407,257,87,32,55,170,128,42
E33003408,244,66,19,47,178,49,129
E33003409,286,129,45,84,157,145,12
E33003410,297,118,39,79,179,164,15
E33003411,325,117,29,88,208,194,14
E33003412,235,91,40,51,144,136,8
E33003413,935,370,87,283,565,489,76
E33003414,751,297,80,217,454,416,38
E33003415,201,67,18,49,134,111,23
E33003416,297,55,7,48,242,222,20
E33003417,278,111,26,85,167,141,26
E33003418,224,65,19,46,159,121,38
E33003419,307,128,31,97,179,156,23
E33003420,405,127,34,93,278,208,70
E33003421,259,57,15,42,202,170,32
E33003422,532,174,30,144,358,323,35
E33003423,555,209,82,127,346,303,43
E33003424,219,52,19,33,167,143,24
E33003425,1094,234,94,140,860,772,88
E33003426,282,67,24,43,215,189,26
E33003427,264,64,14,50,200,179,21
E33003428,361,124,44,80,237,204,33
E33003429,396,149,52,97,247,194,53
E33003430,311,96,32,64,215,171,44
E33003431,211,60,21,39,151,124,27
E33003432,836,118,19,99,718,664,54
E33003433,333,89,40,49,244,210,34
E33003434,1032,638,298,340,394,359,35
E33003435,395,166,65,101,229,178,51
E33003436,546,204,42,162,342,305,37
E33003437,269,89,28,61,180,152,28
E33003438,581,312,119,193,269,257,12
E33003439,246,62,12,50,184,165,19
E33003440,478,145,37,108,333,318,15
E33003441,853,407,77,330,446,397,49
E33003442,258,102,31,71,156,133,23
E33003443,288,94,27,67,194,158,36
E33003444,674,228,78,150,446,363,83
E33003445,324,93,21,72,231,216,15
E33003446,789,484,246,238,305,282,23
E33003447,629,229,89,140,400,310,90
E33003448,288,164,68,96,124,111,13
E33003449,1073,254,63,191,819,753,66
E33003450,196,67,11,56,129,103,26
E33003451,248,85,24,61,163,138,25
E33003452,396,78,21,57,318,271,47
E33003453,440,226,98,128,214,190,24
E33003454,258,126,52,74,132,127,5
E33003455,409,117,40,77,292,247,45
E33003456,405,125,41,84,280,214,66
E33003457,357,66,17,49,291,268,23
E33003458,678,180,59,121,498,407,91
E33003459,338,67,24,43,271,239,32
E33003460,359,54,13,41,305,271,34
E33003461,800,135,15,120,665,517,148
E33003462,298,89,17,72,209,195,14
E33003463,596,288,142,146,308,274,34
E33003464,313,62,14,48,251,180,71
E33003465,678,109,32,77,569,478,91
E33003466,289,34,7,27,255,236,19
E33003467,604,148,44,104,456,377,79
E33003468,370,95,31,64,275,224,51
E33003469,474,117,51,66,357,324,33
E33003470,313,114,27,87,199,173,26
E33003471,1013,130,16,114,883,809,74
E33003472,1224,226,32,194,998,917,81
E33003473,360,88,23,65,272,239,33
E33003474,451,120,12,108,331,315,16
E33003475,253,26,6,20,227,177,50
E33003476,286,32,11,21,254,210,44
E33003477,644,75,26,49,569,440,129
E33003478,395,144,39,105,251,205,46
E33003479,351,70,28,42,281,238,43
E33003480,1068,118,38,80,950,872,78
E33003481,538,66,25,41,472,262,210
E33003482,475,76,21,55,399,313,86
E33003483,346,86,27,59,260,199,61
E33003484,5036,1733,321,1412,3303,3049,254
E33003485,317,61,22,39,256,182,74
E33003486,520,215,70,145,305,266,39
E33003487,505,52,18,34,453,378,75
E33003488,282,66,13,53,216,176,40
E33003489,827,102,30,72,725,657,68
E33003490,490,269,95,174,221,202,19
E33003491,249,105,19,86,144,123,21
E33003492,626,181,55,126,445,402,43
E33003493,238,100,26,74,138,129,9
E33003494,142,70,16,54,72,52,20
E33003495,475,125,35,90,350,326,24
E33003496,514,111,47,64,403,330,73
E33003497,239,42,12,30,197,173,24
E33003498,226,46,12,34,180,138,42
E33003499,903,142,42,100,761,669,92
E33003500,432,20,12,8,412,374,38
E33003501,278,45,15,30,233,193,40
E33003502,235,103,36,67,132,109,23
E33003503,482,203,90,113,279,218,61
E33003504,989,338,137,201,651,556,95
E33003505,558,228,78,150,330,276,54
E33003506,220,82,21,61,138,126,12
E33003507,398,134,41,93,264,221,43
E33003508,221,90,30,60,131,116,15
E33003509,356,165,52,113,191,163,28
E33003510,615,275,75,200,340,283,57
E33003511,437,179,39,140,258,237,21
E33003512,227,67,13,54,160,151,9
E33003513,717,428,106,322,289,267,22
E33003514,213,74,17,57,139,116,23
E33003515,715,405,162,243,310,279,31
E33003516,693,394,170,224,299,269,30
E33003517,369,138,31,107,231,204,27
E33003518,540,240,51,189,300,276,24
E33003519,248,131,38,93,117,103,14
E33003520,304,138,53,85,166,154,12
E33003521,344,48,9,39,296,281,15
E33003522,482,115,28,87,367,352,15
E33003523,288,143,35,108,145,136,9
E33003524,203,100,36,64,103,92,11
E33003525,1119,122,35,87,997,795,202
E33003526,207,39,18,21,168,128,40
E33003527,292,19,2,17,273,251,22
E33003528,432,75,30,45,357,302,55
E33003529,4460,242,80,162,4218,3842,376
E33003530,262,49,20,29,213,182,31
E33003531,290,112,30,82,178,152,26
E33003532,742,214,61,153,528,480,48
E33003533,753,86,28,58,667,550,117
E33003534,207,26,10,16,181,149,32
E33003535,286,33,12,21,253,212,41
E33003536,315,45,21,24,270,224,46
E33003537,243,49,6,43,194,175,19
E33003538,291,25,11,14,266,197,69
E33003539,530,59,19,40,471,335,136
E33003540,253,115,54,61,138,123,15
E33003541,356,215,75,140,141,125,16
E33003542,307,139,53,86,168,136,32
E33003543,226,132,59,73,94,68,26
E33003544,383,173,63,110,210,186,24
E33003545,425,212,56,156,213,202,11
E33003546,397,125,30,95,272,256,16
E33003547,533,155,23,132,378,366,12
E33003548,212,100,19,81,112,105,7
E33003549,492,210,63,147,282,238,44
E33003550,311,139,40,99,172,149,23
E33003551,282,125,41,84,157,127,30
E33003552,199,15,4,11,184,103,81
E33003553,266,41,14,27,225,204,21
E33003554,289,52,12,40,237,193,44
E33003555,1597,912,394,518,685,632,53
E33003556,1793,70,24,46,1723,1607,116
E33003557,570,212,84,128,358,272,86
E33003558,248,49,16,33,199,175,24
E33003559,703,116,29,87,587,481,106
E33003560,4379,440,39,401,3939,3500,439
E33003561,219,70,18,52,149,114,35
E33003562,355,79,20,59,276,247,29
E33003563,804,114,44,70,690,589,101
E33003564,1283,730,270,460,553,517,36
E33003565,954,161,54,107,793,650,143
E33003566,324,91,36,55,233,128,105
E33003567,219,83,36,47,136,112,24
E33003568,438,260,78,182,178,175,3
E33003569,312,126,58,68,186,160,26
E33003570,536,144,46,98,392,330,62
E33003571,202,53,19,34,149,129,20
E33003572,427,41,9,32,386,330,56
E33003573,223,81,20,61,142,118,24
E33003574,249,34,16,18,215,176,39
E33003575,289,129,42,87,160,135,25
E33003576,280,137,55,82,143,120,23
E33003577,329,92,42,50,237,193,44
E33003578,457,60,19,41,397,324,73
E33003579,506,102,18,84,404,358,46
E33003580,1050,173,29,144,877,829,48
E33003581,304,109,28,81,195,148,47
E33003582,228,96,37,59,132,105,27
E33003583,318,98,48,50,220,165,55
E33003584,228,77,29,48,151,124,27
E33003585,215,58,11,47,157,133,24
E33003586,565,189,68,121,376,298,78
E33003587,824,269,103,166,555,450,105
E33003588,954,107,22,85,847,727,120
E33003589,913,81,23,58,832,705,127
E33003590,273,32,7,25,241,187,54
E33003591,2448,892,186,706,1556,1434,122
E33003592,493,138,34,104,355,297,58
E33003593,474,153,52,101,321,274,47
E33003594,457,131,48,83,326,284,42
E33003595,598,202,47,155,396,341,55
E33003596,431,80,20,60,351,299,52
E33003597,752,123,44,79,629,537,92
E33003598,2153,179,43,136,1974,1861,113
E33003599,415,79,25,54,336,256,80
E33003600,308,106,37,69,202,143,59
E33003601,294,119,57,62,175,142,33
E33003602,886,189,46,143,697,609,88
E33003603,3022,261,64,197,2761,2419,342
E33003604,666,383,186,197,283,235,48
E33003605,227,95,47,48,132,98,34
E33003606,1031,133,32,101,898,717,181
E33003607,373,25,8,17,348,318,30
E33003608,232,39,10,29,193,168,25
E33003609,246,70,28,42,176,134,42
E33003610,273,114,32,82,159,137,22
E33003611,223,92,35,57,131,100,31
E33003612,248,109,21,88,139,123,16
E33003613,203,108,43,65,95,74,21
E33003614,591,271,80,191,320,272,48
E33003615,480,191,52,139,289,226,63
E33003616,256,43,10,33,213,175,38
E33003617,469,60,16,44,409,314,95
E33003618,887,100,33,67,787,727,60
E33003619,282,118,37,81,164,150,14
E33003620,761,457,176,281,304,280,24
E33003621,221,97,37,60,124,112,12
E33003622,232,48,13,35,184,170,14
E33003623,273,154,64,90,119,102,17
E33003624,207,57,15,42,150,123,27
E33003625,213,33,7,26,180,142,38
E33003626,325,183,50,133,142,139,3
E33003627,274,128,33,95,146,135,11
E33003628,671,115,24,91,556,491,65
E33003629,271,26,9,17,245,206,39
E33003630,992,144,50,94,848,675,173
E33003631,636,78,19,59,558,468,90
E33003632,530,55,10,45,475,401,74
E33003633,1344,332,52,280,1012,942,70
E33003634,1506,138,30,108,1368,1146,222
E33003635,1102,357,79,278,745,696,49
E33003636,447,249,71,178,198,182,16
E33003637,221,85,26,59,136,124,12
E33003638,994,156,35,121,838,692,146
E33003639,2043,229,44,185,1814,1695,119
E33003640,312,82,20,62,230,203,27
E33003641,242,90,38,52,152,116,36
E33003642,394,165,50,115,229,188,41
E33003643,487,223,64,159,264,232,32
E33003644,415,74,16,58,341,312,29
E33003645,503,252,75,177,251,211,40
E33003646,213,43,9,34,170,138,32
E33003647,468,107,23,84,361,339,22
E33003648,216,69,28,41,147,108,39
E33003649,662,215,50,165,447,414,33
E33003650,846,82,18,64,764,661,103
E33003651,228,72,31,41,156,142,14
E33003652,315,104,27,77,211,194,17
E33003653,212,73,23,50,139,123,16
E33003654,205,85,29,56,120,93,27
E33003655,210,80,20,60,130,107,23
E33003656,310,83,22,61,227,206,21
E33003657,263,72,15,57,191,164,27
E33003658,576,140,19,121,436,386,50
E33003659,312,163,40,123,149,120,29
E33003660,782,465,146,319,317,286,31
E33003661,313,76,5,71,237,218,19
E33003662,612,332,104,228,280,244,36
E33003663,619,271,66,205,348,327,21
E33003664,237,80,40,40,157,138,19
E33003665,792,167,18,149,625,604,21
E33003666,735,333,69,264,402,373,29
E33003667,555,41,14,27,514,436,78
E33003668,317,70,11,59,247,224,23
E33003669,739,488,76,412,251,227,24
E33003670,493,138,38,100,355,332,23
E33003671,956,104,31,73,852,747,105
E33003672,326,193,60,133,133,113,20
E33003673,939,134,45,89,805,708,97
E33003674,421,151,30,121,270,258,12
E33003675,6313,399,132,267,5914,5661,253
E33003676,207,73,30,43,134,123,11
E33003677,298,137,33,104,161,146,15
E33003678,250,109,38,71,141,124,17
E33003679,425,113,20,93,312,300,12
E33003680,785,500,202,298,285,268,17
E33003681,306,133,31,102,173,166,7
E33003682,376,144,38,106,232,205,27
E33003683,398,61,21,40,337,314,23
E33003684,231,126,53,73,105,93,12
E33003685,549,286,59,227,263,242,21
E33003686,475,150,47,103,325,293,32
E33003687,433,229,104,125,204,186,18
E33003688,265,56,7,49,209,185,24
E33003689,431,81,28,53,350,316,34
E33003690,527,266,75,191,261,232,29
E33003691,487,206,63,143,281,259,22
E33003692,249,94,32,62,155,134,21
E33003693,928,534,131,403,394,360,34
E33003694,311,40,12,28,271,239,32
E33003695,312,137,48,89,175,144,31
E33003696,205,33,13,20,172,130,42
E33003697,316,94,35,59,222,173,49
E33003698,929,123,34,89,806,640,166
E33003699,876,67,16,51,809,484,325
E33003700,468,53,11,42,415,332,83
E33003701,750,117,42,75,633,494,139
E33003702,525,266,60,206,259,234,25
E33003703,248,70,17,53,178,158,20
E33003704,575,122,34,88,453,370,83
E33003705,341,121,21,100,220,206,14
E33003706,210,75,21,54,135,120,15
E33003707,425,108,19,89,317,285,32
E33003708,262,109,45,64,153,128,25
E33003709,326,95,34,61,231,200,31
E33003710,346,170,74,96,176,163,13
E33003711,256,100,34,66,156,138,18
E33003712,666,400,153,247,266,257,9
E33003713,226,83,22,61,143,115,28
E33003714,283,135,47,88,148,135,13
E33003715,484,143,33,110,341,296,45
E33003716,255,102,23,79,153,126,27
E33003717,205,88,28,60,117,100,17
E33003718,162,80,28,52,82,76,6
E33003719,618,210,77,133,408,373,35
E33003720,478,198,88,110,280,197,83
E33003721,225,72,16,56,153,138,15
E33003722,2748,1018,162,856,1730,1554,176
E33003723,224,102,28,74,122,106,16
E33003724,222,87,34,53,135,120,15
E33003725,570,190,41,149,380,373,7
E33003726,231,106,40,66,125,108,17
E33003727,398,231,96,135,167,153,14
E33003728,395,161,40,121,234,220,14
E33003729,286,145,48,97,141,129,12
E33003730,237,132,42,90,105,89,16
E33003731,214,85,32,53,129,103,26
E33003732,303,94,35,59,209,189,20
E33003733,1080,332,71,261,748,696,52
E33003734,289,151,42,109,138,122,16
E33003735,323,88,19,69,235,208,27
E33003736,641,138,44,94,503,426,77
E33003737,388,160,38,122,228,195,33
E33003738,233,69,18,51,164,144,20
E33003739,613,196,54,142,417,377,40
E33003740,335,56,17,39,279,248,31
E33003741,269,106,30,76,163,139,24
E33003742,354,94,32,62,260,222,38
E33003743,518,227,68,159,291,251,40
E33003744,244,72,21,51,172,144,28
E33003745,533,132,42,90,401,332,69
E33003746,904,181,29,152,723,637,86
E33003747,642,229,62,167,413,345,68
E33003748,1485,263,99,164,1222,1115,107
E33003749,337,76,22,54,261,122,139
E33003750,670,74,20,54,596,259,337
E33003751,11985,657,214,443,11328,10568,760
E33003752,317,36,7,29,281,269,12
E33003753,654,109,18,91,545,479,66
E33003754,338,157,44,113,181,166,15
E33003755,844,273,59,214,571,534,37
E33003756,442,256,77,179,186,171,15
E33003757,333,176,39,137,157,136,21
E33003758,243,133,38,95,110,100,10
E33003759,405,215,58,157,190,172,18
E33003760,198,98,28,70,100,93,7
E33003761,369,181,51,130,188,174,14
E33003762,613,377,122,255,236,210,26
E33003763,261,72,20,52,189,137,52
E33003764,220,39,11,28,181,108,73
E33003765,1075,452,122,330,623,560,63
E33003766,232,77,27,50,155,137,18
E33003767,229,72,10,62,157,149,8
E33003768,222,53,6,47,169,159,10
E33003769,216,58,26,32,158,80,78
E33003770,1255,389,63,326,866,806,60
E33003771,199,57,13,44,142,128,14
E33003772,268,147,58,89,121,102,19
E33003773,252,102,33,69,150,118,32
E33003774,840,215,61,154,625,524,101
E33003775,210,74,23,51,136,124,12
E33003776,265,122,41,81,143,123,20
E33003777,226,111,43,68,115,97,18
E33003778,275,125,45,80,150,134,16
E33003779,203,29,10,19,174,127,47
E33003780,453,80,13,67,373,236,137
E33003781,413,51,7,44,362,210,152
E33003782,327,37,8,29,290,195,95
E33003783,211,70,29,41,141,87,54
E33003784,254,38,21,17,216,182,34
E33003785,236,109,40,69,127,97,30
E33003786,280,74,28,46,206,158,48
E33003787,311,148,37,111,163,143,20
E33003788,382,174,72,102,208,176,32
E33003789,325,153,50,103,172,154,18
E33003790,204,48,8,40,156,149,7
E33003791,725,339,137,202,386,357,29
E33003792,251,117,26,91,134,108,26
E33003793,479,94,46,48,385,332,53
E33003794,579,214,88,126,365,325,40
E33003795,894,102,35,67,792,628,164
E33003796,408,117,44,73,291,236,55
E33003797,340,57,13,44,283,255,28
E33003798,172,68,12,56,104,81,23
E33003799,316,123,42,81,193,170,23
E33003800,479,91,22,69,388,337,51
E33003801,289,45,7,38,244,207,37
E33003802,351,163,77,86,188,149,39
E33003803,407,129,32,97,278,259,19
E33003804,360,93,29,64,267,245,22
E33003805,402,96,34,62,306,249,57
E33003806,267,87,36,51,180,140,40
E33003807,466,179,70,109,287,212,75
E33003808,257,96,36,60,161,118,43
E33003809,210,99,48,51,111,88,23
E33003810,730,139,44,95,591,554,37
E33003811,227,88,25,63,139,122,17
E33003812,284,132,46,86,152,136,16
E33003813,258,133,45,88,125,104,21
E33003814,759,314,90,224,445,401,44
E33003815,367,132,44,88,235,190,45
E33003816,205,73,34,39,132,111,21
E33003817,212,70,18,52,142,109,33
E33003818,280,70,23,47,210,177,33
E33003819,1557,219,64,155,1338,1176,162
E33003820,276,64,8,56,212,170,42
E33003821,271,93,40,53,178,165,13
E33003822,428,215,55,160,213,188,25
E33003823,482,151,41,110,331,313,18
E33003824,382,119,11,108,263,257,6
E33003825,204,53,13,40,151,142,9
E33003826,312,100,32,68,212,191,21
E33003827,552,280,86,194,272,247,25
E33003828,603,353,140,213,250,239,11
E33003829,295,152,35,117,143,126,17
E33003830,374,125,11,114,249,240,9
E33003831,462,126,24,102,336,309,27
E33003832,792,153,18,135,639,604,35
E33003833,661,288,54,234,373,347,26
E33003834,402,89,16,73,313,271,42
E33003835,271,143,50,93,128,115,13
E33003836,245,77,19,58,168,139,29
E33003837,306,51,9,42,255,226,29
E33003838,266,121,32,89,145,136,9
E33003839,687,254,82,172,433,375,58
E33003840,1024,156,43,113,868,687,181
E33003841,845,91,27,64,754,669,85
E33003842,866,100,21,79,766,703,63
E33003843,668,287,83,204,381,362,19
E33003844,237,81,27,54,156,125,31
E33003845,452,119,22,97,333,302,31
E33003846,420,129,31,98,291,257,34
E33003847,643,97,21,76,546,359,187
E33003848,686,120,44,76,566,517,49
E33003849,636,82,15,67,554,489,65
E33003850,1083,371,107,264,712,607,105
E33003851,645,103,29,74,542,453,89
E33003852,295,123,48,75,172,153,19
E33003853,267,84,15,69,183,171,12
E33003854,403,78,24,54,325,286,39
E33003855,232,97,29,68,135,118,17
E33003856,425,72,14,58,353,333,20
E33003857,267,117,27,90,150,140,10
E33003858,380,119,29,90,261,240,21
E33003859,1928,619,107,512,1309,1222,87
E33003860,478,118,34,84,360,296,64
E33003861,328,86,20,66,242,222,20
E33003862,316,157,57,100,159,133,26
E33003863,250,101,27,74,149,139,10
E33003864,200,74,14,60,126,117,9
E33003865,574,299,129,170,275,234,41
E33003866,362,168,53,115,194,183,11
E33003867,218,68,23,45,150,123,27
E33003868,400,176,78,98,224,186,38
E33003869,737,155,30,125,582,519,63
E33003870,622,204,66,138,418,394,24
E33003871,258,104,29,75,154,124,30
E33003872,276,76,14,62,200,164,36
E33003873,445,154,44,110,291,254,37
E33003874,1464,303,47,256,1161,1120,41
E33003875,559,242,105,137,317,254,63
E33003876,747,73,16,57,674,514,160
E33003877,1475,110,45,65,1365,1286,79
E33003878,415,184,67,117,231,190,41
E33003879,380,40,10,30,340,287,53
E33003880,1217,266,41,225,951,879,72
E33003881,8371,436,111,325,7935,7494,441
E33003882,382,55,20,35,327,248,79
E33003883,209,91,20,71,118,104,14
E33003884,595,115,35,80,480,418,62
E33003885,1234,208,28,180,1026,963,63
E33003886,478,73,14,59,405,341,64
E33003887,304,24,15,9,280,254,26
E33003888,782,64,10,54,718,639,79
E33003889,1345,105,25,80,1240,1156,84
E33003890,199,25,5,20,174,121,53
E33003891,503,53,19,34,450,404,46
E33003892,249,93,32,61,156,142,14
E33003893,298,74,25,49,224,182,42
E33003894,223,82,22,60,141,131,10
E33003895,307,186,58,128,121,105,16
E33003896,286,112,32,80,174,166,8
E33003897,205,69,24,45,136,120,16
E33003898,447,152,25,127,295,273,22
E33003899,294,135,37,98,159,138,21
E33003900,249,106,26,80,143,127,16
E33003901,318,177,41,136,141,123,18
E33003902,541,172,32,140,369,318,51
E33003903,880,225,41,184,655,618,37
E33003904,636,85,22,63,551,519,32
E33003905,706,126,39,87,580,480,100
E33003906,655,173,34,139,482,437,45
E33003907,973,147,42,105,826,686,140
E33003908,267,127,54,73,140,129,11
E33003909,543,207,60,147,336,267,69
E33003910,619,94,40,54,525,454,71
E33003911,184,34,9,25,150,132,18
E33003912,674,338,145,193,336,285,51
E33003913,947,350,104,246,597,545,52
E33003914,490,213,70,143,277,235,42
E33003915,120,29,6,23,91,59,32
E33003916,618,125,31,94,493,378,115
E33003917,587,184,60,124,403,368,35
E33003918,464,168,57,111,296,251,45
E33003919,266,77,30,47,189,170,19
E33003920,283,120,38,82,163,130,33
E33003921,313,148,53,95,165,135,30
E33003922,265,93,33,60,172,142,30
E33003923,246,98,36,62,148,137,11
E33003924,915,561,263,298,354,327,27
E33003925,257,49,9,40,208,199,9
E33003926,202,105,36,69,97,81,16
E33003927,223,99,29,70,124,110,14
E33003928,332,203,100,103,129,115,14
E33003929,247,107,22,85,140,117,23
E33003930,443,177,27,150,266,233,33
E33003931,611,214,50,164,397,328,69
E33003932,253,33,15,18,220,176,44
E33003933,257,76,25,51,181,167,14
E33003934,622,145,35,110,477,380,97
E33003935,1517,131,21,110,1386,1237,149
E33003936,456,288,89,199,168,154,14
E33003937,199,85,25,60,114,85,29
E33003938,204,75,22,53,129,109,20
E33003939,356,45,10,35,311,286,25
E33003940,490,222,64,158,268,233,35
E33003941,234,78,21,57,156,136,20
E33003942,639,245,53,192,394,350,44
E33003943,1059,131,29,102,928,768,160
E33003944,666,167,35,132,499,429,70
E33003945,527,64,21,43,463,398,65
E33003946,1249,446,106,340,803,708,95
E33003947,470,78,21,57,392,307,85
E33003948,495,249,57,192,246,227,19
E33003949,406,137,33,104,269,243,26
E33003950,749,238,63,175,511,429,82
E33003951,2545,311,70,241,2234,1919,315
E33003952,233,59,9,50,174,161,13
E33003953,655,56,16,40,599,530,69
E33003954,260,86,25,61,174,138,36
E33003955,865,432,172,260,433,398,35
E33003956,378,113,33,80,265,228,37
E33003957,580,398,173,225,182,172,10
E33003958,419,34,17,17,385,364,21
E33003959,910,236,63,173,674,608,66
E33003960,243,97,17,80,146,133,13
E33003961,316,106,21,85,210,195,15
E33003962,360,115,23,92,245,234,11
E33003963,331,149,32,117,182,165,17
E33003964,326,133,21,112,193,173,20
E33003965,1029,343,87,256,686,621,65
E33003966,716,243,54,189,473,435,38
E33003967,899,152,49,103,747,603,144
E33003968,425,128,28,100,297,267,30
E33003969,305,56,17,39,249,200,49
E33003970,515,51,17,34,464,406,58
E33003971,504,72,15,57,432,377,55
E33003972,869,84,20,64,785,633,152
E33003973,364,40,10,30,324,273,51
E33003974,319,91,22,69,228,217,11
E33003975,1005,253,78,175,752,698,54
E33003976,313,38,14,24,275,246,29
E33003977,278,60,15,45,218,192,26
E33003978,362,56,26,30,306,276,30
E33003979,120,16,7,9,104,85,19
E33003980,321,56,11,45,265,197,68
E33003981,768,121,40,81,647,521,126
E33003982,533,99,29,70,434,378,56
E33003983,215,64,13,51,151,97,54
E33003984,862,144,30,114,718,662,56
E33003985,1077,223,51,172,854,712,142
E33003986,338,64,6,58,274,256,18
E33003987,4133,614,77,537,3519,3137,382
E33003988,1096,152,33,119,944,853,91
E33003989,5166,1697,348,1349,3469,3163,306
E33003990,299,138,67,71,161,146,15
E33003991,428,179,83,96,249,229,20
E33003992,470,242,117,125,228,205,23
E33003993,313,87,30,57,226,189,37
E33003994,269,91,24,67,178,156,22
E33003995,481,126,20,106,355,341,14
E33003996,474,177,53,124,297,270,27
E33003997,1103,586,305,281,517,481,36
E33003998,886,280,37,243,606,592,14
E33003999,238,52,5,47,186,169,17
E33004000,297,73,13,60,224,195,29
E33004001,732,133,26,107,599,573,26
E33004002,942,246,97,149,696,599,97
E33004003,243,44,6,38,199,179,20
E33004004,432,110,15,95,322,297,25
E33004005,1611,517,53,464,1094,1063,31
E33004006,285,61,26,35,224,185,39
E33004007,538,241,120,121,297,263,34
E33004008,130,29,15,14,101,86,15
E33004009,584,71,22,49,513,471,42
E33004010,5153,326,127,199,4827,4612,215
E33004011,473,232,95,137,241,216,25
E33004012,202,93,27,66,109,91,18
E33004013,419,215,71,144,204,167,37
E33004014,1087,177,36,141,910,837,73
E33004015,630,216,54,162,414,360,54
E33004016,722,120,37,83,602,488,114
E33004017,226,43,9,34,183,145,38
E33004018,654,92,18,74,562,466,96
E33004019,420,158,35,123,262,229,33
E33004020,714,236,50,186,478,431,47
E33004021,299,93,34,59,206,189,17
E33004022,314,108,21,87,206,183,23
E33004023,232,55,17,38,177,158,19
E33004024,632,121,33,88,511,450,61
E33004025,628,126,29,97,502,428,74
E33004026,258,43,16,27,215,172,43
E33004027,798,83,16,67,715,636,79
E33004028,905,97,29,68,808,727,81
E33004029,386,63,21,42,323,214,109
E33004030,436,48,11,37,388,291,97
E33004031,1353,125,21,104,1228,1031,197
E33004032,761,72,19,53,689,579,110
E33004033,633,63,15,48,570,489,81
E33004034,512,58,31,27,454,392,62
E33004035,1670,258,83,175,1412,1191,221
E33004036,607,126,41,85,481,408,73
E33004037,923,408,144,264,515,480,35
E33004038,528,176,56,120,352,310,42
E33004039,923,76,13,63,847,778,69
E33004040,774,279,90,189,495,451,44
E33004041,1171,148,35,113,1023,775,248
E33004042,1203,77,31,46,1126,1022,104
E33004043,336,54,12,42,282,248,34
E33004044,437,40,15,25,397,334,63
E33004045,570,144,18,126,426,402,24
E33004046,219,99,24,75,120,101,19
E33004047,342,131,33,98,211,176,35
E33004048,264,28,9,19,236,187,49
E33004049,611,180,43,137,431,397,34
E33004050,347,46,23,23,301,251,50
E33004051,470,149,32,117,321,242,79
E33004052,316,65,23,42,251,208,43
E33004053,782,82,24,58,700,591,109
E33004054,348,47,11,36,301,241,60
E33004055,760,437,131,306,323,298,25
E33004056,508,63,14,49,445,334,111
E33004057,330,54,17,37,276,221,55
E33004058,479,136,35,101,343,336,7
E33004059,1239,500,75,425,739,706,33
E33004060,373,216,82,134,157,137,20
E33004061,320,175,55,120,145,131,14
E33004062,254,136,53,83,118,110,8
E33004063,635,89,29,60,546,466,80
E33004064,352,73,12,61,279,231,48
E33004065,221,64,25,39,157,80,77
E33004066,724,207,58,149,517,466,51
E33004067,223,101,38,63,122,109,13
E33004068,251,131,46,85,120,100,20
E33004069,243,129,57,72,114,96,18
E33004070,376,131,39,92,245,215,30
E33004071,1461,205,42,163,1256,1077,179
E33004072,538,57,22,35,481,419,62
E33004073,384,37,10,27,347,301,46
E33004074,711,74,19,55,637,557,80
E33004075,276,36,6,30,240,200,40
E33004076,329,50,16,34,279,221,58
E33004077,855,248,33,215,607,586,21
E33004078,264,77,27,50,187,118,69
E33004079,410,41,18,23,369,306,63
E33004080,1103,67,9,58,1036,929,107
E33004081,459,54,17,37,405,335,70
E33004082,434,36,16,20,398,364,34
E33004083,291,116,70,46,175,155,20
E33004084,765,265,33,232,500,457,43
E33004085,870,77,25,52,793,691,102
E33004086,418,46,17,29,372,324,48
E33004087,465,65,23,42,400,299,101
E33004088,366,140,52,88,226,187,39
E33004089,222,90,32,58,132,121,11
E33004090,409,207,80,127,202,169,33
E33004091,328,168,63,105,160,145,15
E33004092,364,159,52,107,205,166,39
E33004093,303,150,44,106,153,126,27
E33004094,237,56,15,41,181,144,37
E33004095,514,80,15,65,434,376,58
E33004096,562,294,138,156,268,248,20
E33004097,985,219,34,185,766,647,119
E33004098,173,95,17,78,78,61,17
E33004099,563,274,59,215,289,259,30
E33004100,395,157,54,103,238,207,31
E33004101,745,170,33,137,575,557,18
E33004102,291,170,71,99,121,103,18
E33004103,218,103,29,74,115,84,31
E33004104,233,55,3,52,178,172,6
E33004105,1748,370,41,329,1378,1344,34
E33004106,243,40,20,20,203,183,20
E33004107,767,105,26,79,662,556,106
E33004108,296,56,9,47,240,199,41
E33004109,472,78,27,51,394,289,105
E33004110,209,20,4,16,189,138,51
E33004111,229,27,8,19,202,170,32
E33004112,304,31,12,19,273,157,116
E33004113,232,39,13,26,193,148,45
E33004114,292,35,11,24,257,183,74
E33004115,356,74,8,66,282,237,45
E33004116,288,58,25,33,230,204,26
E33004117,344,46,9,37,298,260,38
E33004118,1361,463,68,395,898,854,44
E33004119,387,82,25,57,305,261,44
E33004120,237,57,10,47,180,169,11
E33004121,348,118,20,98,230,213,17
E33004122,617,163,18,145,454,452,2
E33004123,356,65,17,48,291,259,32
E33004124,387,84,22,62,303,290,13
E33004125,478,148,34,114,330,317,13
E33004126,246,60,21,39,186,173,13
E33004127,243,96,17,79,147,127,20
E33004128,916,258,26,232,658,624,34
E33004129,329,79,14,65,250,215,35
E33004130,329,76,13,63,253,231,22
E33004131,238,55,7,48,183,154,29
E33004132,407,126,57,69,281,234,47
E33004133,632,90,18,72,542,499,43
E33004134,247,46,14,32,201,176,25
E33004135,223,30,4,26,193,172,21
E33004136,244,55,9,46,189,153,36
E33004137,265,79,27,52,186,140,46
E33004138,203,51,13,38,152,135,17
E33004139,723,327,119,208,396,362,34
E33004140,260,72,24,48,188,169,19
E33004141,483,131,31,100,352,299,53
E33004142,793,347,70,277,446,419,27
E33004143,431,206,73,133,225,190,35
E33004144,510,158,43,115,352,330,22
E33004145,710,90,22,68,620,510,110
E33004146,235,46,7,39,189,172,17
E33004147,2082,448,39,409,1634,1606,28
E33004148,440,53,6,47,387,339,48
E33004149,349,87,24,63,262,243,19
E33004150,675,320,86,234,355,323,32
E33004151,443,99,22,77,344,289,55
E33004152,438,105,35,70,333,291,42
E33004153,237,72,15,57,165,144,21
E33004154,500,245,67,178,255,236,19
E33004155,268,98,20,78,170,152,18
E33004156,1457,231,62,169,1226,1058,168
E33004157,1824,595,301,294,1229,1015,214
E33004158,379,65,18,47,314,270,44
E33004159,233,44,7,37,189,160,29
E33004160,208,35,8,27,173,145,28
E33004161,364,24,6,18,340,299,41
E33004162,287,15,7,8,272,250,22
E33004163,199,15,3,12,184,147,37
E33004164,400,52,10,42,348,306,42
E33004165,493,68,14,54,425,358,67
E33004166,322,124,59,65,198,188,10
E33004167,968,295,86,209,673,574,99
E33004168,577,144,45,99,433,388,45
E33004169,2585,926,184,742,1659,1503,156
E33004170,1685,588,274,314,1097,906,191
E33004171,302,30,2,28,272,217,55
E33004172,306,114,63,51,192,138,54
E33004173,321,87,66,21,234,188,46
E33004174,291,118,93,25,173,127,46
E33004175,342,136,78,58,206,175,31
E33004176,391,76,35,41,315,266,49
E33004177,606,169,55,114,437,393,44
E33004178,226,84,54,30,142,100,42
E33004179,271,36,12,24,235,199,36
E33004180,216,42,12,30,174,160,14
E33004181,1080,182,49,133,898,712,186
E33004182,239,66,11,55,173,157,16
E33004183,383,81,18,63,302,265,37
E33004184,279,30,12,18,249,235,14
E33004185,345,95,12,83,250,238,12
E33004186,755,183,48,135,572,541,31
E33004187,1687,595,169,426,1092,1031,61
E33004188,926,135,30,105,791,716,75
E33004189,338,107,27,80,231,209,22
E33004190,311,29,5,24,282,187,95
E33004191,215,21,6,15,194,167,27
E33004192,219,37,8,29,182,144,38
E33004193,334,25,6,19,309,194,115
E33004194,348,21,9,12,327,266,61
E33004195,326,43,10,33,283,256,27
E33004196,488,41,11,30,447,373,74
E33004197,545,36,15,21,509,430,79
E33004198,512,69,9,60,443,429,14
E33004199,296,29,13,16,267,230,37
E33004200,427,199,40,159,228,219,9
E33004201,493,190,44,146,303,280,23
E33004202,349,91,29,62,258,249,9
E33004203,283,64,11,53,219,197,22
E33004204,500,230,91,139,270,252,18
E33004205,585,158,22,136,427,416,11
E33004206,762,277,75,202,485,457,28
E33004207,571,91,30,61,480,423,57
E33004208,520,154,23,131,366,325,41
E33004209,874,147,43,104,727,615,112
E33004210,112,45,13,32,67,62,5
E33004211,598,322,122,200,276,249,27
E33004212,619,248,33,215,371,356,15
E33004213,371,72,15,57,299,251,48
E33004214,380,71,12,59,309,283,26
E33004215,447,145,17,128,302,280,22
E33004216,844,108,22,86,736,653,83
E33004217,698,224,72,152,474,447,27
E33004218,898,190,41,149,708,638,70
E33004219,306,103,34,69,203,160,43
E33004220,490,58,11,47,432,395,37
E33004221,606,52,6,46,554,498,56
E33004222,568,52,11,41,516,460,56
E33004223,361,48,9,39,313,285,28
E33004224,810,76,20,56,734,665,69
E33004225,321,45,16,29,276,258,18
E33004226,580,177,58,119,403,351,52
E33004227,290,66,23,43,224,179,45
E33004228,431,55,10,45,376,290,86
E33004229,418,99,41,58,319,264,55
E33004230,277,27,5,22,250,178,72
E33004231,696,179,44,135,517,467,50
E33004232,498,236,81,155,262,221,41
E33004233,364,40,16,24,324,214,110
E33004234,379,126,46,80,253,236,17
E33004235,508,251,103,148,257,222,35
E33004236,729,431,189,242,298,292,6
E33004237,209,99,33,66,110,97,13
E33004238,596,143,20,123,453,420,33
E33004239,779,235,24,211,544,533,11
E33004240,464,204,57,147,260,224,36
E33004241,126,67,25,42,59,51,8
E33004242,380,149,57,92,231,204,27
E33004243,380,185,84,101,195,161,34
E33004244,1878,679,195,484,1199,1074,125
E33004245,453,185,50,135,268,240,28
E33004246,737,162,42,120,575,529,46
E33004247,563,166,42,124,397,351,46
E33004248,2805,731,281,450,2074,1735,339
E33004249,383,100,17,83,283,268,15
E33004250,297,71,33,38,226,194,32
E33004251,671,395,97,298,276,247,29
E33004252,1132,244,47,197,888,830,58
E33004253,203,67,19,48,136,120,16
E33004254,208,65,14,51,143,132,11
E33004255,233,97,25,72,136,124,12
E33004256,227,105,29,76,122,107,15
E33004257,266,119,25,94,147,129,18
E33004258,486,50,13,37,436,353,83
E33004259,770,221,70,151,549,486,63
E33004260,514,99,9,90,415,381,34
E33004261,360,26,6,20,334,275,59
E33004262,842,82,8,74,760,664,96
E33004263,450,24,9,15,426,369,57
E33004264,586,49,17,32,537,457,80
E33004265,240,33,11,22,207,168,39
E33004266,768,429,193,236,339,275,64
E33004267,715,65,19,46,650,575,75
E33004268,946,97,23,74,849,807,42
E33004269,808,143,15,128,665,589,76
E33004270,818,95,29,66,723,651,72
E33004271,801,123,43,80,678,619,59
E33004272,1451,375,115,260,1076,932,144
E33004273,510,36,11,25,474,408,66
E33004274,332,26,6,20,306,210,96
E33004275,370,50,13,37,320,266,54
E33004276,3565,402,42,360,3163,2905,258
E33004277,1009,258,59,199,751,671,80
E33004278,271,61,23,38,210,177,33
E33004279,179,54,12,42,125,100,25
E33004280,720,302,108,194,418,373,45
E33004281,203,29,15,14,174,157,17
E33004282,308,111,22,89,197,181,16
E33004283,316,103,21,82,213,181,32
E33004284,201,66,12,54,135,122,13
E33004285,279,108,33,75,171,161,10
E33004286,386,58,6,52,328,300,28
E33004287,451,219,74,145,232,194,38
E33004288,244,56,16,40,188,172,16
E33004289,205,84,26,58,121,111,10
E33004290,231,66,20,46,165,149,16
E33004291,841,80,21,59,761,684,77
E33004292,317,76,17,59,241,234,7
E33004293,344,213,76,137,131,114,17
E33004294,1477,806,354,452,671,625,46
E33004295,265,87,37,50,178,155,23
E33004296,1548,199,54,145,1349,1154,195
E33004297,972,245,38,207,727,696,31
E33004298,268,135,39,96,133,109,24
E33004299,1019,266,66,200,753,724,29
E33004300,451,118,27,91,333,315,18
E33004301,261,55,22,33,206,178,28
E33004302,567,256,110,146,311,273,38
E33004303,933,367,113,254,566,492,74
E33004304,764,360,88,272,404,369,35
E33004305,305,59,17,42,246,220,26
E33004306,425,33,7,26,392,341,51
E33004307,448,84,33,51,364,283,81
E33004308,1089,304,73,231,785,696,89
E33004309,424,92,23,69,332,310,22
E33004310,271,57,16,41,214,186,28
E33004311,249,83,26,57,166,150,16
E33004312,341,185,84,101,156,146,10
E33004313,307,66,16,50,241,221,20
E33004314,797,224,62,162,573,525,48
E33004315,362,112,27,85,250,219,31
E33004316,738,367,66,301,371,321,50
E33004317,308,129,47,82,179,142,37
E33004318,224,68,18,50,156,136,20
E33004319,642,394,148,246,248,226,22
E33004320,275,76,18,58,199,174,25
E33004321,615,163,65,98,452,419,33
E33004322,1102,135,54,81,967,892,75
E33004323,837,67,15,52,770,675,95
E33004324,250,34,8,26,216,198,18
E33004325,521,82,23,59,439,330,109
E33004326,493,54,16,38,439,378,61
E33004327,414,52,13,39,362,286,76
E33004328,465,102,24,78,363,305,58
E33004329,943,88,15,73,855,745,110
E33004330,573,79,23,56,494,471,23
E33004331,340,116,29,87,224,207,17
E33004332,405,63,17,46,342,295,47
E33004333,799,192,63,129,607,505,102
E33004334,886,75,19,56,811,736,75
E33004335,8687,1835,350,1485,6852,6128,724
E33004336,214,37,7,30,177,139,38
E33004337,272,47,20,27,225,201,24
E33004338,311,66,12,54,245,210,35
E33004339,1176,258,64,194,918,849,69
E33004340,335,100,22,78,235,199,36
E33004341,211,27,8,19,184,128,56
E33004342,280,88,36,52,192,174,18
E33004343,1605,197,65,132,1408,1142,266
E33004344,6575,1461,675,786,5114,4211,903
E33004345,1898,372,163,209,1526,1350,176
E33004346,338,164,98,66,174,158,16
E33004347,521,59,12,47,462,406,56
E33004348,685,142,36,106,543,519,24
E33004349,1273,430,202,228,843,697,146
E33004350,2934,262,59,203,2672,2182,490
E33004351,448,49,19,30,399,283,116
E33004352,575,82,16,66,493,398,95
E33004353,338,127,55,72,211,178,33
E33004354,603,230,104,126,373,319,54
E33004355,333,99,20,79,234,198,36
E33004356,196,59,14,45,137,110,27
E33004357,217,73,19,54,144,113,31
E33004358,884,82,21,61,802,627,175
E33004359,717,93,17,76,624,562,62
E33004360,1284,186,33,153,1098,918,180
E33004361,345,67,31,36,278,230,48
E33004362,269,96,47,49,173,161,12
E33004363,358,109,22,87,249,214,35
E33004364,511,69,16,53,442,377,65
E33004365,1144,566,194,372,578,544,34
E33004366,1102,202,37,165,900,777,123
E33004367,493,61,17,44,432,410,22
E33004368,225,70,30,40,155,125,30
E33004369,473,102,41,61,371,317,54
E33004370,247,99,36,63,148,138,10
E33004371,729,82,9,73,647,529,118
E33004372,237,53,21,32,184,147,37
E33004373,584,115,38,77,469,426,43
E33004374,766,108,17,91,658,559,99
E33004375,256,47,15,32,209,151,58
E33004376,228,66,23,43,162,129,33
E33004377,361,78,9,69,283,240,43
E33004378,410,193,106,87,217,192,25
E33004379,483,48,16,32,435,390,45
E33004380,870,115,46,69,755,640,115
E33004381,1182,190,43,147,992,927,65
E33004382,307,81,24,57,226,204,22
E33004383,113,8,0,8,105,101,4
E33004384,1965,660,233,427,1305,1176,129
E33004385,737,181,55,126,556,517,39
E33004386,447,79,31,48,368,303,65
E33004387,651,247,100,147,404,355,49
E33004388,240,101,39,62,139,126,13
E33004389,404,96,26,70,308,251,57
E33004390,248,128,54,74,120,94,26
E33004391,236,80,49,31,156,128,28
E33004392,338,159,86,73,179,157,22
E33004393,275,35,11,24,240,225,15
E33004394,255,72,17,55,183,161,22
E33004395,1960,501,91,410,1459,1243,216
E33004396,251,87,24,63,164,153,11
E33004397,399,25,7,18,374,312,62
E33004398,269,94,31,63,175,159,16
E33004399,1016,153,54,99,863,745,118
E33004400,310,49,13,36,261,232,29
E33004401,400,46,18,28,354,309,45
E33004402,905,119,23,96,786,672,114
E33004403,303,46,10,36,257,193,64
E33004404,786,102,26,76,684,555,129
E33004405,941,119,27,92,822,609,213
E33004406,4468,2132,1075,1057,2336,2212,124
E33004407,1000,758,313,445,242,213,29
E33004408,781,97,21,76,684,535,149
E33004409,480,67,16,51,413,359,54
E33004410,477,252,136,116,225,207,18
E33004411,573,64,9,55,509,404,105
E33004412,1084,147,21,126,937,885,52
E33004413,676,166,65,101,510,440,70
E33004414,795,91,25,66,704,599,105
E33004415,239,80,18,62,159,146,13
E33004416,440,61,23,38,379,305,74
E33004417,852,387,162,225,465,376,89
E33004418,1078,202,30,172,876,817,59
E33004419,252,84,21,63,168,145,23
E33004420,444,52,10,42,392,356,36
E33004421,324,96,20,76,228,196,32
E33004422,258,90,23,67,168,143,25
E33004423,276,76,17,59,200,166,34
E33004424,248,75,13,62,173,159,14
E33004425,223,40,9,31,183,136,47
E33004426,340,49,11,38,291,255,36
E33004427,871,121,28,93,750,678,72
E33004428,680,87,21,66,593,527,66
E33004429,257,76,34,42,181,167,14
E33004430,352,65,13,52,287,250,37
E33004431,294,85,21,64,209,169,40
E33004432,398,155,58,97,243,205,38
E33004433,219,54,12,42,165,132,33
E33004434,400,181,46,135,219,199,20
E33004435,505,51,6,45,454,409,45
E33004436,324,137,16,121,187,165,22
E33004437,399,195,49,146,204,180,24
E33004438,220,87,28,59,133,112,21
E33004439,459,43,15,28,416,308,108
E33004440,772,327,102,225,445,407,38
E33004441,232,44,1,43,188,156,32
E33004442,214,42,7,35,172,137,35
E33004443,203,52,13,39,151,127,24
E33004444,234,50,9,41,184,162,22
E33004445,216,95,26,69,121,95,26
E33004446,364,85,26,59,279,220,59
E33004447,345,56,18,38,289,242,47
E33004448,628,157,48,109,471,415,56
E33004449,243,77,23,54,166,154,12
E33004450,225,61,15,46,164,142,22
E33004451,530,150,26,124,380,343,37
E33004452,239,119,24,95,120,97,23
E33004453,649,155,67,88,494,362,132
E33004454,197,92,26,66,105,78,27
E33004455,436,77,16,61,359,286,73
E33004456,238,56,19,37,182,150,32
E33004457,282,75,22,53,207,192,15
E33004458,237,71,22,49,166,135,31
E33004459,1262,142,34,108,1120,1003,117
E33004460,934,127,21,106,807,723,84
E33004461,342,26,5,21,316,289,27
E33004462,203,55,11,44,148,135,13
E33004463,345,135,56,79,210,186,24
E33004464,468,92,26,66,376,329,47
E33004465,1095,126,28,98,969,852,117
E33004466,990,191,24,167,799,694,105
E33004467,1447,114,41,73,1333,1218,115
E33004468,271,77,23,54,194,178,16
E33004469,386,28,4,24,358,291,67
E33004470,1177,345,73,272,832,739,93
E33004471,335,44,5,39,291,274,17
E33004472,221,64,15,49,157,139,18
E33004473,727,99,14,85,628,508,120
E33004474,527,90,26,64,437,398,39
E33004475,798,190,35,155,608,560,48
E33004476,824,116,19,97,708,651,57
E33004477,493,144,35,109,349,316,33
E33004478,690,128,30,98,562,459,103
E33004479,731,83,20,63,648,563,85
E33004480,442,58,8,50,384,359,25
E33004481,782,121,39,82,661,557,104
E33004482,419,163,36,127,256,221,35
E33004483,242,54,20,34,188,170,18
E33004484,795,222,51,171,573,504,69
E33004485,450,71,8,63,379,350,29
E33004486,421,38,10,28,383,347,36
E33004487,426,58,15,43,368,336,32
E33004488,339,54,8,46,285,245,40
E33004489,662,90,22,68,572,505,67
E33004490,338,34,9,25,304,261,43
E33004491,457,59,18,41,398,277,121
E33004492,239,35,7,28,204,121,83
E33004493,205,36,18,18,169,81,88
E33004494,199,45,13,32,154,101,53
E33004495,370,45,7,38,325,280,45
E33004496,615,80,12,68,535,500,35
E33004497,366,99,36,63,267,231,36
E33004498,564,55,6,49,509,485,24
E33004499,534,101,19,82,433,336,97
E33004500,256,69,28,41,187,151,36
E33004501,333,75,12,63,258,227,31
E33004502,1368,190,39,151,1178,1002,176
E33004503,3426,565,110,455,2861,2643,218
E33004504,414,53,9,44,361,276,85
E33004505,544,244,121,123,300,232,68
E33004506,353,27,7,20,326,282,44
E33004507,202,24,0,24,178,173,5
E33004508,607,100,38,62,507,450,57
E33004509,590,61,10,51,529,433,96
E33004510,1391,379,161,218,1012,895,117
E33004511,355,63,25,38,292,258,34
E33004512,579,191,54,137,388,317,71
E33004513,1115,154,36,118,961,854,107
E33004514,241,59,17,42,182,145,37
E33004515,195,83,37,46,112,99,13
E33004516,568,175,63,112,393,321,72
E33004517,1554,87,24,63,1467,1333,134
E33004518,954,225,67,158,729,673,56
E33004519,227,45,5,40,182,168,14
E33004520,237,31,10,21,206,192,14
E33004521,849,59,13,46,790,751,39
E33004522,473,63,16,47,410,369,41
E33004523,832,152,34,118,680,595,85
E33004524,486,161,92,69,325,293,32
E33004525,287,92,39,53,195,174,21
E33004526,564,230,109,121,334,263,71
E33004527,312,68,24,44,244,190,54
E33004528,230,24,9,15,206,173,33
E33004529,214,82,25,57,132,104,28
E33004530,754,167,27,140,587,546,41
E33004531,971,103,23,80,868,793,75
E33004532,1260,249,37,212,1011,881,130
E33004533,2535,1428,576,852,1107,1044,63
E33004534,803,465,260,205,338,312,26
E33004535,370,142,45,97,228,168,60
E33004536,470,199,80,119,271,239,32
E33004537,266,149,94,55,117,112,5
E33004538,254,126,44,82,128,122,6
E33004539,461,296,165,131,165,156,9
E33004540,1221,744,298,446,477,424,53
E33004541,280,120,27,93,160,148,12
E33004542,331,127,41,86,204,172,32
E33004543,239,115,39,76,124,100,24
E33004544,523,246,114,132,277,213,64
E33004545,355,182,67,115,173,155,18
E33004546,710,337,133,204,373,313,60
E33004547,344,104,26,78,240,231,9
E33004548,271,29,6,23,242,236,6
E33004549,5754,1423,256,1167,4331,3836,495
E33004550,296,64,16,48,232,212,20
E33004551,449,103,23,80,346,300,46
E33004552,200,67,20,47,133,115,18
E33004553,609,109,22,87,500,459,41
E33004554,227,61,11,50,166,149,17
E33004555,739,140,40,100,599,546,53
E33004556,1713,206,46,160,1507,1336,171
E33004557,735,193,21,172,542,516,26
E33004558,323,73,7,66,250,232,18
E33004559,280,32,8,24,248,217,31
E33004560,619,118,31,87,501,470,31
E33004561,199,65,13,52,134,122,12
E33004562,332,72,22,50,260,205,55
E33004563,1115,180,24,156,935,798,137
E33004564,113,19,6,13,94,88,6
E33004565,334,50,8,42,284,238,46
E33004566,159,64,21,43,95,89,6
E33004567,309,99,33,66,210,199,11
E33004568,262,73,20,53,189,134,55
E33004569,691,88,16,72,603,565,38
E33004570,213,67,27,40,146,123,23
E33004571,979,337,151,186,642,548,94
E33004572,310,61,3,58,249,243,6
E33004573,468,98,22,76,370,319,51
E33004574,526,108,26,82,418,355,63
E33004575,277,56,10,46,221,193,28
E33004576,256,24,6,18,232,117,115
E33004577,233,89,35,54,144,129,15
E33004578,323,90,25,65,233,215,18
E33004579,528,192,46,146,336,301,35
E33004580,549,104,32,72,445,396,49
E33004581,973,320,79,241,653,630,23
E33004582,709,412,174,238,297,284,13
E33004583,358,182,57,125,176,168,8
E33004584,593,294,103,191,299,276,23
E33004585,308,145,39,106,163,152,11
E33004586,605,397,165,232,208,193,15
E33004587,207,106,41,65,101,85,16
E33004588,286,132,50,82,154,140,14
E33004589,994,219,58,161,775,731,44
E33004590,239,134,35,99,105,93,12
E33004591,201,78,26,52,123,113,10
E33004592,443,75,17,58,368,356,12
E33004593,394,188,79,109,206,193,13
E33004594,498,112,32,80,386,355,31
E33004595,312,68,19,49,244,235,9
E33004596,478,158,47,111,320,247,73
E33004597,421,117,42,75,304,274,30
E33004598,263,131,53,78,132,97,35
E33004599,1155,188,57,131,967,893,74
E33004600,430,140,48,92,290,264,26
E33004601,638,83,9,74,555,517,38
E33004602,964,182,32,150,782,715,67
E33004603,395,184,50,134,211,177,34
E33004604,423,39,9,30,384,323,61
E33004605,612,70,14,56,542,493,49
E33004606,1121,196,22,174,925,884,41
E33004607,2233,499,62,437,1734,1664,70
E33004608,1022,231,39,192,791,740,51
E33004609,704,178,49,129,526,479,47
E33004610,485,100,30,70,385,327,58
E33004611,1113,318,56,262,795,736,59
E33004612,1564,412,120,292,1152,1090,62
E33004613,786,183,55,128,603,568,35
E33004614,1503,288,58,230,1215,1154,61
E33004615,384,144,37,107,240,214,26
E33004616,355,136,61,75,219,183,36
E33004617,449,152,59,93,297,259,38
E33004618,317,66,23,43,251,212,39
E33004619,378,152,104,48,226,203,23
E33004620,507,225,86,139,282,256,26
E33004621,523,135,58,77,388,334,54
E33004622,284,101,26,75,183,156,27
E33004623,232,85,21,64,147,127,20
E33004624,120,16,2,14,104,82,22
E33004625,1735,351,60,291,1384,1266,118
E33004626,400,50,15,35,350,288,62
E33004627,267,63,16,47,204,177,27
E33004628,601,213,65,148,388,350,38
E33004629,392,130,36,94,262,234,28
E33004630,2044,315,62,253,1729,1587,142
E33004631,1717,243,46,197,1474,1269,205
E33004632,432,184,87,97,248,174,74
E33004633,292,99,24,75,193,148,45
E33004634,325,98,41,57,227,173,54
E33004635,313,81,28,53,232,182,50
E33004636,479,92,24,68,387,348,39
E33004637,309,134,66,68,175,136,39
E33004638,389,149,38,111,240,184,56
E33004639,554,278,75,203,276,251,25
E33004640,233,59,17,42,174,147,27
E33004641,256,61,29,32,195,153,42
E33004642,514,161,55,106,353,284,69
E33004643,335,166,54,112,169,132,37
E33004644,335,100,41,59,235,198,37
E33004645,351,102,40,62,249,206,43
E33004646,412,164,57,107,248,203,45
E33004647,246,63,13,50,183,154,29
E33004648,275,143,36,107,132,107,25
E33004649,297,135,46,89,162,137,25
E33004650,392,131,37,94,261,210,51
E33004651,332,96,35,61,236,180,56
E33004652,447,139,34,105,308,242,66
E33004653,416,157,47,110,259,230,29
E33004654,745,346,75,271,399,353,46
E33004655,245,70,23,47,175,158,17
E33004656,443,203,65,138,240,201,39
E33004657,286,113,34,79,173,131,42
E33004658,435,184,75,109,251,199,52
E33004659,371,166,52,114,205,142,63
E33004660,444,147,47,100,297,231,66
E33004661,264,103,24,79,161,133,28
E33004662,2229,1154,429,725,1075,977,98
E33004663,1582,398,135,263,1184,964,220
E33004664,1139,365,73,292,774,713,61
E33004665,239,88,27,61,151,123,28
E33004666,627,106,27,79,521,446,75
E33004667,367,137,40,97,230,191,39
E33004668,386,152,59,93,234,195,39
E33004669,505,187,62,125,318,246,72
E33004670,319,137,25,112,182,160,22
E33004671,293,105,33,72,188,151,37
E33004672,326,123,51,72,203,154,49
E33004673,681,150,55,95,531,415,116
E33004674,259,47,9,38,212,171,41
E33004675,331,113,32,81,218,174,44
E33004676,430,198,34,164,232,199,33
E33004677,363,154,52,102,209,170,39
E33004678,560,86,19,67,474,438,36
E33004679,385,129,26,103,256,236,20
E33004680,394,133,37,96,261,218,43
E33004681,465,207,43,164,258,201,57
E33004682,242,59,8,51,183,151,32
E33004683,311,109,26,83,202,185,17
E33004684,502,178,26,152,324,298,26
E33004685,301,69,11,58,232,197,35
E33004686,355,178,67,111,177,132,45
E33004687,241,110,49,61,131,92,39
E33004688,609,227,65,162,382,311,71
E33004689,258,92,20,72,166,141,25
E33004690,482,137,32,105,345,281,64
E33004691,619,239,51,188,380,352,28
E33004692,1027,142,37,105,885,809,76
E33004693,258,94,37,57,164,128,36
E33004694,1030,212,57,155,818,695,123
E33004695,254,111,36,75,143,116,27
E33004696,895,136,47,89,759,676,83
E33004697,654,285,82,203,369,340,29
E33004698,349,72,23,49,277,240,37
E33004699,347,125,31,94,222,192,30
E33004700,324,82,15,67,242,203,39
E33004701,279,78,16,62,201,170,31
E33004702,517,218,45,173,299,257,42
E33004703,789,215,49,166,574,515,59
E33004704,271,65,12,53,206,182,24
E33004705,719,204,47,157,515,480,35
E33004706,335,72,15,57,263,235,28
E33004707,387,114,31,83,273,239,34
E33004708,217,111,34,77,106,93,13
E33004709,209,64,21,43,145,123,22
E33004710,250,97,16,81,153,139,14
E33004711,226,86,13,73,140,132,8
E33004712,375,150,44,106,225,185,40
E33004713,412,184,32,152,228,193,35
E33004714,577,86,25,61,491,419,72
E33004715,295,118,30,88,177,144,33
E33004716,246,102,29,73,144,112,32
E33004717,316,103,29,74,213,180,33
E33004718,329,115,29,86,214,179,35
E33004719,297,103,25,78,194,169,25
E33004720,382,148,48,100,234,189,45
E33004721,317,112,34,78,205,165,40
E33004722,433,174,49,125,259,208,51
E33004723,374,92,23,69,282,241,41
E33004724,298,103,33,70,195,162,33
E33004725,615,132,50,82,483,395,88
E33004726,283,112,33,79,171,152,19
E33004727,396,85,28,57,311,262,49
E33004728,305,134,54,80,171,133,38
E33004729,488,165,48,117,323,257,66
E33004730,579,160,63,97,419,349,70
E33004731,350,157,53,104,193,144,49
E33004732,415,154,43,111,261,206,55
E33004733,297,154,52,102,143,128,15
E33004734,783,231,57,174,552,538,14
E33004735,481,166,37,129,315,285,30
E33004736,454,217,52,165,237,187,50
E33004737,642,112,35,77,530,476,54
E33004738,615,93,15,78,522,452,70
E33004739,248,58,20,38,190,169,21
E33004740,293,71,20,51,222,193,29
E33004741,432,94,38,56,338,290,48
E33004742,533,181,61,120,352,303,49
E33004743,270,114,26,88,156,126,30
E33004744,279,49,13,36,230,171,59
E33004745,272,119,34,85,153,129,24
E33004746,345,120,45,75,225,177,48
E33004747,248,114,45,69,134,111,23
E33004748,664,131,34,97,533,510,23
E33004749,352,100,23,77,252,221,31
E33004750,278,148,38,110,130,114,16
E33004751,342,117,21,96,225,187,38
E33004752,260,83,23,60,177,163,14
E33004753,286,86,36,50,200,158,42
E33004754,332,152,47,105,180,157,23
E33004755,283,115,37,78,168,128,40
E33004756,299,109,47,62,190,149,41
E33004757,261,75,28,47,186,142,44
E33004758,357,112,33,79,245,167,78
E33004759,462,186,39,147,276,221,55
E33004760,572,248,56,192,324,285,39
E33004761,314,114,46,68,200,157,43
E33004762,454,177,34,143,277,235,42
E33004763,275,106,25,81,169,141,28
E33004764,244,87,14,73,157,122,35
E33004765,389,108,23,85,281,258,23
E33004766,565,174,45,129,391,333,58
E33004767,379,59,19,40,320,254,66
E33004768,511,120,34,86,391,340,51
E33004769,330,104,45,59,226,182,44
E33004770,504,154,39,115,350,290,60
E33004771,544,169,60,109,375,304,71
E33004772,242,58,20,38,184,145,39
E33004773,311,118,34,84,193,155,38
E33004774,371,149,51,98,222,179,43
E33004775,503,162,44,118,341,276,65
E33004776,416,167,58,109,249,195,54
E33004777,736,209,71,138,527,442,85
E33004778,298,118,33,85,180,152,28
E33004779,515,236,82,154,279,239,40
E33004780,555,144,41,103,411,325,86
E33004781,344,62,25,37,282,243,39
E33004782,493,61,19,42,432,353,79
E33004783,297,93,29,64,204,156,48
E33004784,464,206,56,150,258,219,39
E33004785,273,59,17,42,214,187,27
E33004786,290,98,23,75,192,155,37
E33004787,311,131,27,104,180,152,28
E33004788,415,78,24,54,337,301,36
E33004789,384,200,44,156,184,159,25
E33004790,703,230,69,161,473,395,78
E33004791,322,135,40,95,187,151,36
E33004792,318,93,22,71,225,183,42
E33004793,664,94,18,76,570,446,124
E33004794,328,93,22,71,235,188,47
E33004795,307,88,37,51,219,172,47
E33004796,519,80,25,55,439,331,108
E33004797,288,112,21,91,176,149,27
E33004798,298,66,19,47,232,169,63
E33004799,300,118,47,71,182,142,40
E33004800,275,67,23,44,208,175,33
E33004801,298,95,43,52,203,149,54
E33004802,310,79,26,53,231,165,66
E33004803,494,215,83,132,279,216,63
E33004804,293,105,43,62,188,148,40
E33004805,248,56,21,35,192,156,36
E33004806,532,246,81,165,286,218,68
E33004807,563,190,70,120,373,298,75
E33004808,390,116,48,68,274,203,71
E33004809,386,170,72,98,216,168,48
E33004810,350,157,62,95,193,152,41
E33004811,407,156,43,113,251,208,43
E33004812,436,152,39,113,284,223,61
E33004813,324,72,39,33,252,192,60
E33004814,242,101,50,51,141,107,34
E33004815,461,139,53,86,322,263,59
E33004816,245,113,30,83,132,103,29
E33004817,322,98,37,61,224,166,58
E33004818,338,80,36,44,258,184,74
E33004819,402,156,36,120,246,198,48
E33004820,580,205,56,149,375,345,30
E33004821,301,97,25,72,204,171,33
E33004822,508,94,20,74,414,358,56
E33004823,278,109,37,72,169,147,22
E33004824,410,103,37,66,307,258,49
E33004825,294,110,33,77,184,155,29
E33004826,408,66,18,48,342,232,110
E33004827,302,110,43,67,192,153,39
E33004828,464,132,50,82,332,283,49
E33004829,396,109,45,64,287,230,57
E33004830,2526,836,131,705,1690,1567,123
E33004831,773,110,38,72,663,582,81
E33004832,376,58,14,44,318,241,77
E33004833,688,162,26,136,526,462,64
E33004834,411,82,17,65,329,260,69
E33004835,257,98,22,76,159,134,25
E33004836,563,142,30,112,421,356,65
E33004837,616,173,34,139,443,400,43
E33004838,315,125,28,97,190,139,51
E33004839,323,143,34,109,180,157,23
E33004840,418,95,29,66,323,274,49
E33004841,291,101,25,76,190,150,40
E33004842,321,85,28,57,236,197,39
E33004843,559,94,19,75,465,417,48
E33004844,259,84,24,60,175,137,38
E33004845,307,116,26,90,191,143,48
E33004846,232,106,18,88,126,108,18
E33004847,286,110,41,69,176,135,41
E33004848,513,220,71,149,293,225,68
E33004849,294,90,36,54,204,164,40
E33004850,336,144,51,93,192,144,48
E33004851,322,129,44,85,193,152,41
E33004852,282,83,23,60,199,169,30
E33004853,290,105,25,80,185,155,30
E33004854,337,188,53,135,149,127,22
E33004855,324,128,40,88,196,140,56
E33004856,336,82,33,49,254,201,53
E33004857,936,184,61,123,752,656,96
E33004858,282,101,28,73,181,146,35
E33004859,308,89,21,68,219,196,23
E33004860,624,162,50,112,462,377,85
E33004861,670,183,58,125,487,408,79
E33004862,304,84,23,61,220,182,38
E33004863,337,92,24,68,245,206,39
E33004864,450,190,61,129,260,202,58
E33004865,606,72,14,58,534,482,52
E33004866,546,113,25,88,433,352,81
E33004867,239,45,16,29,194,171,23
E33004868,197,55,13,42,142,124,18
E33004869,290,93,19,74,197,170,27
E33004870,352,100,32,68,252,187,65
E33004871,389,124,40,84,265,234,31
E33004872,599,181,71,110,418,346,72
E33004873,473,138,22,116,335,301,34
E33004874,583,250,58,192,333,286,47
E33004875,362,60,18,42,302,267,35
E33004876,334,123,30,93,211,172,39
E33004877,330,126,43,83,204,162,42
E33004878,312,118,44,74,194,148,46
E33004879,416,168,49,119,248,194,54
E33004880,600,290,70,220,310,275,35
E33004881,327,86,27,59,241,202,39
E33004882,377,108,34,74,269,220,49
E33004883,353,128,46,82,225,176,49
E33004884,253,89,30,59,164,119,45
E33004885,297,93,41,52,204,162,42
E33004886,494,200,81,119,294,195,99
E33004887,294,136,46,90,158,107,51
E33004888,272,127,38,89,145,116,29
E33004889,329,67,12,55,262,227,35
E33004890,455,80,18,62,375,323,52
E33004891,248,92,33,59,156,123,33
E33004892,535,69,21,48,466,351,115
E33004893,727,206,64,142,521,417,104
E33004894,385,165,50,115,220,179,41
E33004895,415,108,33,75,307,207,100
E33004896,332,145,32,113,187,149,38
E33004897,508,150,45,105,358,280,78
E33004898,294,144,57,87,150,127,23
E33004899,397,135,38,97,262,209,53
E33004900,551,193,58,135,358,293,65
E33004901,359,151,47,104,208,161,47
E33004902,347,91,24,67,256,198,58
E33004903,246,75,22,53,171,146,25
E33004904,286,95,32,63,191,147,44
E33004905,226,79,23,56,147,129,18
E33004906,570,154,31,123,416,364,52
E33004907,373,106,34,72,267,191,76
E33004908,336,81,18,63,255,199,56
E33004909,670,271,71,200,399,351,48
E33004910,419,206,42,164,213,184,29
E33004911,302,119,38,81,183,138,45
E33004912,323,164,37,127,159,132,27
E33004913,365,123,24,99,242,223,19
E33004914,275,127,50,77,148,137,11
E33004915,356,164,50,114,192,157,35
E33004916,411,190,54,136,221,194,27
E33004917,641,210,44,166,431,387,44
E33004918,321,117,32,85,204,172,32
E33004919,361,111,34,77,250,190,60
E33004920,487,128,32,96,359,304,55
E33004921,310,91,18,73,219,183,36
E33004922,339,123,36,87,216,172,44
E33004923,434,69,17,52,365,322,43
E33004924,279,107,29,78,172,150,22
E33004925,298,78,25,53,220,188,32
E33004926,266,88,23,65,178,138,40
E33004927,345,128,38,90,217,191,26
E33004928,478,172,48,124,306,256,50
E33004929,307,66,15,51,241,195,46
E33004930,324,101,36,65,223,197,26
E33004931,363,155,59,96,208,169,39
E33004932,466,218,69,149,248,203,45
E33004933,315,99,25,74,216,163,53
E33004934,271,93,26,67,178,151,27
E33004935,440,154,36,118,286,234,52
E33004936,385,99,27,72,286,234,52
E33004937,406,85,16,69,321,295,26
E33004938,490,149,45,104,341,284,57
E33004939,391,126,31,95,265,230,35
E33004940,597,296,57,239,301,260,41
E33004941,470,193,86,107,277,242,35
E33004942,363,125,31,94,238,212,26
E33004943,301,107,28,79,194,165,29
E33004944,404,122,42,80,282,216,66
E33004945,463,204,65,139,259,211,48
E33004946,286,120,24,96,166,148,18
E33004947,850,361,117,244,489,412,77
E33004948,709,144,48,96,565,488,77
E33004949,831,273,81,192,558,475,83
E33004950,302,131,26,105,171,147,24
E33004951,431,134,31,103,297,244,53
E33004952,491,149,47,102,342,290,52
E33004953,398,115,33,82,283,238,45
E33004954,261,52,15,37,209,167,42
E33004955,353,105,31,74,248,227,21
E33004956,360,61,17,44,299,251,48
E33004957,427,122,25,97,305,257,48
E33004958,317,108,37,71,209,178,31
E33004959,429,169,61,108,260,218,42
E33004960,451,151,42,109,300,259,41
E33004961,368,108,15,93,260,243,17
E33004962,407,102,32,70,305,260,45
E33004963,297,49,16,33,248,189,59
E33004964,283,95,33,62,188,162,26
E33004965,490,144,34,110,346,295,51
E33004966,388,99,24,75,289,252,37
E33004967,239,62,20,42,177,137,40
E33004968,625,78,20,58,547,493,54
E33004969,321,82,24,58,239,211,28
E33004970,267,86,34,52,181,148,33
E33004971,484,147,26,121,337,309,28
E33004972,400,91,32,59,309,241,68
E33004973,243,93,18,75,150,134,16
E33004974,574,116,37,79,458,365,93
E33004975,432,170,53,117,262,227,35
E33004976,353,84,15,69,269,246,23
E33004977,278,129,40,89,149,123,26
E33004978,658,86,28,58,572,509,63
E33004979,179,75,14,61,104,84,20
E33004980,613,183,39,144,430,386,44
E33004981,270,123,29,94,147,128,19
E33004982,602,205,63,142,397,346,51
E33004983,690,189,50,139,501,453,48
E33004984,434,114,26,88,320,299,21
E33004985,343,118,46,72,225,197,28
E33004986,402,84,28,56,318,265,53
E33004987,352,134,79,55,218,182,36
E33004988,432,170,49,121,262,229,33
E33004989,393,157,60,97,236,215,21
E33004990,395,137,39,98,258,234,24
E33004991,767,124,35,89,643,545,98
E33004992,651,164,50,114,487,428,59
E33004993,416,209,78,131,207,188,19
E33004994,541,159,46,113,382,359,23
E33004995,388,95,26,69,293,246,47
E33004996,598,165,52,113,433,414,19
E33004997,727,181,45,136,546,475,71
E33004998,668,178,35,143,490,441,49
E33004999,570,185,50,135,385,314,71
E33005000,275,99,29,70,176,151,25
E33005001,514,217,54,163,297,228,69
E33005002,636,90,44,46,546,465,81
E33005003,224,83,37,46,141,123,18
E33005004,458,251,60,191,207,173,34
E33005005,291,156,88,68,135,118,17
E33005006,287,103,49,54,184,152,32
E33005007,281,130,59,71,151,121,30
E33005008,363,119,30,89,244,226,18
E33005009,252,86,20,66,166,156,10
E33005010,564,169,47,122,395,341,54
E33005011,468,192,48,144,276,232,44
E33005012,406,176,48,128,230,203,27
E33005013,441,115,23,92,326,299,27
E33005014,288,143,38,105,145,122,23
E33005015,276,103,29,74,173,151,22
E33005016,556,213,58,155,343,303,40
E33005017,336,143,54,89,193,166,27
E33005018,418,206,78,128,212,156,56
E33005019,520,184,48,136,336,269,67
E33005020,353,157,65,92,196,165,31
E33005021,249,64,19,45,185,144,41
E33005022,298,115,22,93,183,170,13
E33005023,330,141,46,95,189,163,26
E33005024,346,157,81,76,189,153,36
E33005025,315,94,42,52,221,192,29
E33005026,261,128,41,87,133,98,35
E33005027,467,209,66,143,258,228,30
E33005028,290,89,33,56,201,178,23
E33005029,336,164,59,105,172,137,35
E33005030,468,111,33,78,357,273,84
E33005031,456,169,44,125,287,244,43
E33005032,747,392,78,314,355,311,44
E33005033,565,181,41,140,384,342,42
E33005034,352,110,24,86,242,192,50
E33005035,532,210,75,135,322,249,73
E33005036,465,154,49,105,311,237,74
E33005037,335,116,29,87,219,186,33
E33005038,316,126,36,90,190,164,26
E33005039,301,100,33,67,201,173,28
E33005040,634,201,60,141,433,370,63
E33005041,267,98,40,58,169,122,47
E33005042,315,106,38,68,209,184,25
E33005043,799,227,62,165,572,445,127
E33005044,306,109,28,81,197,149,48
E33005045,379,183,57,126,196,168,28
E33005046,608,124,22,102,484,446,38
E33005047,269,98,27,71,171,144,27
E33005048,609,268,76,192,341,273,68
E33005049,364,156,40,116,208,175,33
E33005050,360,120,28,92,240,195,45
E33005051,383,150,35,115,233,202,31
E33005052,291,107,41,66,184,155,29
E33005053,238,144,86,58,94,77,17
E33005054,302,158,55,103,144,116,28
E33005055,240,109,55,54,131,110,21
E33005056,312,144,71,73,168,122,46
E33005057,428,194,72,122,234,210,24
E33005058,520,295,173,122,225,186,39
E33005059,598,214,78,136,384,311,73
E33005060,474,186,61,125,288,235,53
E33005061,578,267,90,177,311,250,61
E33005062,296,97,17,80,199,170,29
E33005063,339,122,39,83,217,189,28
E33005064,357,123,37,86,234,202,32
E33005065,434,145,34,111,289,247,42
E33005066,455,138,56,82,317,238,79
E33005067,328,125,40,85,203,177,26
E33005068,413,165,72,93,248,203,45
E33005069,429,144,37,107,285,250,35
E33005070,494,210,99,111,284,231,53
E33005071,1399,611,291,320,788,678,110
E33005072,415,144,47,97,271,216,55
E33005073,320,79,30,49,241,174,67
E33005074,364,130,39,91,234,197,37
E33005075,298,107,53,54,191,148,43
E33005076,418,169,58,111,249,223,26
E33005077,394,132,50,82,262,209,53
E33005078,442,177,61,116,265,229,36
E33005079,505,176,54,122,329,277,52
E33005080,752,267,86,181,485,410,75
E33005081,821,200,46,154,621,558,63
E33005082,401,97,24,73,304,249,55
E33005083,592,215,48,167,377,340,37
E33005084,254,76,25,51,178,155,23
E33005085,411,167,62,105,244,207,37
E33005086,406,160,68,92,246,202,44
E33005087,485,224,62,162,261,219,42
E33005088,341,155,59,96,186,164,22
E33005089,409,179,53,126,230,188,42
E33005090,350,137,47,90,213,172,41
E33005091,1112,330,92,238,782,676,106
E33005092,779,188,36,152,591,519,72
E33005093,515,181,48,133,334,291,43
E33005094,305,121,22,99,184,153,31
E33005095,236,72,22,50,164,140,24
E33005096,359,154,75,79,205,183,22
E33005097,372,122,51,71,250,191,59
E33005098,318,97,42,55,221,159,62
E33005099,284,100,46,54,184,150,34
E33005100,290,98,44,54,192,157,35
E33005101,273,80,32,48,193,160,33
E33005102,316,101,44,57,215,178,37
E33005103,769,249,68,181,520,474,46
E33005104,389,139,46,93,250,192,58
E33005105,355,105,30,75,250,207,43
E33005106,575,222,60,162,353,288,65
E33005107,322,135,51,84,187,154,33
E33005108,324,96,32,64,228,181,47
E33005109,596,114,48,66,482,356,126
E33005110,421,109,22,87,312,266,46
E33005111,294,97,33,64,197,166,31
E33005112,547,175,41,134,372,318,54
E33005113,452,212,77,135,240,199,41
E33005114,438,93,22,71,345,323,22
E33005115,221,61,17,44,160,140,20
E33005116,560,71,20,51,489,432,57
E33005117,274,110,30,80,164,131,33
E33005118,220,39,15,24,181,167,14
E33005119,588,121,40,81,467,414,53
E33005120,317,119,37,82,198,164,34
E33005121,307,91,15,76,216,186,30
E33005122,289,74,18,56,215,173,42
E33005123,307,122,49,73,185,165,20
E33005124,866,262,76,186,604,517,87
E33005125,307,114,17,97,193,180,13
E33005126,836,255,66,189,581,508,73
E33005127,401,142,28,114,259,226,33
E33005128,341,85,21,64,256,227,29
E33005129,330,113,25,88,217,196,21
E33005130,331,98,34,64,233,174,59
E33005131,373,113,32,81,260,241,19
E33005132,282,62,22,40,220,203,17
E33005133,307,116,23,93,191,163,28
E33005134,306,100,15,85,206,186,20
E33005135,655,183,62,121,472,395,77
E33005136,344,102,30,72,242,211,31
E33005137,485,80,22,58,405,343,62
E33005138,373,135,39,96,238,217,21
E33005139,934,127,16,111,807,748,59
E33005140,1378,177,36,141,1201,1053,148
E33005141,503,71,13,58,432,309,123
E33005142,610,235,72,163,375,298,77
E33005143,351,106,24,82,245,201,44
E33005144,388,135,55,80,253,198,55
E33005145,399,119,38,81,280,208,72
E33005146,391,80,28,52,311,261,50
E33005147,1749,572,169,403,1177,1081,96
E33005148,337,73,26,47,264,215,49
E33005149,256,79,22,57,177,150,27
E33005150,369,98,25,73,271,216,55
E33005151,328,110,17,93,218,191,27
E33005152,353,110,39,71,243,187,56
E33005153,425,187,62,125,238,185,53
E33005154,268,94,38,56,174,128,46
E33005155,472,158,57,101,314,248,66
E33005156,323,114,27,87,209,162,47
E33005157,296,80,34,46,216,172,44
E33005158,440,116,32,84,324,242,82
E33005159,323,89,24,65,234,199,35
E33005160,273,41,10,31,232,152,80
E33005161,365,131,40,91,234,201,33
E33005162,437,155,72,83,282,198,84
E33005163,595,200,77,123,395,299,96
E33005164,425,127,37,90,298,240,58
E33005165,271,75,22,53,196,171,25
E33005166,465,137,42,95,328,262,66
E33005167,964,544,260,284,420,384,36
E33005168,570,91,23,68,479,434,45
E33005169,568,156,39,117,412,351,61
E33005170,412,182,57,125,230,193,37
E33005171,546,186,45,141,360,318,42
E33005172,307,105,24,81,202,180,22
E33005173,822,163,34,129,659,556,103
E33005174,192,62,28,34,130,114,16
E33005175,514,191,63,128,323,247,76
E33005176,561,177,60,117,384,295,89
E33005177,978,221,65,156,757,701,56
E33005178,403,90,31,59,313,253,60
E33005179,472,183,40,143,289,235,54
E33005180,400,142,35,107,258,210,48
E33005181,650,115,22,93,535,508,27
E33005182,537,205,47,158,332,277,55
E33005183,282,98,41,57,184,130,54
E33005184,307,103,41,62,204,150,54
E33005185,501,203,84,119,298,226,72
E33005186,252,93,38,55,159,123,36
E33005187,327,94,34,60,233,182,51
E33005188,402,124,14,110,278,254,24
E33005189,246,71,26,45,175,145,30
E33005190,439,99,20,79,340,302,38
E33005191,335,72,25,47,263,212,51
E33005192,325,86,33,53,239,170,69
E33005193,378,66,24,42,312,242,70
E33005194,398,129,35,94,269,222,47
E33005195,425,201,60,141,224,204,20
E33005196,340,137,32,105,203,173,30
E33005197,281,119,30,89,162,135,27
E33005198,251,81,22,59,170,146,24
E33005199,498,160,60,100,338,293,45
E33005200,273,84,34,50,189,158,31
E33005201,353,80,28,52,273,243,30
E33005202,260,50,16,34,210,147,63
E33005203,486,119,41,78,367,313,54
E33005204,398,116,29,87,282,265,17
E33005205,454,212,56,156,242,208,34
E33005206,417,173,25,148,244,194,50
E33005207,305,116,21,95,189,160,29
E33005208,421,98,35,63,323,275,48
E33005209,330,118,39,79,212,171,41
E33005210,331,115,28,87,216,169,47
E33005211,357,139,36,103,218,171,47
E33005212,288,90,30,60,198,163,35
E33005213,752,260,84,176,492,430,62
E33005214,286,113,41,72,173,133,40
E33005215,423,159,54,105,264,200,64
E33005216,326,111,43,68,215,181,34
E33005217,287,90,37,53,197,148,49
E33005218,246,63,21,42,183,146,37
E33005219,342,124,60,64,218,160,58
E33005220,271,108,29,79,163,127,36
E33005221,332,108,25,83,224,196,28
E33005222,285,110,20,90,175,164,11
E33005223,409,198,56,142,211,174,37
E33005224,374,146,32,114,228,189,39
E33005225,502,179,42,137,323,306,17
E33005226,278,69,17,52,209,187,22
E33005227,485,115,44,71,370,333,37
E33005228,896,240,44,196,656,599,57
E33005229,563,204,55,149,359,317,42
E33005230,448,160,49,111,288,262,26
E33005231,302,90,31,59,212,184,28
E33005232,344,116,35,81,228,180,48
E33005233,434,132,34,98,302,254,48
E33005234,250,86,26,60,164,131,33
E33005235,379,112,32,80,267,205,62
E33005236,268,41,15,26,227,163,64
E33005237,434,120,38,82,314,263,51
E33005238,353,118,27,91,235,201,34
E33005239,336,82,20,62,254,228,26
E33005240,1409,489,45,444,920,829,91
E33005241,520,157,57,100,363,339,24
E33005242,295,116,19,97,179,145,34
E33005243,499,111,22,89,388,346,42
E33005244,666,119,38,81,547,492,55
E33005245,261,85,13,72,176,150,26
E33005246,254,87,22,65,167,133,34
E33005247,235,67,20,47,168,140,28
E33005248,365,126,28,98,239,207,32
E33005249,500,170,37,133,330,283,47
E33005250,671,137,38,99,534,421,113
E33005251,688,109,25,84,579,499,80
E33005252,314,102,33,69,212,175,37
E33005253,445,181,48,133,264,227,37
E33005254,670,222,64,158,448,406,42
E33005255,248,53,16,37,195,159,36
E33005256,376,117,31,86,259,225,34
E33005257,248,99,32,67,149,116,33
E33005258,418,86,24,62,332,299,33
E33005259,531,154,56,98,377,289,88
E33005260,304,65,15,50,239,195,44
E33005261,470,148,63,85,322,258,64
E33005262,286,101,35,66,185,154,31
E33005263,671,84,22,62,587,499,88
E33005264,652,172,39,133,480,402,78
E33005265,407,183,50,133,224,192,32
E33005266,315,69,21,48,246,196,50
E33005267,419,52,16,36,367,324,43
E33005268,436,90,23,67,346,289,57
E33005269,564,173,58,115,391,316,75
E33005270,215,84,40,44,131,95,36
E33005271,385,132,37,95,253,204,49
E33005272,307,132,34,98,175,140,35
E33005273,532,128,31,97,404,316,88
E33005274,309,93,23,70,216,189,27
E33005275,412,120,25,95,292,273,19
E33005276,819,265,53,212,554,471,83
E33005277,313,101,24,77,212,184,28
E33005278,294,101,41,60,193,152,41
E33005279,437,155,45,110,282,237,45
E33005280,445,117,31,86,328,285,43
E33005281,1076,246,41,205,830,771,59
E33005282,294,59,27,32,235,197,38
E33005283,363,116,45,71,247,195,52
E33005284,358,125,69,56,233,171,62
E33005285,361,60,15,45,301,233,68
E33005286,430,140,59,81,290,224,66
E33005287,358,138,47,91,220,186,34
E33005288,410,146,48,98,264,205,59
E33005289,256,91,24,67,165,133,32
E33005290,305,111,34,77,194,148,46
E33005291,264,86,21,65,178,150,28
E33005292,348,129,26,103,219,204,15
E33005293,336,105,35,70,231,201,30
E33005294,243,98,21,77,145,132,13
E33005295,393,96,25,71,297,207,90
E33005296,355,127,26,101,228,192,36
E33005297,274,106,40,66,168,131,37
E33005298,605,204,41,163,401,369,32
E33005299,265,129,26,103,136,124,12
E33005300,251,69,14,55,182,146,36
E33005301,265,111,35,76,154,133,21
E33005302,406,126,43,83,280,246,34
E33005303,238,97,20,77,141,122,19
E33005304,429,89,22,67,340,302,38
E33005305,363,108,18,90,255,222,33
E33005306,1317,453,66,387,864,810,54
E33005307,492,196,43,153,296,254,42
E33005308,283,112,27,85,171,150,21
E33005309,598,234,57,177,364,289,75
E33005310,369,125,29,96,244,209,35
E33005311,309,84,16,68,225,201,24
E33005312,220,73,12,61,147,133,14
E33005313,287,125,28,97,162,128,34
E33005314,329,127,62,65,202,158,44
E33005315,299,125,57,68,174,125,49
E33005316,367,145,57,88,222,189,33
E33005317,291,101,16,85,190,165,25
E33005318,491,244,59,185,247,223,24
E33005319,598,222,58,164,376,304,72
E33005320,402,150,56,94,252,200,52
E33005321,265,87,19,68,178,146,32
E33005322,350,84,28,56,266,206,60
E33005323,297,95,20,75,202,178,24
E33005324,281,81,20,61,200,157,43
E33005325,285,110,24,86,175,147,28
E33005326,317,62,20,42,255,227,28
E33005327,527,149,51,98,378,302,76
E33005328,336,92,38,54,244,188,56
E33005329,427,109,26,83,318,256,62
E33005330,355,113,37,76,242,197,45
E33005331,332,168,46,122,164,141,23
E33005332,276,149,22,127,127,108,19
E33005333,398,199,45,154,199,174,25
E33005334,583,132,35,97,451,388,63
E33005335,333,102,23,79,231,186,45
E33005336,359,124,32,92,235,203,32
E33005337,411,125,46,79,286,221,65
E33005338,371,91,23,68,280,233,47
E33005339,304,99,27,72,205,165,40
E33005340,256,98,16,82,158,139,19
E33005341,558,140,44,96,418,352,66
E33005342,303,111,44,67,192,163,29
E33005343,377,148,38,110,229,186,43
E33005344,406,151,30,121,255,205,50
E33005345,258,96,33,63,162,122,40
E33005346,527,130,27,103,397,322,75
E33005347,466,208,65,143,258,231,27
E33005348,614,98,23,75,516,422,94
E33005349,244,75,7,68,169,130,39
E33005350,625,200,48,152,425,387,38
E33005351,582,172,36,136,410,372,38
E33005352,428,141,12,129,287,234,53
E33005353,353,123,29,94,230,189,41
E33005354,274,106,30,76,168,147,21
E33005355,333,107,25,82,226,176,50
E33005356,322,79,22,57,243,197,46
E33005357,390,151,34,117,239,210,29
E33005358,373,145,32,113,228,184,44
E33005359,409,147,47,100,262,216,46
E33005360,444,88,20,68,356,311,45
E33005361,339,78,13,65,261,220,41
E33005362,394,110,43,67,284,223,61
E33005363,278,102,32,70,176,150,26
E33005364,336,119,20,99,217,182,35
E33005365,354,112,27,85,242,203,39
E33005366,625,210,65,145,415,338,77
E33005367,306,105,31,74,201,171,30
E33005368,333,109,26,83,224,171,53
E33005369,445,184,52,132,261,216,45
E33005370,251,107,21,86,144,124,20
E33005371,488,146,39,107,342,279,63
E33005372,380,123,34,89,257,212,45
E33005373,831,108,31,77,723,646,77
E33005374,364,101,32,69,263,221,42
E33005375,293,84,19,65,209,165,44
E33005376,339,59,16,43,280,228,52
E33005377,273,108,30,78,165,139,26
E33005378,1171,188,48,140,983,895,88
E33005379,370,140,31,109,230,196,34
E33005380,317,100,12,88,217,195,22
E33005381,380,86,32,54,294,269,25
E33005382,362,54,8,46,308,239,69
E33005383,293,95,20,75,198,168,30
E33005384,422,61,14,47,361,323,38
E33005385,401,178,65,113,223,173,50
E33005386,580,218,69,149,362,280,82
E33005387,362,122,50,72,240,195,45
E33005388,633,164,40,124,469,419,50
E33005389,553,136,32,104,417,360,57
E33005390,352,119,33,86,233,197,36
E33005391,460,168,54,114,292,245,47
E33005392,307,82,12,70,225,190,35
E33005393,343,144,34,110,199,155,44
E33005394,655,330,76,254,325,291,34
E33005395,251,67,23,44,184,165,19
E33005396,319,45,21,24,274,183,91
E33005397,341,107,32,75,234,191,43
E33005398,464,119,28,91,345,265,80
E33005399,1561,286,66,220,1275,1090,185
E33005400,431,140,44,96,291,247,44
E33005401,258,84,30,54,174,139,35
E33005402,534,176,44,132,358,303,55
E33005403,457,73,35,38,384,298,86
E33005404,251,100,48,52,151,111,40
E33005405,517,163,49,114,354,295,59
E33005406,389,135,44,91,254,212,42
E33005407,612,164,57,107,448,371,77
E33005408,293,89,24,65,204,161,43
E33005409,664,190,54,136,474,390,84
E33005410,462,158,42,116,304,272,32
E33005411,353,96,32,64,257,205,52
E33005412,518,126,39,87,392,307,85
E33005413,333,64,14,50,269,208,61
E33005414,344,85,32,53,259,198,61
E33005415,276,91,24,67,185,149,36
E33005416,281,67,12,55,214,177,37
E33005417,315,108,26,82,207,178,29
E33005418,408,103,15,88,305,282,23
E33005419,227,103,36,67,124,110,14
E33005420,337,213,46,167,124,99,25
E33005421,407,247,62,185,160,132,28
E33005422,232,134,29,105,98,85,13
E33005423,290,207,53,154,83,71,12
E33005424,402,154,34,120,248,216,32
E33005425,681,278,92,186,403,324,79
E33005426,341,122,40,82,219,184,35
E33005427,304,83,18,65,221,193,28
E33005428,276,115,31,84,161,141,20
E33005429,322,93,16,77,229,196,33
E33005430,538,182,43,139,356,305,51
E33005431,306,90,24,66,216,195,21
E33005432,396,104,30,74,292,257,35
E33005433,354,109,39,70,245,197,48
E33005434,564,199,72,127,365,300,65
E33005435,389,132,51,81,257,201,56
E33005436,340,113,45,68,227,166,61
E33005437,308,113,50,63,195,150,45
E33005438,231,72,30,42,159,114,45
E33005439,409,141,64,77,268,194,74
E33005440,308,110,19,91,198,158,40
E33005441,325,84,21,63,241,199,42
E33005442,295,106,30,76,189,156,33
E33005443,227,45,22,23,182,147,35
E33005444,303,88,38,50,215,154,61
E33005445,359,124,48,76,235,199,36
E33005446,327,92,37,55,235,195,40
E33005447,940,140,31,109,800,682,118
E33005448,255,74,20,54,181,139,42
E33005449,298,133,49,84,165,133,32
E33005450,219,80,12,68,139,128,11
E33005451,294,135,45,90,159,116,43
E33005452,289,94,25,69,195,166,29
E33005453,360,211,44,167,149,121,28
E33005454,624,288,63,225,336,284,52
E33005455,261,75,21,54,186,149,37
E33005456,316,238,58,180,78,66,12
E33005457,326,66,22,44,260,222,38
E33005458,674,174,55,119,500,420,80
E33005459,283,105,34,71,178,153,25
E33005460,825,213,63,150,612,522,90
E33005461,243,76,16,60,167,141,26
E33005462,538,159,41,118,379,312,67
E33005463,330,158,36,122,172,148,24
E33005464,378,139,31,108,239,184,55
E33005465,286,116,23,93,170,132,38
E33005466,594,157,48,109,437,355,82
E33005467,448,119,41,78,329,268,61
E33005468,403,163,44,119,240,204,36
E33005469,775,151,45,106,624,507,117
E33005470,429,117,23,94,312,256,56
E33005471,522,73,19,54,449,354,95
E33005472,732,140,26,114,592,555,37
E33005473,535,194,41,153,341,293,48
E33005474,243,76,17,59,167,149,18
E33005475,320,116,38,78,204,152,52
E33005476,318,110,39,71,208,172,36
E33005477,282,114,45,69,168,137,31
E33005478,286,86,19,67,200,163,37
E33005479,411,111,32,79,300,275,25
E33005480,1240,310,71,239,930,873,57
E33005481,287,67,21,46,220,199,21
E33005482,277,100,14,86,177,157,20
E33005483,5940,1492,214,1278,4448,3983,465
E33005484,301,59,25,34,242,201,41
E33005485,1395,139,35,104,1256,1129,127
E33005486,324,107,25,82,217,184,33
E33005487,431,112,39,73,319,268,51
E33005488,310,59,17,42,251,208,43
E33005489,1216,304,74,230,912,784,128
E33005490,564,148,44,104,416,329,87
E33005491,256,75,17,58,181,158,23
E33005492,322,142,16,126,180,159,21
E33005493,329,78,34,44,251,203,48
E33005494,698,121,27,94,577,535,42
E33005495,387,159,70,89,228,183,45
E33005496,450,82,28,54,368,302,66
E33005497,406,92,27,65,314,260,54
E33005498,340,128,47,81,212,172,40
E33005499,364,122,45,77,242,200,42
E33005500,264,94,19,75,170,140,30
E33005501,395,75,33,42,320,285,35
E33005502,286,125,37,88,161,133,28
E33005503,556,152,33,119,404,372,32
E33005504,285,98,35,63,187,158,29
E33005505,410,81,23,58,329,295,34
E33005506,260,79,22,57,181,143,38
E33005507,428,129,35,94,299,250,49
E33005508,232,44,15,29,188,160,28
E33005509,434,174,45,129,260,213,47
E33005510,367,121,41,80,246,204,42
E33005511,284,72,20,52,212,186,26
E33005512,329,51,18,33,278,236,42
E33005513,257,84,25,59,173,137,36
E33005514,374,94,32,62,280,208,72
E33005515,719,175,72,103,544,399,145
E33005516,393,136,20,116,257,228,29
E33005517,409,71,31,40,338,280,58
E33005518,958,284,109,175,674,572,102
E33005519,875,176,25,151,699,656,43
E33005520,237,56,12,44,181,148,33
E33005521,255,40,12,28,215,191,24
E33005522,455,102,36,66,353,317,36
E33005523,652,89,15,74,563,500,63
E33005524,355,89,32,57,266,205,61
E33005525,348,39,10,29,309,277,32
E33005526,1469,246,18,228,1223,1151,72
E33005527,252,57,19,38,195,165,30
E33005528,1866,296,66,230,1570,1449,121
E33005529,830,181,53,128,649,549,100
E33005530,874,131,29,102,743,673,70
E33005531,735,84,18,66,651,549,102
E33005532,406,192,42,150,214,174,40
E33005533,392,128,40,88,264,204,60
E33005534,374,157,56,101,217,163,54
E33005535,806,213,55,158,593,486,107
E33005536,314,118,32,86,196,135,61
E33005537,336,96,32,64,240,186,54
E33005538,390,157,37,120,233,196,37
E33005539,384,66,25,41,318,244,74
E33005540,775,70,19,51,705,640,65
E33005541,313,102,38,64,211,155,56
E33005542,429,149,44,105,280,219,61
E33005543,527,185,52,133,342,287,55
E33005544,559,175,38,137,384,324,60
E33005545,501,88,25,63,413,312,101
E33005546,497,185,56,129,312,247,65
E33005547,342,105,27,78,237,188,49
E33005548,563,161,41,120,402,336,66
E33005549,625,237,58,179,388,338,50
E33005550,555,122,36,86,433,345,88
E33005551,299,58,13,45,241,215,26
E33005552,334,124,43,81,210,159,51
E33005553,517,111,24,87,406,338,68
E33005554,273,101,26,75,172,155,17
E33005555,253,85,16,69,168,147,21
E33005556,309,121,25,96,188,167,21
E33005557,288,115,45,70,173,124,49
E33005558,461,201,73,128,260,210,50
E33005559,291,54,21,33,237,165,72
E33005560,389,151,48,103,238,202,36
E33005561,240,104,27,77,136,115,21
E33005562,277,82,25,57,195,146,49
E33005563,266,102,23,79,164,143,21
E33005564,420,150,48,102,270,215,55
E33005565,363,103,19,84,260,226,34
E33005566,318,87,44,43,231,199,32
E33005567,370,92,28,64,278,231,47
E33005568,226,101,25,76,125,103,22
E33005569,284,93,22,71,191,159,32
E33005570,447,98,39,59,349,278,71
E33005571,316,122,48,74,194,143,51
E33005572,360,177,63,114,183,151,32
E33005573,403,151,60,91,252,190,62
E33005574,339,119,31,88,220,178,42
E33005575,336,100,32,68,236,195,41
E33005576,409,93,36,57,316,264,52
E33005577,351,96,36,60,255,197,58
E33005578,316,133,38,95,183,150,33
E33005579,565,224,58,166,341,285,56
E33005580,284,108,30,78,176,150,26
E33005581,964,103,38,65,861,753,108
E33005582,1036,124,23,101,912,795,117
E33005583,334,153,71,82,181,148,33
E33005584,354,150,50,100,204,169,35
E33005585,358,105,30,75,253,201,52
E33005586,533,179,70,109,354,300,54
E33005587,310,103,46,57,207,161,46
E33005588,387,69,14,55,318,275,43
E33005589,351,131,46,85,220,184,36
E33005590,278,75,31,44,203,178,25
E33005591,347,103,39,64,244,197,47
E33005592,259,84,34,50,175,135,40
E33005593,362,129,39,90,233,183,50
E33005594,557,225,59,166,332,288,44
E33005595,325,115,36,79,210,157,53
E33005596,317,128,47,81,189,150,39
E33005597,302,124,40,84,178,147,31
E33005598,623,196,71,125,427,354,73
E33005599,548,243,89,154,305,246,59
E33005600,311,105,29,76,206,170,36
E33005601,636,256,103,153,380,326,54
E33005602,2283,382,72,310,1901,1730,171
E33005603,714,144,26,118,570,520,50
E33005604,372,201,85,116,171,135,36
E33005605,215,50,12,38,165,144,21
E33005606,238,82,19,63,156,122,34
E33005607,853,275,88,187,578,500,78
E33005608,376,116,28,88,260,228,32
E33005609,294,106,21,85,188,157,31
E33005610,448,155,43,112,293,234,59
E33005611,429,168,72,96,261,214,47
E33005612,314,135,37,98,179,135,44
E33005613,521,139,50,89,382,307,75
E33005614,317,133,54,79,184,152,32
E33005615,288,124,61,63,164,106,58
E33005616,484,189,76,113,295,233,62
E33005617,337,93,29,64,244,180,64
E33005618,938,144,28,116,794,742,52
E33005619,854,379,137,242,475,413,62
E33005620,271,93,34,59,178,149,29
E33005621,389,150,45,105,239,196,43
E33005622,610,146,24,122,464,411,53
E33005623,460,85,29,56,375,329,46
E33005624,308,115,52,63,193,157,36
E33005625,522,137,43,94,385,318,67
E33005626,400,53,11,42,347,252,95
E33005627,427,128,45,83,299,254,45
E33005628,342,122,48,74,220,182,38
E33005629,429,137,34,103,292,252,40
E33005630,302,111,42,69,191,166,25
E33005631,292,93,27,66,199,166,33
E33005632,546,247,99,148,299,250,49
E33005633,243,93,33,60,150,115,35
E33005634,242,75,24,51,167,111,56
E33005635,324,108,42,66,216,163,53
E33005636,317,154,44,110,163,127,36
E33005637,282,129,23,106,153,135,18
E33005638,437,143,60,83,294,258,36
E33005639,432,116,44,72,316,234,82
E33005640,276,86,35,51,190,136,54
E33005641,904,182,54,128,722,648,74
E33005642,440,119,41,78,321,263,58
E33005643,309,72,24,48,237,182,55
E33005644,326,78,25,53,248,217,31
E33005645,625,267,82,185,358,302,56
E33005646,238,87,24,63,151,117,34
E33005647,358,151,34,117,207,174,33
E33005648,408,139,29,110,269,239,30
E33005649,267,94,36,58,173,134,39
E33005650,273,50,18,32,223,192,31
E33005651,290,73,17,56,217,165,52
E33005652,299,104,39,65,195,152,43
E33005653,292,122,43,79,170,127,43
E33005654,368,158,31,127,210,177,33
E33005655,464,92,24,68,372,337,35
E33005656,733,160,48,112,573,505,68
E33005657,285,98,32,66,187,146,41
E33005658,296,110,30,80,186,146,40
E33005659,592,209,67,142,383,273,110
E33005660,359,145,42,103,214,168,46
E33005661,375,112,31,81,263,220,43
E33005662,450,109,31,78,341,284,57
E33005663,730,257,99,158,473,407,66
E33005664,288,119,45,74,169,130,39
E33005665,426,120,49,71,306,237,69
E33005666,356,151,60,91,205,144,61
E33005667,446,180,54,126,266,216,50
E33005668,263,59,32,27,204,165,39
E33005669,545,136,48,88,409,325,84
E33005670,293,96,44,52,197,171,26
E33005671,273,110,43,67,163,134,29
E33005672,762,284,93,191,478,418,60
E33005673,301,118,37,81,183,139,44
E33005674,319,95,35,60,224,165,59
E33005675,321,115,38,77,206,163,43
E33005676,553,248,86,162,305,250,55
E33005677,284,113,40,73,171,145,26
E33005678,235,113,25,88,122,103,19
E33005679,543,133,54,79,410,357,53
E33005680,276,82,31,51,194,163,31
E33005681,331,115,36,79,216,158,58
E33005682,337,161,65,96,176,119,57
E33005683,248,109,43,66,139,103,36
E33005684,238,99,37,62,139,113,26
E33005685,478,198,68,130,280,218,62
E33005686,307,144,59,85,163,129,34
E33005687,357,61,23,38,296,251,45
E33005688,318,123,44,79,195,143,52
E33005689,526,210,92,118,316,236,80
E33005690,302,110,43,67,192,151,41
E33005691,370,165,58,107,205,166,39
E33005692,427,129,54,75,298,238,60
E33005693,738,335,106,229,403,330,73
E33005694,307,127,43,84,180,135,45
E33005695,345,148,47,101,197,140,57
E33005696,515,250,98,152,265,216,49
E33005697,524,196,80,116,328,254,74
E33005698,347,109,34,75,238,186,52
E33005699,284,93,49,44,191,148,43
E33005700,368,160,60,100,208,159,49
E33005701,444,136,36,100,308,222,86
E33005702,254,107,55,52,147,115,32
E33005703,262,93,43,50,169,125,44
E33005704,803,282,98,184,521,403,118
E33005705,257,111,50,61,146,132,14
E33005706,299,109,32,77,190,161,29
E33005707,311,119,50,69,192,139,53
E33005708,265,36,11,25,229,181,48
E33005709,638,183,49,134,455,411,44
E33005710,295,66,19,47,229,203,26
E33005711,287,103,38,65,184,130,54
E33005712,255,119,37,82,136,107,29
E33005713,225,114,63,51,111,74,37
E33005714,260,93,30,63,167,135,32
E33005715,272,125,34,91,147,125,22
E33005716,344,159,71,88,185,145,40
E33005717,858,144,69,75,714,625,89
E33005718,378,129,42,87,249,212,37
E33005719,271,35,8,27,236,169,67
E33005720,417,128,26,102,289,235,54
E33005721,270,62,24,38,208,175,33
E33005722,416,121,43,78,295,236,59
E33005723,251,68,20,48,183,143,40
E33005724,349,135,39,96,214,170,44
E33005725,303,60,15,45,243,219,24
E33005726,303,118,36,82,185,149,36
E33005727,630,133,40,93,497,440,57
E33005728,346,134,47,87,212,174,38
E33005729,320,95,28,67,225,185,40
E33005730,351,131,52,79,220,169,51
E33005731,367,138,60,78,229,180,49
E33005732,727,218,44,174,509,422,87
E33005733,395,116,36,80,279,223,56
E33005734,446,147,47,100,299,250,49
E33005735,362,119,37,82,243,194,49
E33005736,374,116,28,88,258,219,39
E33005737,285,79,26,53,206,175,31
E33005738,253,88,17,71,165,124,41
E33005739,295,142,40,102,153,127,26
E33005740,266,48,9,39,218,183,35
E33005741,457,133,43,90,324,265,59
E33005742,245,90,28,62,155,118,37
E33005743,353,79,14,65,274,227,47
E33005744,3026,947,172,775,2079,1875,204
E33005745,444,81,22,59,363,293,70
E33005746,697,245,60,185,452,378,74
E33005747,438,140,32,108,298,234,64
E33005748,300,94,31,63,206,152,54
E33005749,372,149,41,108,223,183,40
E33005750,604,160,52,108,444,363,81
E33005751,264,63,12,51,201,154,47
E33005752,279,93,31,62,186,155,31
E33005753,414,151,34,117,263,221,42
E33005754,279,50,18,32,229,189,40
E33005755,272,53,18,35,219,176,43
E33005756,459,216,59,157,243,207,36
E33005757,342,87,38,49,255,220,35
E33005758,370,170,47,123,200,166,34
E33005759,416,156,44,112,260,209,51
E33005760,373,104,40,64,269,202,67
E33005761,305,69,24,45,236,201,35
E33005762,296,88,22,66,208,175,33
E33005763,284,85,27,58,199,166,33
E33005764,437,132,45,87,305,246,59
E33005765,774,93,20,73,681,605,76
E33005766,248,72,12,60,176,151,25
E33005767,420,54,17,37,366,324,42
E33005768,750,123,38,85,627,564,63
E33005769,500,141,20,121,359,339,20
E33005770,306,86,24,62,220,196,24
E33005771,378,183,50,133,195,170,25
E33005772,503,257,51,206,246,214,32
E33005773,3032,881,212,669,2151,2006,145
E33005774,586,80,20,60,506,459,47
E33005775,243,56,14,42,187,170,17
E33005776,255,73,20,53,182,151,31
E33005777,313,104,40,64,209,167,42
E33005778,664,176,54,122,488,391,97
E33005779,265,97,40,57,168,136,32
E33005780,279,105,54,51,174,144,30
E33005781,259,99,43,56,160,121,39
E33005782,455,64,19,45,391,316,75
E33005783,472,101,22,79,371,301,70
E33005784,514,87,23,64,427,347,80
E33005785,404,119,42,77,285,231,54
E33005786,783,247,73,174,536,467,69
E33005787,316,129,22,107,187,157,30
E33005788,263,94,34,60,169,137,32
E33005789,263,46,23,23,217,168,49
E33005790,601,108,37,71,493,386,107
E33005791,227,85,18,67,142,122,20
E33005792,278,83,19,64,195,170,25
E33005793,265,71,30,41,194,143,51
E33005794,272,120,24,96,152,123,29
E33005795,456,116,17,99,340,276,64
E33005796,576,226,82,144,350,282,68
E33005797,582,118,44,74,464,364,100
E33005798,820,175,60,115,645,581,64
E33005799,654,166,52,114,488,396,92
E33005800,339,83,34,49,256,221,35
E33005801,348,95,35,60,253,215,38
E33005802,247,36,7,29,211,164,47
E33005803,659,115,21,94,544,472,72
E33005804,242,63,9,54,179,160,19
E33005805,469,54,24,30,415,363,52
E33005806,332,70,20,50,262,200,62
E33005807,390,76,17,59,314,275,39
E33005808,300,94,23,71,206,161,45
E33005809,303,79,24,55,224,180,44
E33005810,345,103,37,66,242,193,49
E33005811,277,58,17,41,219,186,33
E33005812,298,99,40,59,199,165,34
E33005813,895,136,40,96,759,700,59
E33005814,268,102,18,84,166,151,15
E33005815,671,156,24,132,515,434,81
E33005816,333,121,28,93,212,169,43
E33005817,323,103,40,63,220,177,43
E33005818,379,144,67,77,235,186,49
E33005819,373,162,54,108,211,168,43
E33005820,379,114,41,73,265,211,54
E33005821,453,130,44,86,323,255,68
E33005822,289,70,24,46,219,168,51
E33005823,983,315,100,215,668,568,100
E33005824,631,210,61,149,421,342,79
E33005825,542,158,19,139,384,351,33
E33005826,578,168,40,128,410,361,49
E33005827,321,139,52,87,182,145,37
E33005828,584,195,59,136,389,347,42
E33005829,314,122,25,97,192,172,20
E33005830,263,94,21,73,169,145,24
E33005831,601,127,19,108,474,409,65
E33005832,325,59,17,42,266,209,57
E33005833,290,77,14,63,213,191,22
E33005834,323,140,51,89,183,144,39
E33005835,335,152,33,119,183,157,26
E33005836,394,132,45,87,262,214,48
E33005837,410,142,61,81,268,211,57
E33005838,419,126,48,78,293,229,64
E33005839,548,219,53,166,329,248,81
E33005840,365,117,57,60,248,195,53
E33005841,301,106,41,65,195,164,31
E33005842,250,78,21,57,172,125,47
E33005843,494,132,52,80,362,334,28
E33005844,493,89,27,62,404,362,42
E33005845,305,150,43,107,155,137,18
E33005846,327,138,29,109,189,162,27
E33005847,399,82,31,51,317,248,69
E33005848,337,93,26,67,244,209,35
E33005849,341,143,28,115,198,178,20
E33005850,300,117,53,64,183,151,32
E33005851,489,177,62,115,312,254,58
E33005852,328,78,22,56,250,201,49
E33005853,539,191,47,144,348,318,30
E33005854,864,90,31,59,774,692,82
E33005855,275,85,19,66,190,154,36
E33005856,471,129,39,90,342,263,79
E33005857,525,88,19,69,437,344,93
E33005858,1020,278,58,220,742,673,69
E33005859,319,91,24,67,228,182,46
E33005860,418,175,47,128,243,200,43
E33005861,382,144,43,101,238,194,44
E33005862,374,135,42,93,239,201,38
E33005863,240,74,22,52,166,128,38
E33005864,579,127,33,94,452,401,51
E33005865,335,142,44,98,193,153,40
E33005866,297,104,42,62,193,144,49
E33005867,490,170,78,92,320,284,36
E33005868,250,35,16,19,215,182,33
E33005869,336,77,18,59,259,206,53
E33005870,334,108,45,63,226,177,49
E33005871,303,119,28,91,184,147,37
E33005872,336,94,28,66,242,182,60
E33005873,257,77,29,48,180,147,33
E33005874,287,108,39,69,179,149,30
E33005875,586,207,85,122,379,295,84
E33005876,371,135,45,90,236,186,50
E33005877,490,160,48,112,330,273,57
E33005878,275,75,31,44,200,177,23
E33005879,272,42,14,28,230,177,53
E33005880,630,223,76,147,407,325,82
E33005881,353,105,36,69,248,193,55
E33005882,276,72,19,53,204,159,45
E33005883,475,141,39,102,334,267,67
E33005884,297,112,30,82,185,140,45
E33005885,288,107,36,71,181,155,26
E33005886,365,129,41,88,236,187,49
E33005887,286,108,47,61,178,138,40
E33005888,379,169,55,114,210,166,44
E33005889,251,90,30,60,161,120,41
E33005890,334,129,37,92,205,169,36
E33005891,445,116,33,83,329,298,31
E33005892,302,75,24,51,227,186,41
E33005893,270,74,16,58,196,171,25
E33005894,357,95,21,74,262,217,45
E33005895,254,115,49,66,139,111,28
E33005896,641,101,44,57,540,466,74
E33005897,318,81,27,54,237,197,40
E33005898,705,134,40,94,571,502,69
E33005899,315,115,25,90,200,160,40
E33005900,383,143,35,108,240,195,45
E33005901,384,97,24,73,287,259,28
E33005902,309,134,50,84,175,125,50
E33005903,276,111,47,64,165,140,25
E33005904,284,127,36,91,157,131,26
E33005905,279,98,46,52,181,138,43
E33005906,275,90,35,55,185,149,36
E33005907,422,148,43,105,274,221,53
E33005908,290,107,48,59,183,145,38
E33005909,295,42,16,26,253,189,64
E33005910,243,95,40,55,148,122,26
E33005911,369,97,28,69,272,218,54
E33005912,377,154,42,112,223,168,55
E33005913,961,212,80,132,749,664,85
E33005914,464,131,30,101,333,245,88
E33005915,378,113,39,74,265,215,50
E33005916,313,110,30,80,203,177,26
E33005917,859,216,55,161,643,544,99
E33005918,404,132,55,77,272,215,57
E33005919,288,102,37,65,186,144,42
E33005920,284,115,36,79,169,135,34
E33005921,603,250,86,164,353,295,58
E33005922,394,141,38,103,253,201,52
E33005923,518,115,34,81,403,315,88
E33005924,424,152,41,111,272,234,38
E33005925,447,156,48,108,291,232,59
E33005926,418,146,56,90,272,200,72
E33005927,452,204,104,100,248,196,52
E33005928,320,82,23,59,238,193,45
E33005929,396,156,36,120,240,202,38
E33005930,290,109,45,64,181,131,50
E33005931,300,101,41,60,199,148,51
E33005932,433,128,43,85,305,237,68
E33005933,266,89,43,46,177,135,42
E33005934,646,130,37,93,516,430,86
E33005935,473,229,67,162,244,201,43
E33005936,364,134,53,81,230,188,42
E33005937,436,156,52,104,280,223,57
E33005938,274,98,32,66,176,139,37
E33005939,556,222,71,151,334,264,70
E33005940,339,117,28,89,222,183,39
E33005941,297,124,58,66,173,135,38
E33005942,252,94,34,60,158,115,43
E33005943,239,94,36,58,145,122,23
E33005944,297,123,41,82,174,136,38
E33005945,269,103,52,51,166,133,33
E33005946,309,81,32,49,228,151,77
E33005947,715,149,60,89,566,465,101
E33005948,835,337,136,201,498,445,53
E33005949,385,76,26,50,309,243,66
E33005950,353,98,43,55,255,210,45
E33005951,613,170,56,114,443,385,58
E33005952,652,151,57,94,501,442,59
E33005953,372,103,30,73,269,210,59
E33005954,267,109,31,78,158,132,26
E33005955,417,76,25,51,341,296,45
E33005956,390,53,18,35,337,298,39
E33005957,479,80,31,49,399,334,65
E33005958,343,124,50,74,219,178,41
E33005959,295,128,71,57,167,125,42
E33005960,326,130,51,79,196,162,34
E33005961,731,214,74,140,517,443,74
E33005962,311,97,32,65,214,132,82
E33005963,341,108,35,73,233,186,47
E33005964,314,99,41,58,215,168,47
E33005965,290,106,53,53,184,150,34
E33005966,289,103,51,52,186,145,41
E33005967,581,237,105,132,344,269,75
E33005968,225,84,33,51,141,107,34
E33005969,471,147,49,98,324,259,65
E33005970,307,138,45,93,169,131,38
E33005971,279,85,25,60,194,161,33
E33005972,294,133,53,80,161,123,38
E33005973,409,139,59,80,270,206,64
E33005974,320,108,47,61,212,150,62
E33005975,282,100,46,54,182,117,65
E33005976,313,104,51,53,209,173,36
E33005977,254,124,57,67,130,93,37
E33005978,324,104,45,59,220,169,51
E33005979,248,96,43,53,152,107,45
E33005980,301,119,39,80,182,154,28
E33005981,321,134,51,83,187,154,33
E33005982,303,117,45,72,186,149,37
E33005983,358,138,42,96,220,171,49
E33005984,411,143,47,96,268,213,55
E33005985,535,251,77,174,284,238,46
E33005986,261,107,42,65,154,126,28
E33005987,497,138,50,88,359,279,80
E33005988,583,241,73,168,342,279,63
E33005989,239,91,29,62,148,124,24
E33005990,339,120,40,80,219,170,49
E33005991,266,89,26,63,177,149,28
E33005992,636,229,57,172,407,355,52
E33005993,285,127,42,85,158,124,34
E33005994,279,106,28,78,173,126,47
E33005995,282,108,40,68,174,141,33
E33005996,334,107,34,73,227,180,47
E33005997,257,97,41,56,160,121,39
E33005998,257,110,33,77,147,116,31
E33005999,298,87,17,70,211,175,36
E33006000,434,72,23,49,362,312,50
E33006001,668,106,33,73,562,484,78
E33006002,225,88,22,66,137,119,18
E33006003,285,120,44,76,165,136,29
E33006004,292,105,30,75,187,159,28
E33006005,517,195,54,141,322,291,31
E33006006,368,117,31,86,251,213,38
E33006007,2225,675,89,586,1550,1391,159
E33006008,280,104,44,60,176,132,44
E33006009,1011,158,47,111,853,667,186
E33006010,253,121,32,89,132,103,29
E33006011,464,123,26,97,341,321,20
E33006012,785,288,63,225,497,433,64
E33006013,266,85,26,59,181,161,20
E33006014,418,154,46,108,264,217,47
E33006015,325,92,21,71,233,200,33
E33006016,359,117,23,94,242,213,29
E33006017,253,66,17,49,187,169,18
E33006018,224,47,12,35,177,162,15
E33006019,304,53,22,31,251,228,23
E33006020,484,224,43,181,260,241,19
E33006021,1382,245,76,169,1137,985,152
E33006022,808,353,190,163,455,368,87
E33006023,650,256,69,187,394,324,70
E33006024,288,87,20,67,201,160,41
E33006025,429,163,51,112,266,210,56
E33006026,305,126,27,99,179,155,24
E33006027,248,66,17,49,182,162,20
E33006028,248,68,22,46,180,163,17
E33006029,307,94,18,76,213,179,34
E33006030,543,141,35,106,402,338,64
E33006031,472,100,38,62,372,292,80
E33006032,465,245,56,189,220,203,17
E33006033,440,203,62,141,237,195,42
E33006034,296,114,24,90,182,147,35
E33006035,329,78,26,52,251,208,43
E33006036,554,123,28,95,431,384,47
E33006037,276,98,22,76,178,149,29
E33006038,325,153,34,119,172,156,16
E33006039,328,129,32,97,199,174,25
E33006040,477,80,14,66,397,338,59
E33006041,387,110,23,87,277,244,33
E33006042,718,273,92,181,445,368,77
E33006043,434,127,28,99,307,276,31
E33006044,444,119,35,84,325,260,65
E33006045,389,158,36,122,231,202,29
E33006046,442,97,35,62,345,303,42
E33006047,589,267,96,171,322,256,66
E33006048,316,118,28,90,198,158,40
E33006049,617,193,45,148,424,336,88
E33006050,345,114,30,84,231,172,59
E33006051,367,125,37,88,242,195,47
E33006052,394,111,19,92,283,261,22
E33006053,378,100,25,75,278,227,51
E33006054,610,154,45,109,456,404,52
E33006055,250,105,49,56,145,111,34
E33006056,322,139,50,89,183,151,32
E33006057,272,103,39,64,169,140,29
E33006058,321,112,50,62,209,173,36
E33006059,432,135,45,90,297,240,57
E33006060,766,228,66,162,538,427,111
E33006061,285,54,21,33,231,187,44
E33006062,372,149,40,109,223,174,49
E33006063,510,82,24,58,428,351,77
E33006064,744,131,37,94,613,548,65
E33006065,310,69,25,44,241,169,72
E33006066,471,131,45,86,340,303,37
E33006067,688,254,71,183,434,334,100
E33006068,338,112,37,75,226,174,52
E33006069,301,120,43,77,181,148,33
E33006070,501,188,64,124,313,241,72
E33006071,323,55,21,34,268,220,48
E33006072,450,135,39,96,315,261,54
E33006073,520,85,22,63,435,341,94
E33006074,398,127,48,79,271,220,51
E33006075,433,109,27,82,324,266,58
E33006076,402,115,31,84,287,240,47
E33006077,509,119,26,93,390,292,98
E33006078,476,202,46,156,274,233,41
E33006079,319,91,18,73,228,185,43
E33006080,294,118,36,82,176,149,27
E33006081,276,107,37,70,169,143,26
E33006082,454,194,57,137,260,219,41
E33006083,491,201,53,148,290,258,32
E33006084,318,92,23,69,226,175,51
E33006085,611,251,68,183,360,321,39
E33006086,449,178,33,145,271,228,43
E33006087,358,125,32,93,233,184,49
E33006088,329,90,27,63,239,176,63
E33006089,307,113,35,78,194,157,37
E33006090,444,190,42,148,254,204,50
E33006091,420,137,32,105,283,223,60
E33006092,400,154,42,112,246,198,48
E33006093,307,98,25,73,209,164,45
E33006094,838,134,24,110,704,644,60
E33006095,744,93,20,73,651,576,75
E33006096,337,78,22,56,259,171,88
E33006097,367,101,24,77,266,227,39
E33006098,521,178,55,123,343,278,65
E33006099,285,91,33,58,194,167,27
E33006100,341,90,35,55,251,194,57
E33006101,724,269,106,163,455,360,95
E33006102,433,105,31,74,328,276,52
E33006103,281,104,31,73,177,124,53
E33006104,461,131,39,92,330,251,79
E33006105,280,37,15,22,243,171,72
E33006106,289,131,48,83,158,123,35
E33006107,342,103,32,71,239,207,32
E33006108,512,188,45,143,324,290,34
E33006109,324,85,27,58,239,207,32
E33006110,343,79,17,62,264,230,34
E33006111,321,121,28,93,200,179,21
E33006112,350,130,45,85,220,190,30
E33006113,560,197,50,147,363,318,45
E33006114,697,359,82,277,338,296,42
E33006115,849,218,62,156,631,530,101
E33006116,610,171,44,127,439,382,57
E33006117,328,133,19,114,195,175,20
E33006118,463,198,66,132,265,211,54
E33006119,258,97,27,70,161,130,31
E33006120,386,107,30,77,279,236,43
E33006121,391,49,15,34,342,220,122
E33006122,360,97,23,74,263,202,61
E33006123,284,113,14,99,171,145,26
E33006124,429,131,36,95,298,252,46
E33006125,326,111,44,67,215,177,38
E33006126,324,92,26,66,232,201,31
E33006127,287,119,32,87,168,148,20
E33006128,464,138,51,87,326,264,62
E33006129,612,201,86,115,411,312,99
E33006130,517,179,56,123,338,262,76
E33006131,414,167,44,123,247,184,63
E33006132,376,140,48,92,236,188,48
E33006133,592,227,56,171,365,312,53
E33006134,290,123,35,88,167,142,25
E33006135,240,97,26,71,143,123,20
E33006136,495,167,66,101,328,286,42
E33006137,617,126,32,94,491,426,65
E33006138,335,121,56,65,214,175,39
E33006139,579,177,53,124,402,337,65
E33006140,699,283,70,213,416,363,53
E33006141,296,105,21,84,191,151,40
E33006142,643,119,24,95,524,448,76
E33006143,430,112,23,89,318,276,42
E33006144,287,50,16,34,237,180,57
E33006145,289,115,29,86,174,136,38
E33006146,383,165,53,112,218,171,47
E33006147,716,142,45,97,574,369,205
E33006148,554,233,76,157,321,234,87
E33006149,951,149,38,111,802,604,198
E33006150,594,143,52,91,451,361,90
E33006151,455,138,52,86,317,237,80
E33006152,366,76,20,56,290,254,36
E33006153,430,157,43,114,273,233,40
E33006154,391,113,26,87,278,222,56
E33006155,285,103,28,75,182,161,21
E33006156,335,129,30,99,206,170,36
E33006157,578,79,18,61,499,421,78
E33006158,439,38,8,30,401,289,112
E33006159,446,183,43,140,263,198,65
E33006160,448,107,20,87,341,262,79
E33006161,263,121,38,83,142,116,26
E33006162,255,97,23,74,158,141,17
E33006163,451,141,33,108,310,257,53
E33006164,267,116,32,84,151,131,20
E33006165,308,117,18,99,191,155,36
E33006166,407,120,34,86,287,250,37
E33006167,287,109,30,79,178,153,25
E33006168,266,87,22,65,179,157,22
E33006169,880,78,20,58,802,728,74
E33006170,976,239,29,210,737,685,52
E33006171,290,96,30,66,194,164,30
E33006172,1292,125,27,98,1167,1008,159
E33006173,282,118,24,94,164,144,20
E33006174,296,75,9,66,221,188,33
E33006175,450,126,29,97,324,302,22
E33006176,200,44,8,36,156,137,19
E33006177,255,100,19,81,155,120,35
E33006178,278,76,14,62,202,175,27
E33006179,644,180,43,137,464,412,52
E33006180,749,280,58,222,469,379,90
E33006181,325,103,35,68,222,184,38
E33006182,313,73,18,55,240,220,20
E33006183,278,88,30,58,190,166,24
E33006184,296,119,36,83,177,124,53
E33006185,269,115,19,96,154,134,20
E33006186,256,96,18,78,160,142,18
E33006187,414,156,25,131,258,233,25
E33006188,283,92,14,78,191,176,15
E33006189,305,138,48,90,167,136,31
E33006190,335,115,29,86,220,183,37
E33006191,383,113,23,90,270,218,52
E33006192,4759,1606,276,1330,3153,2805,348
E33006193,620,181,43,138,439,380,59
E33006194,362,151,55,96,211,177,34
E33006195,245,64,14,50,181,156,25
E33006196,428,140,46,94,288,224,64
E33006197,284,130,29,101,154,127,27
E33006198,252,99,20,79,153,127,26
E33006199,413,151,30,121,262,219,43
E33006200,292,82,27,55,210,167,43
E33006201,260,116,33,83,144,129,15
E33006202,582,222,29,193,360,325,35
E33006203,620,222,71,151,398,332,66
E33006204,911,284,78,206,627,510,117
E33006205,433,113,23,90,320,279,41
E33006206,477,156,29,127,321,283,38
E33006207,537,215,67,148,322,278,44
E33006208,543,167,37,130,376,318,58
E33006209,391,127,42,85,264,208,56
E33006210,329,155,48,107,174,149,25
E33006211,424,98,28,70,326,247,79
E33006212,555,159,58,101,396,323,73
E33006213,249,116,59,57,133,99,34
E33006214,737,267,73,194,470,399,71
E33006215,510,189,68,121,321,250,71
E33006216,367,106,22,84,261,205,56
E33006217,338,106,33,73,232,188,44
E33006218,499,164,32,132,335,303,32
E33006219,1180,114,40,74,1066,918,148
E33006220,322,85,25,60,237,187,50
E33006221,299,97,29,68,202,176,26
E33006222,781,221,52,169,560,522,38
E33006223,257,56,18,38,201,155,46
E33006224,261,53,13,40,208,163,45
E33006225,294,107,25,82,187,144,43
E33006226,279,77,20,57,202,173,29
E33006227,563,202,61,141,361,309,52
E33006228,821,246,57,189,575,492,83
E33006229,333,120,35,85,213,168,45
E33006230,307,121,26,95,186,141,45
E33006231,251,116,37,79,135,117,18
E33006232,268,106,30,76,162,131,31
E33006233,483,156,38,118,327,279,48
E33006234,298,69,19,50,229,186,43
E33006235,332,132,34,98,200,171,29
E33006236,1418,206,40,166,1212,1017,195
E33006237,476,207,44,163,269,234,35
E33006238,580,257,78,179,323,299,24
E33006239,508,185,33,152,323,288,35
E33006240,630,174,43,131,456,401,55
E33006241,297,122,24,98,175,148,27
E33006242,437,208,62,146,229,190,39
E33006243,1223,291,61,230,932,863,69
E33006244,745,262,54,208,483,426,57
E33006245,416,117,37,80,299,240,59
E33006246,443,161,53,108,282,217,65
E33006247,1375,433,77,356,942,861,81
E33006248,733,439,104,335,294,263,31
E33006249,782,270,65,205,512,441,71
E33006250,286,92,15,77,194,157,37
E33006251,299,124,36,88,175,156,19
E33006252,292,85,18,67,207,184,23
E33006253,252,99,28,71,153,125,28
E33006254,483,141,39,102,342,289,53
E33006255,361,101,18,83,260,221,39
E33006256,467,200,40,160,267,241,26
E33006257,266,120,24,96,146,125,21
E33006258,253,107,42,65,146,123,23
E33006259,357,158,37,121,199,161,38
E33006260,364,88,24,64,276,256,20
E33006261,695,319,162,157,376,313,63
E33006262,483,175,53,122,308,251,57
E33006263,295,120,40,80,175,156,19
E33006264,526,189,48,141,337,261,76
E33006265,341,109,31,78,232,192,40
E33006266,265,115,26,89,150,142,8
E33006267,273,82,23,59,191,180,11
E33006268,403,138,35,103,265,208,57
E33006269,241,36,13,23,205,191,14
E33006270,269,76,14,62,193,156,37
E33006271,864,290,75,215,574,489,85
E33006272,318,124,32,92,194,163,31
E33006273,570,184,53,131,386,314,72
E33006274,351,140,33,107,211,176,35
E33006275,387,143,41,102,244,200,44
E33006276,658,408,300,108,250,218,32
E33006277,308,130,35,95,178,159,19
E33006278,285,114,23,91,171,146,25
E33006279,325,124,32,92,201,169,32
E33006280,231,113,33,80,118,98,20
E33006281,310,126,49,77,184,158,26
E33006282,294,81,18,63,213,172,41
E33006283,349,103,31,72,246,219,27
E33006284,267,64,13,51,203,161,42
E33006285,294,108,25,83,186,168,18
E33006286,342,138,39,99,204,176,28
E33006287,424,189,58,131,235,199,36
E33006288,997,302,96,206,695,601,94
E33006289,601,233,76,157,368,313,55
E33006290,329,133,46,87,196,147,49
E33006291,429,157,49,108,272,216,56
E33006292,504,230,60,170,274,238,36
E33006293,547,176,65,111,371,319,52
E33006294,323,77,17,60,246,227,19
E33006295,276,81,19,62,195,171,24
E33006296,294,126,18,108,168,151,17
E33006297,241,68,22,46,173,146,27
E33006298,291,158,21,137,133,116,17
E33006299,282,79,22,57,203,179,24
E33006300,628,167,40,127,461,377,84
E33006301,378,110,41,69,268,238,30
E33006302,1682,289,85,204,1393,1227,166
E33006303,376,159,41,118,217,180,37
E33006304,271,94,23,71,177,163,14
E33006305,365,104,23,81,261,237,24
E33006306,227,83,20,63,144,121,23
E33006307,696,319,59,260,377,323,54
E33006308,955,193,49,144,762,624,138
E33006309,414,128,26,102,286,246,40
E33006310,333,104,23,81,229,182,47
E33006311,290,100,26,74,190,164,26
E33006312,326,135,29,106,191,163,28
E33006313,238,58,9,49,180,167,13
E33006314,662,262,49,213,400,351,49
E33006315,401,121,37,84,280,230,50
E33006316,277,83,17,66,194,175,19
E33006317,460,262,61,201,198,186,12
E33006318,354,152,27,125,202,169,33
E33006319,326,142,42,100,184,168,16
E33006320,271,118,36,82,153,122,31
E33006321,407,125,30,95,282,230,52
E33006322,281,115,53,62,166,147,19
E33006323,393,146,37,109,247,203,44
E33006324,287,65,18,47,222,193,29
E33006325,352,118,42,76,234,202,32
E33006326,347,113,31,82,234,201,33
E33006327,258,74,25,49,184,168,16
E33006328,280,127,32,95,153,122,31
E33006329,330,121,28,93,209,187,22
E33006330,454,190,36,154,264,243,21
E33006331,315,122,32,90,193,150,43
E33006332,384,162,59,103,222,182,40
E33006333,293,107,31,76,186,153,33
E33006334,350,110,34,76,240,204,36
E33006335,287,99,16,83,188,171,17
E33006336,423,121,31,90,302,273,29
E33006337,657,228,73,155,429,394,35
E33006338,751,138,42,96,613,545,68
E33006339,2024,713,121,592,1311,1166,145
E33006340,382,140,64,76,242,205,37
E33006341,306,109,32,77,197,174,23
E33006342,242,97,35,62,145,133,12
E33006343,318,52,16,36,266,250,16
E33006344,705,293,63,230,412,358,54
E33006345,304,122,31,91,182,164,18
E33006346,400,145,54,91,255,215,40
E33006347,368,113,23,90,255,226,29
E33006348,292,114,28,86,178,153,25
E33006349,572,140,23,117,432,382,50
E33006350,369,118,40,78,251,200,51
E33006351,420,172,55,117,248,203,45
E33006352,315,121,34,87,194,166,28
E33006353,254,47,14,33,207,145,62
E33006354,781,200,47,153,581,510,71
E33006355,663,274,69,205,389,334,55
E33006356,443,149,53,96,294,242,52
E33006357,269,102,36,66,167,135,32
E33006358,298,102,37,65,196,158,38
E33006359,327,135,44,91,192,151,41
E33006360,621,235,89,146,386,318,68
E33006361,237,77,13,64,160,133,27
E33006362,475,186,83,103,289,249,40
E33006363,282,108,46,62,174,147,27
E33006364,242,89,22,67,153,131,22
E33006365,621,165,73,92,456,358,98
E33006366,334,94,31,63,240,187,53
E33006367,248,79,25,54,169,148,21
E33006368,301,147,46,101,154,120,34
E33006369,392,222,98,124,170,146,24
E33006370,710,372,114,258,338,286,52
E33006371,372,148,61,87,224,198,26
E33006372,564,201,42,159,363,304,59
E33006373,464,182,44,138,282,226,56
E33006374,429,169,39,130,260,231,29
E33006375,611,344,133,211,267,236,31
E33006376,512,217,58,159,295,266,29
E33006377,262,111,28,83,151,140,11
E33006378,570,193,46,147,377,361,16
E33006379,279,73,21,52,206,166,40
E33006380,268,121,44,77,147,124,23
E33006381,361,137,43,94,224,182,42
E33006382,282,94,34,60,188,158,30
E33006383,641,228,66,162,413,338,75
E33006384,395,169,56,113,226,205,21
E33006385,270,130,44,86,140,100,40
E33006386,541,270,85,185,271,226,45
E33006387,274,105,33,72,169,143,26
E33006388,289,133,54,79,156,130,26
E33006389,555,228,71,157,327,259,68
E33006390,376,157,55,102,219,189,30
E33006391,251,91,42,49,160,143,17
E33006392,436,148,45,103,288,213,75
E33006393,851,239,57,182,612,513,99
E33006394,322,134,41,93,188,153,35
E33006395,253,79,25,54,174,139,35
E33006396,288,58,11,47,230,196,34
E33006397,262,98,16,82,164,141,23
E33006398,300,111,31,80,189,144,45
E33006399,454,140,30,110,314,291,23
E33006400,600,135,25,110,465,407,58
E33006401,371,157,42,115,214,180,34
E33006402,364,100,22,78,264,213,51
E33006403,253,85,22,63,168,127,41
E33006404,517,165,59,106,352,284,68
E33006405,315,104,35,69,211,163,48
E33006406,294,128,54,74,166,118,48
E33006407,573,98,35,63,475,369,106
E33006408,667,191,58,133,476,400,76
E33006409,1748,526,215,311,1222,973,249
E33006410,387,126,32,94,261,242,19
E33006411,400,175,65,110,225,196,29
E33006412,301,123,39,84,178,151,27
E33006413,289,117,44,73,172,148,24
E33006414,603,237,70,167,366,288,78
E33006415,687,231,40,191,456,415,41
E33006416,738,337,131,206,401,348,53
E33006417,279,107,34,73,172,129,43
E33006418,496,175,80,95,321,251,70
E33006419,279,102,38,64,177,157,20
E33006420,720,163,49,114,557,461,96
E33006421,752,158,41,117,594,532,62
E33006422,329,87,20,67,242,198,44
E33006423,263,87,25,62,176,146,30
E33006424,335,114,34,80,221,185,36
E33006425,330,136,40,96,194,154,40
E33006426,645,292,94,198,353,295,58
E33006427,429,222,66,156,207,171,36
E33006428,359,137,45,92,222,180,42
E33006429,455,205,55,150,250,205,45
E33006430,350,128,36,92,222,194,28
E33006431,517,221,61,160,296,225,71
E33006432,263,107,45,62,156,126,30
E33006433,304,139,53,86,165,135,30
E33006434,456,138,58,80,318,242,76
E33006435,231,114,46,68,117,90,27
E33006436,277,109,31,78,168,150,18
E33006437,400,136,33,103,264,219,45
E33006438,413,83,21,62,330,300,30
E33006439,291,54,15,39,237,212,25
E33006440,286,105,34,71,181,130,51
E33006441,543,232,57,175,311,252,59
E33006442,500,111,30,81,389,328,61
E33006443,330,121,32,89,209,177,32
E33006444,259,69,30,39,190,124,66
E33006445,260,99,33,66,161,130,31
E33006446,245,73,24,49,172,152,20
E33006447,750,192,49,143,558,520,38
E33006448,385,115,40,75,270,221,49
E33006449,454,154,37,117,300,252,48
E33006450,486,107,28,79,379,306,73
E33006451,261,102,28,74,159,137,22
E33006452,289,124,20,104,165,143,22
E33006453,1241,240,47,193,1001,904,97
E33006454,488,109,24,85,379,315,64
E33006455,910,165,31,134,745,671,74
E33006456,2018,546,106,440,1472,1275,197
E33006457,2201,185,65,120,2016,1858,158
E33006458,2055,266,72,194,1789,1605,184
E33006459,2148,1187,480,707,961,863,98
E33006460,838,79,24,55,759,689,70
E33006461,323,91,22,69,232,196,36
E33006462,818,310,75,235,508,424,84
E33006463,783,146,63,83,637,513,124
E33006464,369,88,35,53,281,216,65
E33006465,357,162,62,100,195,157,38
E33006466,595,213,83,130,382,286,96
E33006467,229,69,32,37,160,133,27
E33006468,295,101,33,68,194,148,46
E33006469,470,192,63,129,278,230,48
E33006470,284,112,42,70,172,144,28
E33006471,261,108,33,75,153,111,42
E33006472,386,96,31,65,290,224,66
E33006473,473,133,40,93,340,276,64
E33006474,321,117,35,82,204,170,34
E33006475,624,126,43,83,498,357,141
E33006476,453,203,67,136,250,213,37
E33006477,408,142,45,97,266,213,53
E33006478,368,174,41,133,194,160,34
E33006479,452,167,41,126,285,228,57
E33006480,371,136,30,106,235,195,40
E33006481,346,123,32,91,223,191,32
E33006482,329,124,36,88,205,170,35
E33006483,240,91,38,53,149,115,34
E33006484,445,136,47,89,309,238,71
E33006485,296,106,32,74,190,146,44
E33006486,446,155,43,112,291,267,24
E33006487,345,131,53,78,214,180,34
E33006488,262,105,37,68,157,116,41
E33006489,482,201,60,141,281,229,52
E33006490,475,155,47,108,320,269,51
E33006491,270,113,36,77,157,136,21
E33006492,573,161,46,115,412,263,149
E33006493,327,136,47,89,191,162,29
E33006494,435,154,49,105,281,216,65
E33006495,357,82,27,55,275,217,58
E33006496,271,96,28,68,175,150,25
E33006497,285,84,23,61,201,182,19
E33006498,390,70,17,53,320,266,54
E33006499,337,37,13,24,300,271,29
E33006500,367,95,28,67,272,241,31
E33006501,304,117,33,84,187,143,44
E33006502,299,106,25,81,193,167,26
E33006503,237,92,39,53,145,107,38
E33006504,713,288,73,215,425,378,47
E33006505,442,152,36,116,290,241,49
E33006506,813,393,114,279,420,364,56
E33006507,308,105,39,66,203,165,38
E33006508,292,87,17,70,205,190,15
E33006509,1151,366,107,259,785,730,55
E33006510,893,306,60,246,587,551,36
E33006511,685,217,42,175,468,433,35
E33006512,409,114,27,87,295,253,42
E33006513,365,137,15,122,228,196,32
E33006514,419,102,23,79,317,272,45
E33006515,677,184,39,145,493,474,19
E33006516,385,62,18,44,323,250,73
E33006517,227,72,13,59,155,140,15
E33006518,350,92,28,64,258,230,28
E33006519,418,124,32,92,294,243,51
E33006520,275,85,22,63,190,153,37
E33006521,310,103,43,60,207,168,39
E33006522,266,81,14,67,185,153,32
E33006523,231,92,27,65,139,118,21
E33006524,289,108,37,71,181,150,31
E33006525,269,85,30,55,184,153,31
E33006526,553,197,50,147,356,296,60
E33006527,1102,229,53,176,873,787,86
E33006528,309,110,45,65,199,166,33
E33006529,318,120,44,76,198,158,40
E33006530,612,195,52,143,417,354,63
E33006531,458,144,35,109,314,272,42
E33006532,604,241,88,153,363,301,62
E33006533,647,167,43,124,480,422,58
E33006534,290,99,36,63,191,143,48
E33006535,348,144,60,84,204,154,50
E33006536,516,205,47,158,311,273,38
E33006537,551,68,23,45,483,418,65
E33006538,767,306,128,178,461,410,51
E33006539,435,111,24,87,324,279,45
E33006540,432,164,60,104,268,211,57
E33006541,402,157,46,111,245,196,49
E33006542,454,95,34,61,359,283,76
E33006543,371,164,42,122,207,162,45
E33006544,333,137,45,92,196,156,40
E33006545,294,100,43,57,194,170,24
E33006546,398,138,45,93,260,210,50
E33006547,565,68,26,42,497,432,65
E33006548,605,134,52,82,471,352,119
E33006549,298,110,23,87,188,161,27
E33006550,332,65,16,49,267,221,46
E33006551,446,178,45,133,268,231,37
E33006552,438,160,63,97,278,229,49
E33006553,471,189,65,124,282,231,51
E33006554,320,128,38,90,192,146,46
E33006555,300,87,23,64,213,167,46
E33006556,525,171,58,113,354,282,72
E33006557,281,134,53,81,147,122,25
E33006558,558,108,35,73,450,381,69
E33006559,366,139,46,93,227,176,51
E33006560,284,142,48,94,142,120,22
E33006561,376,144,49,95,232,188,44
E33006562,599,294,108,186,305,250,55
E33006563,362,112,49,63,250,199,51
E33006564,433,172,40,132,261,233,28
E33006565,234,80,21,59,154,120,34
E33006566,239,88,33,55,151,120,31
E33006567,316,107,45,62,209,165,44
E33006568,384,166,49,117,218,177,41
E33006569,352,170,66,104,182,142,40
E33006570,222,89,27,62,133,115,18
E33006571,273,79,29,50,194,168,26
E33006572,351,105,27,78,246,198,48
E33006573,522,208,43,165,314,265,49
E33006574,600,282,122,160,318,268,50
E33006575,606,308,127,181,298,269,29
E33006576,440,132,39,93,308,262,46
E33006577,322,129,34,95,193,153,40
E33006578,504,233,73,160,271,241,30
E33006579,337,128,43,85,209,162,47
E33006580,437,62,17,45,375,324,51
E33006581,508,189,71,118,319,264,55
E33006582,323,118,36,82,205,168,37
E33006583,290,79,29,50,211,179,32
E33006584,220,63,19,44,157,128,29
E33006585,329,140,39,101,189,153,36
E33006586,294,79,25,54,215,169,46
E33006587,265,80,14,66,185,153,32
E33006588,319,153,57,96,166,124,42
E33006589,365,162,51,111,203,152,51
E33006590,336,132,25,107,204,154,50
E33006591,361,148,36,112,213,181,32
E33006592,375,94,28,66,281,214,67
E33006593,237,91,24,67,146,110,36
E33006594,287,108,34,74,179,148,31
E33006595,293,75,18,57,218,175,43
E33006596,239,83,29,54,156,118,38
E33006597,534,186,52,134,348,285,63
E33006598,363,111,37,74,252,185,67
E33006599,721,352,130,222,369,321,48
E33006600,429,157,53,104,272,242,30
E33006601,362,101,42,59,261,217,44
E33006602,259,82,23,59,177,137,40
E33006603,427,174,53,121,253,193,60
E33006604,280,142,59,83,138,111,27
E33006605,904,284,50,234,620,586,34
E33006606,262,97,35,62,165,119,46
E33006607,507,220,81,139,287,230,57
E33006608,306,123,50,73,183,144,39
E33006609,341,140,38,102,201,158,43
E33006610,234,105,24,81,129,105,24
E33006611,283,112,38,74,171,137,34
E33006612,377,141,59,82,236,195,41
E33006613,395,132,36,96,263,209,54
E33006614,489,225,72,153,264,205,59
E33006615,278,117,57,60,161,133,28
E33006616,303,98,30,68,205,163,42
E33006617,353,146,29,117,207,185,22
E33006618,402,164,62,102,238,186,52
E33006619,612,202,71,131,410,337,73
E33006620,262,119,47,72,143,100,43
E33006621,289,125,40,85,164,139,25
E33006622,282,136,58,78,146,121,25
E33006623,402,169,72,97,233,204,29
E33006624,421,171,72,99,250,193,57
E33006625,298,148,54,94,150,113,37
E33006626,514,251,108,143,263,216,47
E33006627,275,110,43,67,165,133,32
E33006628,382,154,56,98,228,194,34
E33006629,310,125,44,81,185,145,40
E33006630,255,100,29,71,155,137,18
E33006631,585,291,127,164,294,191,103
E33006632,270,123,47,76,147,125,22
E33006633,325,113,41,72,212,160,52
E33006634,349,147,55,92,202,166,36
E33006635,330,141,61,80,189,145,44
E33006636,406,147,63,84,259,195,64
E33006637,336,135,41,94,201,164,37
E33006638,324,103,33,70,221,170,51
E33006639,344,126,55,71,218,168,50
E33006640,652,271,79,192,381,338,43
E33006641,358,111,23,88,247,196,51
E33006642,349,153,57,96,196,154,42
E33006643,419,158,66,92,261,203,58
E33006644,411,148,58,90,263,211,52
E33006645,372,113,33,80,259,209,50
E33006646,555,252,81,171,303,261,42
E33006647,561,200,53,147,361,331,30
E33006648,509,207,93,114,302,238,64
E33006649,512,180,50,130,332,289,43
E33006650,308,104,31,73,204,165,39
E33006651,572,208,73,135,364,289,75
E33006652,287,105,43,62,182,130,52
E33006653,315,107,40,67,208,167,41
E33006654,695,423,92,331,272,231,41
E33006655,261,139,57,82,122,94,28
E33006656,247,98,35,63,149,110,39
E33006657,340,147,39,108,193,167,26
E33006658,314,151,37,114,163,146,17
E33006659,251,110,47,63,141,99,42
E33006660,437,168,67,101,269,208,61
E33006661,231,87,46,41,144,127,17
E33006662,235,113,41,72,122,91,31
E33006663,323,113,36,77,210,169,41
E33006664,251,109,20,89,142,129,13
E33006665,339,130,23,107,209,180,29
E33006666,234,84,16,68,150,135,15
E33006667,632,235,69,166,397,335,62
E33006668,355,94,25,69,261,225,36
E33006669,359,174,63,111,185,154,31
E33006670,348,132,58,74,216,168,48
E33006671,467,147,52,95,320,248,72
E33006672,339,187,52,135,152,130,22
E33006673,572,113,32,81,459,408,51
E33006674,434,157,57,100,277,204,73
E33006675,441,182,75,107,259,208,51
E33006676,288,59,16,43,229,205,24
E33006677,330,135,52,83,195,171,24
E33006678,601,130,37,93,471,396,75
E33006679,328,103,30,73,225,183,42
E33006680,394,158,43,115,236,190,46
E33006681,253,84,25,59,169,129,40
E33006682,363,119,39,80,244,194,50
E33006683,240,82,35,47,158,126,32
E33006684,479,186,54,132,293,240,53
E33006685,826,362,129,233,464,385,79
E33006686,294,125,29,96,169,131,38
E33006687,427,162,38,124,265,217,48
E33006688,365,119,43,76,246,200,46
E33006689,345,129,35,94,216,178,38
E33006690,287,112,32,80,175,147,28
E33006691,362,133,40,93,229,184,45
E33006692,344,144,33,111,200,164,36
E33006693,607,211,78,133,396,358,38
E33006694,677,221,56,165,456,415,41
E33006695,405,149,44,105,256,211,45
E33006696,456,152,43,109,304,267,37
E33006697,952,110,33,77,842,663,179
E33006698,410,173,43,130,237,193,44
E33006699,446,166,51,115,280,230,50
E33006700,299,104,26,78,195,168,27
E33006701,2094,471,74,397,1623,1535,88
E33006702,409,152,42,110,257,214,43
E33006703,253,77,17,60,176,138,38
E33006704,292,64,16,48,228,180,48
E33006705,453,61,18,43,392,338,54
E33006706,231,93,15,78,138,113,25
E33006707,289,124,31,93,165,138,27
E33006708,323,52,15,37,271,214,57
E33006709,322,111,30,81,211,177,34
E33006710,724,172,34,138,552,482,70
E33006711,330,125,25,100,205,180,25
E33006712,246,97,23,74,149,119,30
E33006713,257,90,19,71,167,148,19
E33006714,235,113,42,71,122,113,9
E33006715,239,93,27,66,146,119,27
E33006716,648,186,32,154,462,351,111
E33006717,309,66,14,52,243,184,59
E33006718,791,290,63,227,501,450,51
E33006719,737,205,47,158,532,483,49
E33006720,309,59,9,50,250,219,31
E33006721,235,61,13,48,174,131,43
E33006722,462,87,20,67,375,282,93
E33006723,415,137,26,111,278,245,33
E33006724,1764,366,63,303,1398,1325,73
E33006725,733,175,47,128,558,530,28
E33006726,327,104,27,77,223,175,48
E33006727,515,190,51,139,325,262,63
E33006728,286,98,30,68,188,154,34
E33006729,383,138,43,95,245,195,50
E33006730,414,138,40,98,276,214,62
E33006731,541,181,57,124,360,287,73
E33006732,306,132,42,90,174,136,38
E33006733,336,141,56,85,195,146,49
E33006734,308,115,38,77,193,148,45
E33006735,537,235,43,192,302,249,53
E33006736,915,346,104,242,569,433,136
E33006737,375,168,58,110,207,160,47
E33006738,265,78,27,51,187,147,40
E33006739,400,152,51,101,248,189,59
E33006740,336,128,42,86,208,182,26
E33006741,279,82,29,53,197,150,47
E33006742,309,97,33,64,212,173,39
E33006743,554,348,82,266,206,165,41
E33006744,402,136,33,103,266,210,56
E33006745,343,151,35,116,192,153,39
E33006746,359,85,22,63,274,245,29
E33006747,419,164,56,108,255,217,38
E33006748,308,115,29,86,193,156,37
E33006749,337,136,43,93,201,149,52
E33006750,478,178,66,112,300,258,42
E33006751,390,108,26,82,282,227,55
E33006752,336,112,19,93,224,177,47
E33006753,383,155,52,103,228,186,42
E33006754,490,137,41,96,353,258,95
E33006755,352,139,34,105,213,194,19
E33006756,389,106,10,96,283,265,18
E33006757,269,102,36,66,167,143,24
E33006758,387,133,27,106,254,226,28
E33006759,385,164,36,128,221,199,22
E33006760,405,156,40,116,249,196,53
E33006761,429,173,62,111,256,217,39
E33006762,690,219,50,169,471,414,57
E33006763,1041,331,41,290,710,639,71
E33006764,250,98,23,75,152,115,37
E33006765,288,53,7,46,235,210,25
E33006766,745,138,29,109,607,516,91
E33006767,452,118,23,95,334,279,55
E33006768,436,62,25,37,374,319,55
E33006769,240,81,22,59,159,128,31
E33006770,289,51,15,36,238,201,37
E33006771,318,111,25,86,207,165,42
E33006772,345,149,48,101,196,156,40
E33006773,336,139,33,106,197,171,26
E33006774,254,127,37,90,127,103,24
E33006775,442,188,43,145,254,205,49
E33006776,336,141,46,95,195,164,31
E33006777,657,206,56,150,451,412,39
E33006778,248,118,38,80,130,104,26
E33006779,331,51,20,31,280,193,87
E33006780,361,159,68,91,202,162,40
E33006781,390,161,60,101,229,180,49
E33006782,549,141,39,102,408,335,73
E33006783,422,111,36,75,311,224,87
E33006784,647,141,33,108,506,401,105
E33006785,614,252,76,176,362,280,82
E33006786,266,112,37,75,154,118,36
E33006787,234,105,25,80,129,101,28
E33006788,215,96,30,66,119,101,18
E33006789,349,132,43,89,217,183,34
E33006790,660,315,94,221,345,297,48
E33006791,281,117,51,66,164,137,27
E33006792,444,221,55,166,223,190,33
E33006793,260,100,33,67,160,132,28
E33006794,259,81,34,47,178,131,47
E33006795,250,71,20,51,179,142,37
E33006796,439,131,24,107,308,271,37
E33006797,291,110,29,81,181,158,23
E33006798,341,68,27,41,273,227,46
E33006799,239,92,19,73,147,132,15
E33006800,318,115,19,96,203,173,30
E33006801,851,498,200,298,353,329,24
E33006802,429,171,52,119,258,211,47
E33006803,392,131,49,82,261,208,53
E33006804,358,186,84,102,172,144,28
E33006805,686,242,91,151,444,338,106
E33006806,345,151,46,105,194,159,35
E33006807,300,95,31,64,205,175,30
E33006808,663,264,54,210,399,326,73
E33006809,422,146,29,117,276,234,42
E33006810,661,216,76,140,445,345,100
E33006811,353,135,46,89,218,181,37
E33006812,317,103,36,67,214,169,45
E33006813,283,99,30,69,184,155,29
E33006814,248,114,23,91,134,117,17
E33006815,289,63,21,42,226,205,21
E33006816,364,127,41,86,237,196,41
E33006817,335,83,17,66,252,211,41
E33006818,730,239,65,174,491,442,49
E33006819,293,95,23,72,198,154,44
E33006820,330,159,40,119,171,139,32
E33006821,306,118,43,75,188,150,38
E33006822,251,117,52,65,134,106,28
E33006823,302,136,44,92,166,146,20
E33006824,277,110,39,71,167,147,20
E33006825,257,138,56,82,119,89,30
E33006826,359,174,63,111,185,142,43
E33006827,366,143,46,97,223,181,42
E33006828,460,175,69,106,285,223,62
E33006829,349,134,52,82,215,163,52
E33006830,247,98,28,70,149,117,32
E33006831,1167,145,33,112,1022,907,115
E33006832,253,38,8,30,215,190,25
E33006833,409,160,49,111,249,189,60
E33006834,243,105,29,76,138,111,27
E33006835,342,146,29,117,196,160,36
E33006836,431,228,43,185,203,168,35
E33006837,504,169,39,130,335,268,67
E33006838,273,101,27,74,172,149,23
E33006839,270,117,45,72,153,110,43
E33006840,446,163,45,118,283,219,64
E33006841,245,89,39,50,156,120,36
E33006842,281,122,49,73,159,109,50
E33006843,641,284,87,197,357,307,50
E33006844,340,114,32,82,226,185,41
E33006845,289,133,30,103,156,124,32
E33006846,415,133,31,102,282,243,39
E33006847,538,154,45,109,384,329,55
E33006848,267,117,63,54,150,118,32
E33006849,280,102,40,62,178,131,47
E33006850,357,175,74,101,182,136,46
E33006851,636,226,106,120,410,330,80
E33006852,548,208,59,149,340,289,51
E33006853,402,133,38,95,269,228,41
E33006854,399,150,51,99,249,205,44
E33006855,294,124,32,92,170,136,34
E33006856,314,123,51,72,191,149,42
E33006857,407,150,51,99,257,202,55
E33006858,314,105,31,74,209,167,42
E33006859,326,157,42,115,169,130,39
E33006860,502,201,50,151,301,259,42
E33006861,228,78,35,43,150,119,31
E33006862,443,208,42,166,235,199,36
E33006863,270,95,47,48,175,136,39
E33006864,346,145,39,106,201,164,37
E33006865,293,124,35,89,169,139,30
E33006866,454,159,35,124,295,217,78
E33006867,549,262,81,181,287,232,55
E33006868,244,104,51,53,140,105,35
E33006869,383,169,62,107,214,172,42
E33006870,314,114,40,74,200,162,38
E33006871,597,272,67,205,325,265,60
E33006872,580,241,76,165,339,265,74
E33006873,310,109,36,73,201,160,41
E33006874,407,171,66,105,236,172,64
E33006875,488,151,55,96,337,272,65
E33006876,283,107,33,74,176,140,36
E33006877,383,145,57,88,238,209,29
E33006878,1058,271,67,204,787,664,123
E33006879,557,128,35,93,429,331,98
E33006880,576,219,74,145,357,325,32
E33006881,1216,213,35,178,1003,906,97
E33006882,639,276,88,188,363,311,52
E33006883,652,311,123,188,341,281,60
E33006884,649,291,106,185,358,285,73
E33006885,469,195,60,135,274,218,56
E33006886,256,124,59,65,132,99,33
E33006887,413,171,54,117,242,192,50
E33006888,234,99,28,71,135,101,34
E33006889,291,118,47,71,173,133,40
E33006890,651,175,69,106,476,376,100
E33006891,562,252,93,159,310,255,55
E33006892,429,170,51,119,259,217,42
E33006893,372,138,40,98,234,193,41
E33006894,249,117,38,79,132,111,21
E33006895,279,109,29,80,170,148,22
E33006896,271,103,49,54,168,114,54
E33006897,447,207,87,120,240,187,53
E33006898,344,128,44,84,216,162,54
E33006899,565,248,114,134,317,234,83
E33006900,278,122,48,74,156,116,40
E33006901,503,193,52,141,310,243,67
E33006902,349,139,40,99,210,175,35
E33006903,385,138,38,100,247,210,37
E33006904,280,63,18,45,217,194,23
E33006905,704,232,74,158,472,386,86
E33006906,297,57,23,34,240,187,53
E33006907,377,151,60,91,226,174,52
E33006908,260,106,46,60,154,119,35
E33006909,377,125,48,77,252,207,45
E33006910,540,141,57,84,399,346,53
E33006911,621,198,70,128,423,319,104
E33006912,323,90,36,54,233,177,56
E33006913,297,63,23,40,234,193,41
E33006914,273,122,26,96,151,118,33
E33006915,226,101,43,58,125,100,25
E33006916,239,94,30,64,145,131,14
E33006917,254,50,9,41,204,179,25
E33006918,1041,578,90,488,463,403,60
E33006919,392,174,55,119,218,175,43
E33006920,392,139,32,107,253,195,58
E33006921,263,100,37,63,163,137,26
E33006922,543,160,64,96,383,279,104
E33006923,398,150,46,104,248,199,49
E33006924,257,110,28,82,147,129,18
E33006925,259,79,29,50,180,150,30
E33006926,506,108,27,81,398,326,72
E33006927,283,118,31,87,165,136,29
E33006928,569,292,21,271,277,249,28
E33006929,655,265,111,154,390,342,48
E33006930,232,75,34,41,157,117,40
E33006931,435,105,12,93,330,288,42
E33006932,783,375,110,265,408,359,49
E33006933,388,63,13,50,325,277,48
E33006934,254,133,36,97,121,113,8
E33006935,263,103,28,75,160,147,13
E33006936,422,187,41,146,235,214,21
E33006937,405,124,26,98,281,257,24
E33006938,740,132,51,81,608,497,111
E33006939,664,116,33,83,548,452,96
E33006940,944,155,45,110,789,623,166
E33006941,269,137,52,85,132,109,23
E33006942,794,149,42,107,645,537,108
E33006943,1158,161,54,107,997,814,183
E33006944,591,95,38,57,496,414,82
E33006945,609,52,19,33,557,485,72
E33006946,771,106,15,91,665,570,95
E33006947,388,15,5,10,373,340,33
E33006948,297,92,27,65,205,146,59
E33006949,418,50,13,37,368,310,58
E33006950,725,68,13,55,657,570,87
E33006951,1174,141,42,99,1033,868,165
E33006952,271,109,44,65,162,136,26
E33006953,388,94,26,68,294,253,41
E33006954,272,91,31,60,181,148,33
E33006955,301,79,21,58,222,170,52
E33006956,610,214,79,135,396,322,74
E33006957,445,126,32,94,319,283,36
E33006958,373,89,30,59,284,245,39
E33006959,275,145,63,82,130,104,26
E33006960,391,87,23,64,304,212,92
E33006961,520,87,21,66,433,355,78
E33006962,436,153,55,98,283,243,40
E33006963,643,200,55,145,443,372,71
E33006964,328,103,29,74,225,188,37
E33006965,336,117,33,84,219,170,49
E33006966,537,190,52,138,347,286,61
E33006967,307,102,30,72,205,173,32
E33006968,461,179,61,118,282,234,48
E33006969,426,167,58,109,259,210,49
E33006970,291,106,34,72,185,149,36
E33006971,254,112,27,85,142,116,26
E33006972,1465,525,110,415,940,876,64
E33006973,705,80,24,56,625,503,122
E33006974,407,73,28,45,334,283,51
E33006975,427,112,48,64,315,244,71
E33006976,277,106,46,60,171,141,30
E33006977,300,110,39,71,190,135,55
E33006978,411,140,46,94,271,201,70
E33006979,269,63,26,37,206,152,54
E33006980,460,229,103,126,231,199,32
E33006981,520,224,107,117,296,213,83
E33006982,304,99,40,59,205,166,39
E33006983,460,205,95,110,255,184,71
E33006984,241,54,26,28,187,141,46
E33006985,375,160,62,98,215,163,52
E33006986,555,195,72,123,360,281,79
E33006987,248,96,28,68,152,123,29
E33006988,356,146,43,103,210,182,28
E33006989,1265,274,48,226,991,928,63
E33006990,488,121,29,92,367,265,102
E33006991,1319,253,40,213,1066,996,70
E33006992,1707,196,32,164,1511,1413,98
E33006993,1523,208,74,134,1315,1187,128
E33006994,337,64,16,48,273,214,59
E33006995,314,97,34,63,217,159,58
E33006996,295,108,46,62,187,144,43
E33006997,759,314,81,233,445,371,74
E33006998,304,77,27,50,227,179,48
E33006999,424,148,35,113,276,224,52
E33007000,781,224,82,142,557,447,110
E33007001,352,154,42,112,198,159,39
E33007002,258,76,26,50,182,147,35
E33007003,330,122,39,83,208,185,23
E33007004,401,193,38,155,208,171,37
E33007005,306,85,23,62,221,166,55
E33007006,520,156,45,111,364,296,68
E33007007,581,92,41,51,489,394,95
E33007008,1636,393,109,284,1243,984,259
E33007009,349,98,45,53,251,179,72
E33007010,339,113,31,82,226,204,22
E33007011,364,67,23,44,297,232,65
E33007012,263,109,37,72,154,127,27
E33007013,322,105,54,51,217,156,61
E33007014,282,101,44,57,181,144,37
E33007015,344,173,47,126,171,144,27
E33007016,951,276,80,196,675,542,133
E33007017,276,105,18,87,171,132,39
E33007018,262,117,32,85,145,119,26
E33007019,862,299,84,215,563,484,79
E33007020,306,55,15,40,251,205,46
E33007021,222,92,29,63,130,107,23
E33007022,269,89,30,59,180,148,32
E33007023,301,65,26,39,236,193,43
E33007024,278,109,44,65,169,131,38
E33007025,807,105,31,74,702,668,34
E33007026,540,74,11,63,466,409,57
E33007027,246,76,20,56,170,156,14
E33007028,456,113,44,69,343,243,100
E33007029,3807,1274,176,1098,2533,2283,250
E33007030,538,187,40,147,351,327,24
E33007031,327,163,56,107,164,134,30
E33007032,461,113,36,77,348,267,81
E33007033,269,124,41,83,145,107,38
E33007034,259,89,38,51,170,130,40
E33007035,434,103,39,64,331,272,59
E33007036,347,153,61,92,194,165,29
E33007037,313,114,36,78,199,159,40
E33007038,331,116,42,74,215,167,48
E33007039,545,223,73,150,322,272,50
E33007040,472,124,46,78,348,276,72
E33007041,296,117,37,80,179,144,35
E33007042,325,86,12,74,239,190,49
E33007043,302,109,27,82,193,154,39
E33007044,267,57,14,43,210,191,19
E33007045,541,266,55,211,275,258,17
E33007046,305,59,24,35,246,210,36
E33007047,284,104,40,64,180,142,38
E33007048,614,301,126,175,313,260,53
E33007049,257,58,28,30,199,172,27
E33007050,378,72,19,53,306,235,71
E33007051,442,149,52,97,293,231,62
E33007052,318,109,27,82,209,174,35
E33007053,594,139,44,95,455,385,70
E33007054,252,101,28,73,151,126,25
E33007055,427,119,32,87,308,245,63
E33007056,295,102,38,64,193,154,39
E33007057,541,252,87,165,289,231,58
E33007058,382,118,44,74,264,212,52
E33007059,590,245,48,197,345,293,52
E33007060,899,139,56,83,760,663,97
E33007061,331,113,36,77,218,179,39
E33007062,345,71,22,49,274,207,67
E33007063,269,92,29,63,177,153,24
E33007064,257,72,25,47,185,166,19
E33007065,270,94,30,64,176,144,32
E33007066,534,191,63,128,343,286,57
E33007067,274,103,44,59,171,127,44
E33007068,229,71,20,51,158,130,28
E33007069,350,143,52,91,207,159,48
E33007070,418,174,92,82,244,197,47
E33007071,286,87,28,59,199,151,48
E33007072,681,252,105,147,429,325,104
E33007073,411,188,72,116,223,181,42
E33007074,573,190,79,111,383,293,90
E33007075,290,134,61,73,156,115,41
E33007076,352,148,54,94,204,153,51
E33007077,241,90,33,57,151,125,26
E33007078,333,123,44,79,210,172,38
E33007079,326,129,44,85,197,161,36
E33007080,253,89,28,61,164,131,33
E33007081,418,155,69,86,263,217,46
E33007082,349,125,49,76,224,175,49
E33007083,297,115,48,67,182,141,41
E33007084,342,127,44,83,215,166,49
E33007085,555,227,103,124,328,265,63
E33007086,410,152,51,101,258,197,61
E33007087,487,247,92,155,240,196,44
E33007088,439,138,57,81,301,218,83
E33007089,2395,215,82,133,2180,1444,736
E33007090,559,229,105,124,330,230,100
E33007091,749,180,69,111,569,435,134
E33007092,287,99,47,52,188,139,49
E33007093,352,146,52,94,206,160,46
E33007094,338,116,50,66,222,159,63
E33007095,354,157,31,126,197,167,30
E33007096,379,138,44,94,241,197,44
E33007097,275,78,24,54,197,159,38
E33007098,641,200,55,145,441,374,67
E33007099,437,55,15,40,382,338,44
E33007100,382,130,52,78,252,194,58
E33007101,287,107,49,58,180,140,40
E33007102,357,164,66,98,193,142,51
E33007103,327,156,41,115,171,139,32
E33007104,281,142,50,92,139,111,28
E33007105,254,133,43,90,121,105,16
E33007106,286,126,29,97,160,141,19
E33007107,498,271,58,213,227,186,41
E33007108,295,159,49,110,136,114,22
E33007109,398,183,49,134,215,196,19
E33007110,634,241,60,181,393,338,55
E33007111,374,183,46,137,191,152,39
E33007112,277,122,18,104,155,122,33
E33007113,320,141,37,104,179,154,25
E33007114,357,127,27,100,230,196,34
E33007115,549,211,50,161,338,288,50
E33007116,383,198,49,149,185,144,41
E33007117,398,91,12,79,307,277,30
E33007118,600,250,67,183,350,296,54
E33007119,283,148,36,112,135,110,25
E33007120,594,211,40,171,383,324,59
E33007121,320,182,66,116,138,122,16
E33007122,323,139,41,98,184,162,22
E33007123,421,170,41,129,251,231,20
E33007124,322,128,32,96,194,166,28
E33007125,248,65,21,44,183,145,38
E33007126,331,92,16,76,239,202,37
E33007127,290,121,31,90,169,147,22
E33007128,497,126,40,86,371,270,101
E33007129,401,177,33,144,224,205,19
E33007130,302,66,17,49,236,216,20
E33007131,336,133,44,89,203,156,47
E33007132,287,73,19,54,214,175,39
E33007133,329,126,34,92,203,161,42
E33007134,288,85,26,59,203,180,23
E33007135,375,146,44,102,229,192,37
E33007136,325,105,24,81,220,187,33
E33007137,381,101,23,78,280,225,55
E33007138,341,124,31,93,217,182,35
E33007139,257,80,23,57,177,140,37
E33007140,456,168,49,119,288,246,42
E33007141,543,184,67,117,359,268,91
E33007142,287,114,26,88,173,131,42
E33007143,428,153,30,123,275,225,50
E33007144,772,121,37,84,651,577,74
E33007145,606,187,39,148,419,383,36
E33007146,609,288,78,210,321,257,64
E33007147,473,175,40,135,298,258,40
E33007148,291,97,37,60,194,162,32
E33007149,328,98,36,62,230,171,59
E33007150,826,385,209,176,441,382,59
E33007151,679,185,44,141,494,385,109
E33007152,228,60,22,38,168,144,24
E33007153,451,96,21,75,355,330,25
E33007154,240,89,16,73,151,121,30
E33007155,269,67,14,53,202,187,15
E33007156,354,101,31,70,253,217,36
E33007157,317,68,31,37,249,203,46
E33007158,446,129,32,97,317,289,28
E33007159,416,139,41,98,277,223,54
E33007160,551,227,51,176,324,280,44
E33007161,311,100,23,77,211,178,33
E33007162,379,116,27,89,263,218,45
E33007163,235,111,23,88,124,108,16
E33007164,432,128,37,91,304,248,56
E33007165,301,81,28,53,220,183,37
E33007166,347,33,16,17,314,273,41
E33007167,402,156,58,98,246,205,41
E33007168,367,97,35,62,270,218,52
E33007169,337,123,55,68,214,163,51
E33007170,405,149,75,74,256,186,70
E33007171,305,125,60,65,180,121,59
E33007172,374,115,49,66,259,179,80
E33007173,255,114,30,84,141,114,27
E33007174,275,115,28,87,160,130,30
E33007175,348,149,42,107,199,166,33
E33007176,332,126,35,91,206,179,27
E33007177,279,121,48,73,158,134,24
E33007178,568,210,49,161,358,297,61
E33007179,406,135,49,86,271,209,62
E33007180,420,111,29,82,309,271,38
E33007181,644,111,43,68,533,447,86
E33007182,990,319,87,232,671,594,77
E33007183,354,162,61,101,192,155,37
E33007184,513,182,64,118,331,252,79
E33007185,292,131,43,88,161,121,40
E33007186,350,112,30,82,238,185,53
E33007187,428,161,49,112,267,216,51
E33007188,526,158,47,111,368,282,86
E33007189,539,218,56,162,321,272,49
E33007190,354,148,51,97,206,175,31
E33007191,250,122,39,83,128,92,36
E33007192,362,119,51,68,243,191,52
E33007193,346,96,18,78,250,199,51
E33007194,700,285,67,218,415,318,97
E33007195,562,123,25,98,439,351,88
E33007196,311,112,28,84,199,160,39
E33007197,393,124,34,90,269,206,63
E33007198,441,143,34,109,298,210,88
E33007199,494,176,31,145,318,284,34
E33007200,261,93,28,65,168,139,29
E33007201,230,102,31,71,128,115,13
E33007202,332,132,27,105,200,171,29
E33007203,266,91,19,72,175,147,28
E33007204,321,121,32,89,200,156,44
E33007205,457,127,22,105,330,284,46
E33007206,262,79,26,53,183,148,35
E33007207,299,101,38,63,198,153,45
E33007208,334,129,36,93,205,176,29
E33007209,245,63,23,40,182,154,28
E33007210,398,145,30,115,253,190,63
E33007211,4610,1246,166,1080,3364,3039,325
E33007212,312,85,14,71,227,179,48
E33007213,396,118,21,97,278,238,40
E33007214,233,103,24,79,130,97,33
E33007215,275,95,25,70,180,134,46
E33007216,375,129,40,89,246,181,65
E33007217,523,66,16,50,457,425,32
E33007218,396,114,26,88,282,160,122
E33007219,859,340,89,251,519,446,73
E33007220,345,137,38,99,208,151,57
E33007221,341,122,34,88,219,177,42
E33007222,386,153,50,103,233,199,34
E33007223,291,93,24,69,198,156,42
E33007224,936,316,63,253,620,545,75
E33007225,298,128,35,93,170,148,22
E33007226,328,122,30,92,206,167,39
E33007227,524,164,63,101,360,204,156
E33007228,285,74,21,53,211,105,106
E33007229,396,137,29,108,259,167,92
E33007230,347,152,51,101,195,133,62
E33007231,311,139,58,81,172,139,33
E33007232,265,71,11,60,194,159,35
E33007233,229,70,16,54,159,128,31
E33007234,896,239,45,194,657,616,41
E33007235,296,108,23,85,188,160,28
E33007236,246,70,19,51,176,138,38
E33007237,1991,719,160,559,1272,1216,56
E33007238,259,133,49,84,126,103,23
E33007239,308,148,38,110,160,115,45
E33007240,308,87,25,62,221,174,47
E33007241,273,76,28,48,197,164,33
E33007242,353,141,48,93,212,176,36
E33007243,394,124,28,96,270,233,37
E33007244,291,131,45,86,160,121,39
E33007245,476,164,33,131,312,252,60
E33007246,316,129,41,88,187,158,29
E33007247,333,114,33,81,219,185,34
E33007248,303,93,25,68,210,168,42
E33007249,335,105,28,77,230,172,58
E33007250,278,119,34,85,159,138,21
E33007251,307,103,19,84,204,163,41
E33007252,274,125,38,87,149,114,35
E33007253,311,130,42,88,181,144,37
E33007254,613,115,42,73,498,423,75
E33007255,323,120,27,93,203,170,33
E33007256,473,163,44,119,310,254,56
E33007257,307,124,34,90,183,152,31
E33007258,365,76,26,50,289,234,55
E33007259,305,117,43,74,188,140,48
E33007260,317,111,23,88,206,156,50
E33007261,314,121,22,99,193,167,26
E33007262,307,107,26,81,200,161,39
E33007263,577,176,56,120,401,278,123
E33007264,347,136,61,75,211,141,70
E33007265,553,115,39,76,438,333,105
E33007266,253,99,33,66,154,108,46
E33007267,1016,149,54,95,867,700,167
E33007268,244,64,23,41,180,135,45
E33007269,340,120,45,75,220,149,71
E33007270,1392,325,87,238,1067,918,149
E33007271,270,89,28,61,181,123,58
E33007272,296,113,44,69,183,139,44
E33007273,527,151,32,119,376,338,38
E33007274,458,183,66,117,275,206,69
E33007275,245,101,43,58,144,120,24
E33007276,269,98,28,70,171,135,36
E33007277,229,104,37,67,125,103,22
E33007278,306,136,34,102,170,143,27
E33007279,263,108,47,61,155,128,27
E33007280,276,105,49,56,171,134,37
E33007281,271,105,42,63,166,125,41
E33007282,354,142,40,102,212,166,46
E33007283,505,101,23,78,404,369,35
E33007284,431,221,73,148,210,177,33
E33007285,478,228,59,169,250,207,43
E33007286,442,91,14,77,351,318,33
E33007287,295,120,39,81,175,127,48
E33007288,296,114,20,94,182,153,29
E33007289,393,152,46,106,241,197,44
E33007290,278,112,54,58,166,123,43
E33007291,206,56,20,36,150,116,34
E33007292,249,92,44,48,157,95,62
E33007293,356,124,41,83,232,202,30
E33007294,339,122,54,68,217,166,51
E33007295,265,89,34,55,176,100,76
E33007296,210,92,31,61,118,87,31
E33007297,448,189,75,114,259,197,62
E33007298,335,127,52,75,208,154,54
E33007299,589,270,77,193,319,264,55
E33007300,856,472,75,397,384,343,41
E33007301,675,204,43,161,471,426,45
E33007302,599,198,44,154,401,343,58
E33007303,372,122,31,91,250,216,34
E33007304,416,153,53,100,263,229,34
E33007305,532,126,32,94,406,349,57
E33007306,349,92,27,65,257,223,34
E33007307,397,146,40,106,251,197,54
E33007308,1540,489,212,277,1051,879,172
E33007309,453,216,62,154,237,208,29
E33007310,439,147,66,81,292,222,70
E33007311,595,340,170,170,255,206,49
E33007312,648,307,80,227,341,296,45
E33007313,335,115,58,57,220,156,64
E33007314,250,91,32,59,159,128,31
E33007315,368,143,53,90,225,193,32
E33007316,249,109,40,69,140,108,32
E33007317,453,162,48,114,291,235,56
E33007318,325,104,42,62,221,176,45
E33007319,564,244,109,135,320,247,73
E33007320,313,125,50,75,188,132,56
E33007321,380,145,71,74,235,189,46
E33007322,380,102,35,67,278,217,61
E33007323,313,142,57,85,171,142,29
E33007324,537,283,89,194,254,231,23
E33007325,272,107,46,61,165,128,37
E33007326,367,131,59,72,236,191,45
E33007327,338,130,46,84,208,160,48
E33007328,254,118,43,75,136,96,40
E33007329,342,117,45,72,225,168,57
E33007330,270,109,43,66,161,127,34
E33007331,353,153,56,97,200,153,47
E33007332,808,318,99,219,490,434,56
E33007333,279,123,44,79,156,114,42
E33007334,347,134,41,93,213,188,25
E33007335,279,112,38,74,167,121,46
E33007336,326,109,32,77,217,175,42
E33007337,365,119,41,78,246,203,43
E33007338,272,96,45,51,176,125,51
E33007339,427,66,27,39,361,294,67
E33007340,276,98,36,62,178,115,63
E33007341,316,105,36,69,211,136,75
E33007342,377,119,37,82,258,199,59
E33007343,382,75,25,50,307,220,87
E33007344,415,170,71,99,245,176,69
E33007345,223,86,35,51,137,76,61
E33007346,273,79,31,48,194,140,54
E33007347,292,138,45,93,154,114,40
E33007348,241,84,38,46,157,83,74
E33007349,376,148,55,93,228,180,48
E33007350,300,104,36,68,196,135,61
E33007351,420,151,59,92,269,206,63
E33007352,242,78,35,43,164,97,67
E33007353,460,118,40,78,342,239,103
E33007354,252,68,34,34,184,117,67
E33007355,328,77,32,45,251,161,90
E33007356,459,100,33,67,359,265,94
E33007357,639,199,108,91,440,309,131
E33007358,258,91,41,50,167,94,73
E33007359,288,80,28,52,208,150,58
E33007360,394,157,79,78,237,145,92
E33007361,436,154,84,70,282,171,111
E33007362,249,124,56,68,125,87,38
E33007363,311,122,53,69,189,137,52
E33007364,583,216,74,142,367,281,86
E33007365,369,69,32,37,300,264,36
E33007366,432,156,58,98,276,220,56
E33007367,370,159,61,98,211,161,50
E33007368,481,195,82,113,286,219,67
E33007369,639,148,43,105,491,405,86
E33007370,508,64,20,44,444,325,119
E33007371,549,171,64,107,378,284,94
E33007372,385,154,61,93,231,186,45
E33007373,301,99,37,62,202,161,41
E33007374,610,144,40,104,466,370,96
E33007375,411,128,52,76,283,224,59
E33007376,415,125,35,90,290,234,56
E33007377,661,326,136,190,335,303,32
E33007378,344,132,43,89,212,184,28
E33007379,326,117,38,79,209,164,45
E33007380,335,163,44,119,172,144,28
E33007381,593,158,35,123,435,354,81
E33007382,396,113,48,65,283,224,59
E33007383,313,130,50,80,183,146,37
E33007384,302,140,51,89,162,136,26
E33007385,492,57,22,35,435,373,62
E33007386,349,118,47,71,231,172,59
E33007387,280,71,27,44,209,165,44
E33007388,306,112,45,67,194,117,77
E33007389,275,127,26,101,148,120,28
E33007390,503,218,93,125,285,218,67
E33007391,365,172,68,104,193,141,52
E33007392,263,73,26,47,190,149,41
E33007393,232,96,31,65,136,113,23
E33007394,270,106,52,54,164,131,33
E33007395,652,214,77,137,438,339,99
E33007396,468,101,32,69,367,264,103
E33007397,652,94,25,69,558,430,128
E33007398,545,322,145,177,223,193,30
E33007399,309,96,35,61,213,148,65
E33007400,271,108,37,71,163,126,37
E33007401,277,82,27,55,195,152,43
E33007402,371,134,45,89,237,169,68
E33007403,283,111,27,84,172,129,43
E33007404,250,97,38,59,153,111,42
E33007405,389,148,48,100,241,136,105
E33007406,517,64,19,45,453,353,100
E33007407,289,108,37,71,181,134,47
E33007408,420,160,49,111,260,181,79
E33007409,469,234,72,162,235,192,43
E33007410,287,120,50,70,167,133,34
E33007411,238,102,44,58,136,92,44
E33007412,1007,214,62,152,793,685,108
E33007413,362,159,44,115,203,157,46
E33007414,566,281,105,176,285,206,79
E33007415,317,137,61,76,180,132,48
E33007416,799,270,102,168,529,391,138
E33007417,350,114,33,81,236,187,49
E33007418,275,99,43,56,176,124,52
E33007419,272,134,26,108,138,112,26
E33007420,268,101,30,71,167,147,20
E33007421,505,198,71,127,307,232,75
E33007422,1266,426,107,319,840,747,93
E33007423,279,138,25,113,141,113,28
E33007424,1673,302,95,207,1371,1131,240
E33007425,290,111,21,90,179,162,17
E33007426,268,103,40,63,165,123,42
E33007427,235,98,52,46,137,115,22
E33007428,265,130,47,83,135,113,22
E33007429,246,91,27,64,155,130,25
E33007430,346,140,42,98,206,178,28
E33007431,295,92,19,73,203,168,35
E33007432,425,173,44,129,252,199,53
E33007433,739,153,43,110,586,496,90
E33007434,282,101,37,64,181,128,53
E33007435,264,76,27,49,188,126,62
E33007436,536,241,91,150,295,226,69
E33007437,340,114,41,73,226,155,71
E33007438,332,88,36,52,244,198,46
E33007439,238,61,29,32,177,127,50
E33007440,270,118,32,86,152,132,20
E33007441,336,124,32,92,212,159,53
E33007442,904,313,100,213,591,474,117
E33007443,362,140,55,85,222,187,35
E33007444,299,131,46,85,168,118,50
E33007445,484,199,89,110,285,205,80
E33007446,479,100,28,72,379,286,93
E33007447,711,281,81,200,430,358,72
E33007448,244,96,21,75,148,114,34
E33007449,562,204,90,114,358,309,49
E33007450,331,147,61,86,184,141,43
E33007451,268,87,43,44,181,139,42
E33007452,271,79,26,53,192,147,45
E33007453,337,160,66,94,177,130,47
E33007454,408,113,41,72,295,241,54
E33007455,319,107,24,83,212,160,52
E33007456,286,104,31,73,182,146,36
E33007457,263,77,32,45,186,145,41
E33007458,602,242,56,186,360,314,46
E33007459,564,157,50,107,407,314,93
E33007460,345,120,43,77,225,115,110
E33007461,587,221,99,122,366,239,127
E33007462,4088,1507,301,1206,2581,2268,313
E33007463,395,131,54,77,264,152,112
E33007464,519,119,50,69,400,213,187
E33007465,472,162,69,93,310,228,82
E33007466,267,72,31,41,195,125,70
E33007467,970,325,119,206,645,510,135
E33007468,259,59,19,40,200,153,47
E33007469,277,115,50,65,162,117,45
E33007470,455,175,68,107,280,213,67
E33007471,296,139,47,92,157,127,30
E33007472,268,56,28,28,212,179,33
E33007473,229,64,13,51,165,136,29
E33007474,253,77,24,53,176,134,42
E33007475,407,149,69,80,258,191,67
E33007476,485,186,65,121,299,226,73
E33007477,874,158,73,85,716,520,196
E33007478,904,93,36,57,811,563,248
E33007479,338,91,38,53,247,134,113
E33007480,522,185,75,110,337,215,122
E33007481,321,176,80,96,145,98,47
E33007482,618,218,97,121,400,234,166
E33007483,276,98,46,52,178,95,83
E33007484,441,181,57,124,260,180,80
E33007485,389,54,24,30,335,252,83
E33007486,416,183,37,146,233,204,29
E33007487,304,117,41,76,187,148,39
E33007488,296,81,34,47,215,183,32
E33007489,415,189,87,102,226,165,61
E33007490,737,189,47,142,548,434,114
E33007491,530,162,42,120,368,257,111
E33007492,262,101,43,58,161,128,33
E33007493,528,202,62,140,326,249,77
E33007494,326,152,60,92,174,130,44
E33007495,641,140,48,92,501,404,97
E33007496,466,179,67,112,287,222,65
E33007497,388,139,36,103,249,208,41
E33007498,418,164,64,100,254,186,68
E33007499,494,235,80,155,259,199,60
E33007500,318,125,36,89,193,170,23
E33007501,679,140,34,106,539,471,68
E33007502,466,69,13,56,397,335,62
E33007503,248,59,15,44,189,165,24
E33007504,291,101,25,76,190,169,21
E33007505,411,162,39,123,249,207,42
E33007506,592,149,59,90,443,359,84
E33007507,239,73,20,53,166,133,33
E33007508,283,51,10,41,232,181,51
E33007509,1776,144,42,102,1632,1443,189
E33007510,306,143,29,114,163,147,16
E33007511,327,122,39,83,205,162,43
E33007512,280,111,32,79,169,139,30
E33007513,333,181,48,133,152,137,15
E33007514,292,123,44,79,169,137,32
E33007515,426,111,35,76,315,220,95
E33007516,611,210,64,146,401,329,72
E33007517,275,107,24,83,168,140,28
E33007518,621,303,98,205,318,259,59
E33007519,337,166,33,133,171,164,7
E33007520,927,514,171,343,413,358,55
E33007521,817,472,236,236,345,311,34
E33007522,1175,95,27,68,1080,970,110
E33007523,332,88,34,54,244,214,30
E33007524,1821,120,39,81,1701,1437,264
E33007525,389,81,15,66,308,255,53
E33007526,710,431,90,341,279,248,31
E33007527,338,104,36,68,234,188,46
E33007528,346,128,52,76,218,180,38
E33007529,293,114,33,81,179,139,40
E33007530,534,155,38,117,379,344,35
E33007531,752,169,44,125,583,519,64
E33007532,430,126,37,89,304,241,63
E33007533,271,154,33,121,117,102,15
E33007534,349,115,47,68,234,184,50
E33007535,358,131,45,86,227,177,50
E33007536,323,152,60,92,171,125,46
E33007537,364,111,48,63,253,207,46
E33007538,256,104,54,50,152,115,37
E33007539,400,147,60,87,253,200,53
E33007540,307,89,42,47,218,161,57
E33007541,401,191,68,123,210,163,47
E33007542,282,88,31,57,194,152,42
E33007543,296,102,42,60,194,147,47
E33007544,427,214,99,115,213,176,37
E33007545,411,173,74,99,238,190,48
E33007546,307,141,61,80,166,118,48
E33007547,269,84,37,47,185,156,29
E33007548,275,145,61,84,130,102,28
E33007549,371,137,62,75,234,176,58
E33007550,543,150,43,107,393,326,67
E33007551,420,177,60,117,243,202,41
E33007552,356,139,43,96,217,177,40
E33007553,728,219,75,144,509,427,82
E33007554,404,158,71,87,246,180,66
E33007555,399,86,25,61,313,256,57
E33007556,292,86,29,57,206,164,42
E33007557,304,99,40,59,205,153,52
E33007558,228,59,25,34,169,133,36
E33007559,280,115,50,65,165,119,46
E33007560,535,240,65,175,295,235,60
E33007561,679,234,84,150,445,353,92
E33007562,591,101,34,67,490,446,44
E33007563,430,83,31,52,347,282,65
E33007564,355,144,59,85,211,152,59
E33007565,337,96,47,49,241,170,71
E33007566,281,92,36,56,189,119,70
E33007567,488,111,28,83,377,327,50
E33007568,265,89,37,52,176,109,67
E33007569,252,108,36,72,144,111,33
E33007570,373,91,40,51,282,200,82
E33007571,321,114,45,69,207,131,76
E33007572,651,239,86,153,412,318,94
E33007573,293,103,44,59,190,150,40
E33007574,266,103,52,51,163,135,28
E33007575,287,66,25,41,221,157,64
E33007576,229,93,29,64,136,97,39
E33007577,236,78,28,50,158,98,60
E33007578,281,131,56,75,150,100,50
E33007579,303,105,48,57,198,144,54
E33007580,292,94,36,58,198,140,58
E33007581,282,108,44,64,174,125,49
E33007582,434,175,74,101,259,203,56
E33007583,302,128,41,87,174,124,50
E33007584,270,76,18,58,194,149,45
E33007585,475,165,67,98,310,240,70
E33007586,267,104,38,66,163,138,25
E33007587,241,94,44,50,147,109,38
E33007588,370,191,88,103,179,125,54
E33007589,612,150,71,79,462,337,125
E33007590,507,173,74,99,334,217,117
E33007591,242,110,34,76,132,105,27
E33007592,468,75,24,51,393,335,58
E33007593,221,61,30,31,160,121,39
E33007594,227,84,29,55,143,108,35
E33007595,279,115,47,68,164,125,39
E33007596,274,109,45,64,165,122,43
E33007597,417,104,38,66,313,244,69
E33007598,507,166,71,95,341,223,118
E33007599,397,109,38,71,288,225,63
E33007600,268,96,43,53,172,119,53
E33007601,387,104,25,79,283,241,42
E33007602,337,44,14,30,293,267,26
E33007603,275,97,31,66,178,115,63
E33007604,277,88,44,44,189,139,50
E33007605,334,77,23,54,257,221,36
E33007606,272,75,35,40,197,143,54
E33007607,219,59,18,41,160,140,20
E33007608,376,160,62,98,216,168,48
E33007609,366,65,19,46,301,249,52
E33007610,459,120,45,75,339,277,62
E33007611,484,153,64,89,331,266,65
E33007612,472,205,76,129,267,205,62
E33007613,707,160,61,99,547,464,83
E33007614,446,167,68,99,279,206,73
E33007615,510,248,73,175,262,217,45
E33007616,459,184,80,104,275,210,65
E33007617,391,143,52,91,248,185,63
E33007618,451,158,43,115,293,248,45
E33007619,266,92,30,62,174,141,33
E33007620,458,110,30,80,348,282,66
E33007621,223,52,9,43,171,149,22
E33007622,277,110,48,62,167,131,36
E33007623,449,111,47,64,338,299,39
E33007624,391,156,57,99,235,167,68
E33007625,634,219,81,138,415,359,56
E33007626,291,125,48,77,166,135,31
E33007627,660,263,103,160,397,324,73
E33007628,523,180,46,134,343,267,76
E33007629,489,126,33,93,363,306,57
E33007630,572,172,55,117,400,350,50
E33007631,444,127,40,87,317,275,42
E33007632,292,79,17,62,213,172,41
E33007633,479,133,34,99,346,303,43
E33007634,702,277,84,193,425,352,73
E33007635,335,101,27,74,234,189,45
E33007636,337,77,37,40,260,214,46
E33007637,414,180,57,123,234,191,43
E33007638,266,111,43,68,155,122,33
E33007639,333,126,37,89,207,164,43
E33007640,484,147,54,93,337,246,91
E33007641,314,94,40,54,220,140,80
E33007642,267,67,27,40,200,114,86
E33007643,252,102,42,60,150,116,34
E33007644,331,92,31,61,239,177,62
E33007645,275,97,46,51,178,118,60
E33007646,467,135,66,69,332,218,114
E33007647,359,113,57,56,246,154,92
E33007648,245,84,40,44,161,103,58
E33007649,338,120,56,64,218,142,76
E33007650,368,91,16,75,277,232,45
E33007651,270,82,28,54,188,148,40
E33007652,516,111,41,70,405,331,74
E33007653,441,91,31,60,350,284,66
E33007654,284,138,44,94,146,110,36
E33007655,324,116,46,70,208,157,51
E33007656,346,141,68,73,205,150,55
E33007657,319,120,39,81,199,133,66
E33007658,382,139,74,65,243,206,37
E33007659,291,101,39,62,190,157,33
E33007660,337,78,32,46,259,192,67
E33007661,265,100,42,58,165,103,62
E33007662,404,110,33,77,294,225,69
E33007663,386,136,59,77,250,166,84
E33007664,338,168,69,99,170,115,55
E33007665,327,129,56,73,198,130,68
E33007666,433,144,62,82,289,219,70
E33007667,420,162,52,110,258,192,66
E33007668,430,167,52,115,263,224,39
E33007669,418,136,43,93,282,222,60
E33007670,249,83,40,43,166,98,68
E33007671,616,207,77,130,409,360,49
E33007672,574,190,72,118,384,289,95
E33007673,359,121,34,87,238,197,41
E33007674,649,228,116,112,421,309,112
E33007675,266,68,25,43,198,145,53
E33007676,499,73,26,47,426,287,139
E33007677,488,127,41,86,361,246,115
E33007678,316,109,35,74,207,146,61
E33007679,706,161,45,116,545,421,124
E33007680,265,105,42,63,160,131,29
E33007681,560,117,41,76,443,339,104
E33007682,579,117,42,75,462,365,97
E33007683,343,149,47,102,194,159,35
E33007684,831,426,158,268,405,361,44
E33007685,272,118,25,93,154,131,23
E33007686,392,80,29,51,312,261,51
E33007687,317,132,23,109,185,152,33
E33007688,383,174,62,112,209,156,53
E33007689,441,210,71,139,231,189,42
E33007690,252,89,37,52,163,118,45
E33007691,294,139,46,93,155,127,28
E33007692,302,82,23,59,220,190,30
E33007693,377,147,50,97,230,177,53
E33007694,504,137,26,111,367,319,48
E33007695,411,186,61,125,225,181,44
E33007696,289,112,36,76,177,136,41
E33007697,297,104,33,71,193,148,45
E33007698,350,123,46,77,227,168,59
E33007699,306,104,41,63,202,163,39
E33007700,256,117,57,60,139,117,22
E33007701,487,200,92,108,287,218,69
E33007702,392,144,60,84,248,182,66
E33007703,310,114,36,78,196,144,52
E33007704,352,176,77,99,176,133,43
E33007705,277,100,42,58,177,142,35
E33007706,283,109,49,60,174,135,39
E33007707,361,160,82,78,201,140,61
E33007708,353,135,47,88,218,166,52
E33007709,258,94,43,51,164,102,62
E33007710,469,158,63,95,311,232,79
E33007711,337,111,43,68,226,186,40
E33007712,332,172,68,104,160,122,38
E33007713,286,104,40,64,182,143,39
E33007714,456,178,74,104,278,233,45
E33007715,475,96,40,56,379,265,114
E33007716,449,60,14,46,389,343,46
E33007717,444,78,26,52,366,332,34
E33007718,367,75,29,46,292,231,61
E33007719,344,172,48,124,172,127,45
E33007720,568,60,20,40,508,446,62
E33007721,419,88,29,59,331,271,60
E33007722,218,79,42,37,139,98,41
E33007723,557,223,69,154,334,260,74
E33007724,399,124,34,90,275,218,57
E33007725,455,102,23,79,353,301,52
E33007726,290,96,22,74,194,161,33
E33007727,1219,404,140,264,815,614,201
E33007728,586,337,52,285,249,231,18
E33007729,675,267,74,193,408,345,63
E33007730,322,115,35,80,207,166,41
E33007731,772,298,95,203,474,372,102
E33007732,287,149,50,99,138,111,27
E33007733,237,86,31,55,151,100,51
E33007734,273,128,54,74,145,100,45
E33007735,655,272,110,162,383,313,70
E33007736,294,99,45,54,195,162,33
E33007737,460,160,55,105,300,241,59
E33007738,406,144,57,87,262,172,90
E33007739,556,143,32,111,413,370,43
E33007740,244,144,34,110,100,87,13
E33007741,250,116,35,81,134,103,31
E33007742,481,165,76,89,316,217,99
E33007743,208,102,41,61,106,74,32
E33007744,207,58,18,40,149,84,65
E33007745,322,106,26,80,216,169,47
E33007746,286,69,19,50,217,124,93
E33007747,247,54,18,36,193,106,87
E33007748,376,202,76,126,174,133,41
E33007749,296,88,33,55,208,124,84
E33007750,344,106,49,57,238,134,104
E33007751,513,159,60,99,354,181,173
E33007752,262,82,37,45,180,98,82
E33007753,289,97,31,66,192,102,90
E33007754,401,120,45,75,281,202,79
E33007755,389,114,50,64,275,199,76
E33007756,275,78,33,45,197,138,59
E33007757,629,98,34,64,531,458,73
E33007758,491,222,70,152,269,205,64
E33007759,308,93,34,59,215,117,98
E33007760,342,130,50,80,212,130,82
E33007761,295,103,41,62,192,116,76
E33007762,357,103,51,52,254,132,122
E33007763,255,110,37,73,145,92,53
E33007764,371,139,47,92,232,185,47
E33007765,335,85,21,64,250,225,25
E33007766,325,139,47,92,186,164,22
E33007767,301,100,32,68,201,159,42
E33007768,418,198,47,151,220,190,30
E33007769,608,110,26,84,498,404,94
E33007770,446,170,41,129,276,224,52
E33007771,401,129,38,91,272,215,57
E33007772,312,111,50,61,201,134,67
E33007773,246,104,42,62,142,88,54
E33007774,325,107,33,74,218,150,68
E33007775,276,95,37,58,181,131,50
E33007776,846,178,67,111,668,528,140
E33007777,323,144,35,109,179,146,33
E33007778,298,124,33,91,174,139,35
E33007779,391,92,21,71,299,261,38
E33007780,278,101,39,62,177,132,45
E33007781,415,189,75,114,226,186,40
E33007782,374,118,46,72,256,168,88
E33007783,292,105,45,60,187,105,82
E33007784,434,174,31,143,260,227,33
E33007785,405,192,50,142,213,188,25
E33007786,420,159,50,109,261,231,30
E33007787,262,113,45,68,149,116,33
E33007788,276,98,24,74,178,144,34
E33007789,255,121,27,94,134,115,19
E33007790,728,121,35,86,607,532,75
E33007791,406,134,40,94,272,234,38
E33007792,772,328,60,268,444,399,45
E33007793,323,130,31,99,193,165,28
E33007794,402,192,42,150,210,184,26
E33007795,346,132,45,87,214,173,41
E33007796,346,121,32,89,225,192,33
E33007797,311,113,35,78,198,159,39
E33007798,435,226,74,152,209,154,55
E33007799,270,61,16,45,209,128,81
E33007800,329,109,37,72,220,159,61
E33007801,460,152,50,102,308,254,54
E33007802,257,89,30,59,168,133,35
E33007803,309,101,32,69,208,168,40
E33007804,228,86,28,58,142,108,34
E33007805,474,171,71,100,303,250,53
E33007806,330,70,26,44,260,185,75
E33007807,281,58,17,41,223,136,87
E33007808,277,108,39,69,169,125,44
E33007809,297,118,49,69,179,131,48
E33007810,273,110,44,66,163,140,23
E33007811,279,72,21,51,207,175,32
E33007812,408,97,28,69,311,265,46
E33007813,418,220,77,143,198,157,41
E33007814,268,106,40,66,162,124,38
E33007815,367,164,69,95,203,146,57
E33007816,2578,1106,252,854,1472,1336,136
E33007817,594,260,98,162,334,267,67
E33007818,250,133,60,73,117,97,20
E33007819,482,136,29,107,346,323,23
E33007820,415,115,37,78,300,275,25
E33007821,281,131,43,88,150,114,36
E33007822,1270,146,49,97,1124,1010,114
E33007823,312,165,51,114,147,120,27
E33007824,396,152,61,91,244,192,52
E33007825,529,222,61,161,307,272,35
E33007826,355,111,41,70,244,203,41
E33007827,314,181,55,126,133,119,14
E33007828,438,83,27,56,355,294,61
E33007829,293,137,52,85,156,106,50
E33007830,381,157,44,113,224,201,23
E33007831,354,159,42,117,195,159,36
E33007832,252,116,36,80,136,116,20
E33007833,430,198,43,155,232,199,33
E33007834,259,105,27,78,154,134,20
E33007835,267,113,27,86,154,133,21
E33007836,293,166,49,117,127,94,33
E33007837,302,101,22,79,201,181,20
E33007838,437,158,33,125,279,245,34
E33007839,358,145,36,109,213,177,36
E33007840,257,95,23,72,162,147,15
E33007841,306,137,35,102,169,142,27
E33007842,527,284,60,224,243,223,20
E33007843,384,160,58,102,224,196,28
E33007844,232,48,16,32,184,140,44
E33007845,504,228,91,137,276,215,61
E33007846,446,109,38,71,337,195,142
E33007847,339,76,17,59,263,135,128
E33007848,552,94,24,70,458,238,220
E33007849,235,37,12,25,198,98,100
E33007850,284,74,28,46,210,111,99
E33007851,539,187,51,136,352,276,76
E33007852,570,259,68,191,311,234,77
E33007853,239,96,36,60,143,77,66
E33007854,685,42,17,25,643,506,137
E33007855,439,164,54,110,275,208,67
E33007856,478,215,78,137,263,186,77
E33007857,240,87,34,53,153,92,61
E33007858,523,122,56,66,401,253,148
E33007859,256,94,20,74,162,133,29
E33007860,295,118,39,79,177,119,58
E33007861,405,57,19,38,348,288,60
E33007862,557,270,69,201,287,254,33
E33007863,354,145,45,100,209,164,45
E33007864,278,35,13,22,243,176,67
E33007865,541,178,47,131,363,301,62
E33007866,463,151,47,104,312,220,92
E33007867,404,143,46,97,261,227,34
E33007868,710,191,53,138,519,457,62
E33007869,342,156,63,93,186,143,43
E33007870,447,118,55,63,329,172,157
E33007871,587,236,76,160,351,283,68
E33007872,465,137,51,86,328,253,75
E33007873,219,106,59,47,113,94,19
E33007874,243,105,19,86,138,118,20
E33007875,508,187,45,142,321,261,60
E33007876,237,73,20,53,164,132,32
E33007877,402,200,53,147,202,159,43
E33007878,870,159,29,130,711,663,48
E33007879,291,101,44,57,190,125,65
E33007880,357,131,62,69,226,140,86
E33007881,295,94,44,50,201,137,64
E33007882,241,79,44,35,162,76,86
E33007883,249,86,37,49,163,112,51
E33007884,231,98,43,55,133,110,23
E33007885,553,185,70,115,368,239,129
E33007886,258,115,29,86,143,116,27
E33007887,1092,144,49,95,948,878,70
E33007888,245,112,17,95,133,113,20
E33007889,373,179,44,135,194,161,33
E33007890,317,128,43,85,189,163,26
E33007891,368,159,63,96,209,173,36
E33007892,409,156,39,117,253,218,35
E33007893,247,124,32,92,123,98,25
E33007894,443,151,53,98,292,248,44
E33007895,511,216,74,142,295,249,46
E33007896,289,117,35,82,172,146,26
E33007897,321,112,25,87,209,181,28
E33007898,256,91,26,65,165,141,24
E33007899,275,73,32,41,202,171,31
E33007900,684,123,33,90,561,495,66
E33007901,359,126,36,90,233,171,62
E33007902,402,204,57,147,198,155,43
E33007903,300,135,36,99,165,123,42
E33007904,377,98,31,67,279,217,62
E33007905,382,199,35,164,183,166,17
E33007906,428,127,42,85,301,231,70
E33007907,348,123,47,76,225,169,56
E33007908,348,148,47,101,200,159,41
E33007909,636,200,51,149,436,355,81
E33007910,233,103,39,64,130,92,38
E33007911,301,94,32,62,207,108,99
E33007912,931,269,60,209,662,575,87
E33007913,657,81,29,52,576,473,103
E33007914,319,127,27,100,192,146,46
E33007915,277,109,33,76,168,134,34
E33007916,455,167,44,123,288,216,72
E33007917,243,132,31,101,111,91,20
E33007918,619,346,107,239,273,239,34
E33007919,732,247,57,190,485,462,23
E33007920,333,107,29,78,226,208,18
E33007921,489,123,50,73,366,321,45
E33007922,819,281,98,183,538,436,102
E33007923,308,93,27,66,215,196,19
E33007924,1982,788,132,656,1194,1070,124
E33007925,380,100,27,73,280,245,35
E33007926,254,120,25,95,134,115,19
E33007927,281,133,34,99,148,111,37
E33007928,346,151,43,108,195,155,40
E33007929,425,106,32,74,319,259,60
E33007930,234,66,26,40,168,95,73
E33007931,319,131,41,90,188,134,54
E33007932,254,92,31,61,162,133,29
E33007933,393,196,51,145,197,160,37
E33007934,384,141,43,98,243,203,40
E33007935,313,122,32,90,191,155,36
E33007936,295,129,38,91,166,143,23
E33007937,293,102,37,65,191,145,46
E33007938,949,114,25,89,835,777,58
E33007939,608,230,79,151,378,312,66
E33007940,223,130,37,93,93,75,18
E33007941,361,100,41,59,261,173,88
E33007942,431,145,62,83,286,217,69
E33007943,349,88,31,57,261,229,32
E33007944,300,125,58,67,175,139,36
E33007945,239,107,36,71,132,101,31
E33007946,233,83,32,51,150,99,51
E33007947,214,26,13,13,188,139,49
E33007948,353,54,19,35,299,207,92
E33007949,276,123,46,77,153,120,33
E33007950,304,135,66,69,169,122,47
E33007951,311,134,36,98,177,151,26
E33007952,299,86,29,57,213,133,80
E33007953,265,97,34,63,168,104,64
E33007954,421,116,50,66,305,212,93
E33007955,398,140,54,86,258,219,39
E33007956,618,171,51,120,447,415,32
E33007957,392,127,57,70,265,135,130
E33007958,458,95,42,53,363,222,141
E33007959,558,176,82,94,382,192,190
E33007960,501,142,57,85,359,253,106
E33007961,373,169,70,99,204,145,59
E33007962,414,95,36,59,319,186,133
E33007963,809,348,143,205,461,345,116
E33007964,420,93,32,61,327,208,119
E33007965,498,188,64,124,310,212,98
E33007966,558,149,51,98,409,302,107
E33007967,348,116,37,79,232,152,80
E33007968,288,98,41,57,190,95,95
E33007969,368,136,24,112,232,202,30
E33007970,594,243,80,163,351,293,58
E33007971,789,245,56,189,544,440,104
E33007972,267,125,37,88,142,127,15
E33007973,688,230,91,139,458,346,112
E33007974,430,156,50,106,274,201,73
E33007975,540,184,53,131,356,309,47
E33007976,272,80,28,52,192,127,65
E33007977,404,146,56,90,258,195,63
E33007978,289,120,39,81,169,133,36
E33007979,484,119,40,79,365,301,64
E33007980,354,60,21,39,294,109,185
E33007981,259,106,36,70,153,117,36
E33007982,522,150,41,109,372,245,127
E33007983,759,219,81,138,540,408,132
E33007984,281,102,37,65,179,91,88
E33007985,290,90,39,51,200,148,52
E33007986,412,103,41,62,309,176,133
E33007987,392,136,41,95,256,195,61
E33007988,359,104,41,63,255,128,127
E33007989,508,126,53,73,382,257,125
E33007990,385,119,47,72,266,132,134
E33007991,456,166,86,80,290,209,81
E33007992,580,270,100,170,310,214,96
E33007993,290,51,23,28,239,138,101
E33007994,237,77,29,48,160,78,82
E33007995,307,74,25,49,233,172,61
E33007996,206,54,19,35,152,90,62
E33007997,279,134,44,90,145,99,46
E33007998,763,261,109,152,502,387,115
E33007999,455,157,60,97,298,136,162
E33008000,480,111,59,52,369,209,160
E33008001,597,279,98,181,318,258,60
E33008002,317,79,32,47,238,139,99
E33008003,280,95,41,54,185,115,70
E33008004,421,124,56,68,297,171,126
E33008005,599,125,36,89,474,381,93
E33008006,270,100,34,66,170,137,33
E33008007,520,138,53,85,382,322,60
E33008008,316,77,30,47,239,168,71
E33008009,369,111,23,88,258,176,82
E33008010,507,123,41,82,384,310,74
E33008011,288,91,26,65,197,145,52
E33008012,257,83,21,62,174,136,38
E33008013,441,84,38,46,357,286,71
E33008014,258,85,34,51,173,130,43
E33008015,274,81,39,42,193,140,53
E33008016,324,118,52,66,206,139,67
E33008017,465,113,57,56,352,260,92
E33008018,312,79,27,52,233,179,54
E33008019,294,84,34,50,210,165,45
E33008020,535,178,66,112,357,287,70
E33008021,242,75,32,43,167,123,44
E33008022,440,175,61,114,265,204,61
E33008023,641,131,37,94,510,466,44
E33008024,350,96,46,50,254,197,57
E33008025,726,106,34,72,620,529,91
E33008026,366,112,41,71,254,171,83
E33008027,338,125,41,84,213,173,40
E33008028,310,86,25,61,224,177,47
E33008029,390,162,48,114,228,189,39
E33008030,488,197,73,124,291,237,54
E33008031,528,220,71,149,308,273,35
E33008032,319,95,32,63,224,179,45
E33008033,598,202,58,144,396,326,70
E33008034,579,241,66,175,338,297,41
E33008035,320,60,24,36,260,162,98
E33008036,447,157,74,83,290,225,65
E33008037,278,106,49,57,172,134,38
E33008038,352,73,31,42,279,236,43
E33008039,259,66,21,45,193,111,82
E33008040,271,80,23,57,191,116,75
E33008041,374,134,49,85,240,188,52
E33008042,306,104,37,67,202,177,25
E33008043,308,100,41,59,208,159,49
E33008044,291,93,37,56,198,168,30
E33008045,1153,515,126,389,638,562,76
E33008046,331,82,31,51,249,149,100
E33008047,322,103,49,54,219,158,61
E33008048,229,66,30,36,163,114,49
E33008049,391,137,56,81,254,188,66
E33008050,259,77,26,51,182,130,52
E33008051,301,90,37,53,211,137,74
E33008052,278,82,39,43,196,111,85
E33008053,254,105,55,50,149,114,35
E33008054,285,81,34,47,204,147,57
E33008055,397,148,62,86,249,167,82
E33008056,350,125,52,73,225,175,50
E33008057,322,94,42,52,228,136,92
E33008058,389,90,44,46,299,242,57
E33008059,467,256,122,134,211,181,30
E33008060,236,69,21,48,167,105,62
E33008061,268,99,39,60,169,107,62
E33008062,228,95,43,52,133,92,41
E33008063,600,253,95,158,347,258,89
E33008064,411,109,43,66,302,197,105
E33008065,492,170,67,103,322,200,122
E33008066,469,150,51,99,319,237,82
E33008067,311,91,37,54,220,129,91
E33008068,274,83,42,41,191,91,100
E33008069,327,73,29,44,254,160,94
E33008070,423,151,65,86,272,195,77
E33008071,266,102,39,63,164,126,38
E33008072,413,129,50,79,284,222,62
E33008073,315,119,57,62,196,115,81
E33008074,592,120,42,78,472,327,145
E33008075,323,117,60,57,206,139,67
E33008076,666,154,61,93,512,394,118
E33008077,329,137,59,78,192,162,30
E33008078,390,92,36,56,298,187,111
E33008079,371,110,44,66,261,187,74
E33008080,301,84,31,53,217,191,26
E33008081,450,202,52,150,248,199,49
E33008082,240,106,55,51,134,99,35
E33008083,253,80,42,38,173,128,45
E33008084,295,77,23,54,218,192,26
E33008085,228,72,29,43,156,131,25
E33008086,359,148,28,120,211,193,18
E33008087,301,80,15,65,221,197,24
E33008088,413,222,68,154,191,144,47
E33008089,187,87,31,56,100,82,18
E33008090,395,185,50,135,210,163,47
E33008091,561,104,39,65,457,407,50
E33008092,281,110,31,79,171,154,17
E33008093,252,91,30,61,161,102,59
E33008094,654,260,79,181,394,303,91
E33008095,257,108,61,47,149,118,31
E33008096,281,106,42,64,175,149,26
E33008097,323,144,63,81,179,145,34
E33008098,280,104,51,53,176,112,64
E33008099,515,182,55,127,333,256,77
E33008100,445,172,73,99,273,210,63
E33008101,320,94,34,60,226,153,73
E33008102,292,137,59,78,155,120,35
E33008103,457,121,46,75,336,262,74
E33008104,288,134,43,91,154,125,29
E33008105,287,107,24,83,180,146,34
E33008106,398,85,16,69,313,280,33
E33008107,252,98,33,65,154,122,32
E33008108,411,88,26,62,323,298,25
E33008109,260,71,19,52,189,161,28
E33008110,316,84,28,56,232,213,19
E33008111,2331,820,110,710,1511,1426,85
E33008112,509,151,40,111,358,322,36
E33008113,332,95,17,78,237,227,10
E33008114,285,123,29,94,162,135,27
E33008115,578,334,81,253,244,223,21
E33008116,506,175,53,122,331,282,49
E33008117,292,152,36,116,140,124,16
E33008118,686,222,70,152,464,412,52
E33008119,225,104,29,75,121,101,20
E33008120,425,147,33,114,278,213,65
E33008121,283,120,43,77,163,122,41
E33008122,254,85,22,63,169,145,24
E33008123,264,111,31,80,153,128,25
E33008124,600,170,34,136,430,374,56
E33008125,378,140,31,109,238,186,52
E33008126,324,112,29,83,212,174,38
E33008127,304,91,24,67,213,175,38
E33008128,357,171,62,109,186,161,25
E33008129,308,102,22,80,206,175,31
E33008130,287,107,33,74,180,149,31
E33008131,461,142,34,108,319,269,50
E33008132,324,144,40,104,180,153,27
E33008133,641,287,70,217,354,296,58
E33008134,555,212,59,153,343,279,64
E33008135,315,65,22,43,250,218,32
E33008136,601,328,170,158,273,231,42
E33008137,328,121,31,90,207,165,42
E33008138,393,134,34,100,259,222,37
E33008139,298,105,42,63,193,148,45
E33008140,713,163,57,106,550,472,78
E33008141,277,85,29,56,192,141,51
E33008142,307,86,14,72,221,195,26
E33008143,300,119,28,91,181,149,32
E33008144,307,105,26,79,202,170,32
E33008145,352,62,18,44,290,254,36
E33008146,225,67,25,42,158,126,32
E33008147,619,92,21,71,527,408,119
E33008148,233,79,27,52,154,133,21
E33008149,1046,156,39,117,890,795,95
E33008150,362,61,14,47,301,243,58
E33008151,300,106,19,87,194,154,40
E33008152,421,60,26,34,361,328,33
E33008153,578,125,34,91,453,374,79
E33008154,324,76,20,56,248,215,33
E33008155,255,105,30,75,150,117,33
E33008156,676,309,81,228,367,313,54
E33008157,299,126,57,69,173,121,52
E33008158,459,153,60,93,306,219,87
E33008159,396,131,51,80,265,190,75
E33008160,329,87,31,56,242,193,49
E33008161,436,161,70,91,275,198,77
E33008162,293,102,38,64,191,142,49
E33008163,599,243,81,162,356,326,30
E33008164,317,126,44,82,191,137,54
E33008165,400,160,49,111,240,188,52
E33008166,296,67,14,53,229,177,52
E33008167,409,101,34,67,308,266,42
E33008168,248,85,33,52,163,111,52
E33008169,381,142,48,94,239,191,48
E33008170,614,203,70,133,411,308,103
E33008171,761,302,129,173,459,341,118
E33008172,412,160,50,110,252,199,53
E33008173,409,157,70,87,252,196,56
E33008174,369,117,27,90,252,217,35
E33008175,282,91,29,62,191,154,37
E33008176,277,77,44,33,200,162,38
E33008177,357,120,43,77,237,183,54
E33008178,333,155,42,113,178,149,29
E33008179,267,68,23,45,199,167,32
E33008180,243,72,20,52,171,157,14
E33008181,281,75,25,50,206,172,34
E33008182,298,131,53,78,167,139,28
E33008183,239,66,32,34,173,137,36
E33008184,348,120,53,67,228,171,57
E33008185,323,76,29,47,247,108,139
E33008186,287,153,60,93,134,111,23
E33008187,237,85,25,60,152,108,44
E33008188,302,103,37,66,199,146,53
E33008189,317,118,51,67,199,151,48
E33008190,604,144,42,102,460,395,65
E33008191,311,119,39,80,192,162,30
E33008192,306,106,35,71,200,167,33
E33008193,252,87,29,58,165,132,33
E33008194,280,103,35,68,177,149,28
E33008195,281,107,27,80,174,142,32
E33008196,652,167,41,126,485,410,75
E33008197,274,60,24,36,214,174,40
E33008198,468,148,40,108,320,263,57
E33008199,657,119,44,75,538,433,105
E33008200,290,80,22,58,210,174,36
E33008201,259,64,20,44,195,169,26
E33008202,267,100,31,69,167,132,35
E33008203,550,208,55,153,342,307,35
E33008204,291,104,28,76,187,159,28
E33008205,532,182,53,129,350,291,59
E33008206,438,169,81,88,269,203,66
E33008207,324,104,41,63,220,164,56
E33008208,350,167,59,108,183,143,40
E33008209,355,88,30,58,267,217,50
E33008210,272,117,52,65,155,111,44
E33008211,247,82,33,49,165,127,38
E33008212,273,118,42,76,155,123,32
E33008213,389,123,34,89,266,200,66
E33008214,394,88,29,59,306,224,82
E33008215,465,159,56,103,306,247,59
E33008216,256,67,20,47,189,152,37
E33008217,276,111,26,85,165,140,25
E33008218,308,105,27,78,203,165,38
E33008219,354,117,52,65,237,173,64
E33008220,506,99,27,72,407,334,73
E33008221,325,136,34,102,189,149,40
E33008222,349,115,43,72,234,179,55
E33008223,438,131,41,90,307,240,67
E33008224,485,235,77,158,250,188,62
E33008225,223,97,37,60,126,91,35
E33008226,596,196,82,114,400,321,79
E33008227,558,61,27,34,497,437,60
E33008228,739,133,39,94,606,409,197
E33008229,370,102,31,71,268,209,59
E33008230,234,89,40,49,145,93,52
E33008231,386,153,58,95,233,177,56
E33008232,605,139,49,90,466,366,100
E33008233,238,89,33,56,149,100,49
E33008234,477,98,18,80,379,336,43
E33008235,410,180,53,127,230,185,45
E33008236,471,169,57,112,302,243,59
E33008237,204,55,20,35,149,104,45
E33008238,681,101,24,77,580,506,74
E33008239,356,151,58,93,205,153,52
E33008240,384,99,25,74,285,258,27
E33008241,463,221,55,166,242,211,31
E33008242,402,127,39,88,275,222,53
E33008243,462,197,77,120,265,173,92
E33008244,317,93,36,57,224,151,73
E33008245,428,100,47,53,328,267,61
E33008246,641,121,40,81,520,467,53
E33008247,481,87,29,58,394,338,56
E33008248,299,111,33,78,188,151,37
E33008249,438,109,35,74,329,282,47
E33008250,335,124,36,88,211,170,41
E33008251,289,119,62,57,170,122,48
E33008252,269,114,28,86,155,118,37
E33008253,301,150,46,104,151,109,42
E33008254,1150,139,39,100,1011,925,86
E33008255,356,124,30,94,232,197,35
E33008256,389,139,44,95,250,195,55
E33008257,467,209,69,140,258,203,55
E33008258,318,96,30,66,222,184,38
E33008259,283,94,34,60,189,159,30
E33008260,440,158,84,74,282,214,68
E33008261,342,148,38,110,194,141,53
E33008262,246,94,38,56,152,136,16
E33008263,281,122,39,83,159,129,30
E33008264,427,128,34,94,299,278,21
E33008265,680,297,108,189,383,323,60
E33008266,287,139,54,85,148,109,39
E33008267,233,87,35,52,146,110,36
E33008268,236,69,28,41,167,133,34
E33008269,431,151,46,105,280,221,59
E33008270,598,141,28,113,457,410,47
E33008271,265,86,23,63,179,152,27
E33008272,423,168,79,89,255,197,58
E33008273,245,105,42,63,140,113,27
E33008274,481,186,44,142,295,247,48
E33008275,376,150,42,108,226,201,25
E33008276,366,133,68,65,233,181,52
E33008277,390,158,73,85,232,180,52
E33008278,388,153,55,98,235,189,46
E33008279,360,100,44,56,260,211,49
E33008280,822,319,125,194,503,413,90
E33008281,312,144,53,91,168,140,28
E33008282,319,137,48,89,182,158,24
E33008283,346,136,45,91,210,171,39
E33008284,312,109,22,87,203,164,39
E33008285,366,115,30,85,251,210,41
E33008286,360,58,17,41,302,252,50
E33008287,489,184,52,132,305,255,50
E33008288,379,170,44,126,209,171,38
E33008289,294,123,47,76,171,125,46
E33008290,523,168,60,108,355,285,70
E33008291,293,84,25,59,209,179,30
E33008292,270,103,26,77,167,132,35
E33008293,300,93,17,76,207,170,37
E33008294,633,153,35,118,480,416,64
E33008295,430,88,25,63,342,300,42
E33008296,390,159,34,125,231,178,53
E33008297,276,82,23,59,194,161,33
E33008298,406,91,30,61,315,256,59
E33008299,336,91,26,65,245,203,42
E33008300,281,118,39,79,163,134,29
E33008301,343,107,33,74,236,199,37
E33008302,456,150,50,100,306,253,53
E33008303,275,105,28,77,170,134,36
E33008304,316,97,21,76,219,208,11
E33008305,402,120,23,97,282,268,14
E33008306,446,52,9,43,394,348,46
E33008307,322,94,22,72,228,177,51
E33008308,496,221,51,170,275,235,40
E33008309,290,138,33,105,152,124,28
E33008310,235,83,21,62,152,128,24
E33008311,364,129,30,99,235,221,14
E33008312,325,139,35,104,186,158,28
E33008313,330,105,21,84,225,191,34
E33008314,363,135,35,100,228,191,37
E33008315,347,59,11,48,288,225,63
E33008316,523,143,47,96,380,329,51
E33008317,310,139,27,112,171,155,16
E33008318,648,327,77,250,321,287,34
E33008319,664,182,46,136,482,442,40
E33008320,329,132,27,105,197,167,30
E33008321,272,131,17,114,141,122,19
E33008322,265,99,19,80,166,127,39
E33008323,372,128,27,101,244,223,21
E33008324,332,94,17,77,238,198,40
E33008325,407,179,39,140,228,185,43
E33008326,316,100,26,74,216,184,32
E33008327,315,111,32,79,204,153,51
E33008328,392,184,42,142,208,183,25
E33008329,319,127,25,102,192,164,28
E33008330,258,102,24,78,156,142,14
E33008331,385,145,36,109,240,215,25
E33008332,689,195,49,146,494,450,44
E33008333,311,83,32,51,228,174,54
E33008334,306,109,35,74,197,146,51
E33008335,281,78,26,52,203,168,35
E33008336,311,76,16,60,235,207,28
E33008337,268,114,38,76,154,127,27
E33008338,330,107,31,76,223,167,56
E33008339,566,137,34,103,429,338,91
E33008340,352,159,51,108,193,156,37
E33008341,556,168,50,118,388,288,100
E33008342,329,117,62,55,212,160,52
E33008343,361,140,40,100,221,180,41
E33008344,365,130,57,73,235,170,65
E33008345,528,152,57,95,376,244,132
E33008346,353,142,55,87,211,151,60
E33008347,262,82,38,44,180,81,99
E33008348,412,92,32,60,320,236,84
E33008349,610,167,62,105,443,263,180
E33008350,318,107,48,59,211,109,102
E33008351,356,114,52,62,242,138,104
E33008352,297,108,37,71,189,115,74
E33008353,334,119,48,71,215,163,52
E33008354,297,119,55,64,178,143,35
E33008355,313,135,54,81,178,137,41
E33008356,293,133,59,74,160,112,48
E33008357,288,109,28,81,179,142,37
E33008358,514,255,75,180,259,202,57
E33008359,336,90,35,55,246,117,129
E33008360,350,135,57,78,215,176,39
E33008361,413,130,59,71,283,215,68
E33008362,412,80,24,56,332,263,69
E33008363,266,128,57,71,138,114,24
E33008364,377,163,32,131,214,168,46
E33008365,465,133,30,103,332,290,42
E33008366,292,122,40,82,170,128,42
E33008367,365,158,35,123,207,170,37
E33008368,366,167,26,141,199,182,17
E33008369,286,118,28,90,168,148,20
E33008370,388,163,38,125,225,167,58
E33008371,532,210,81,129,322,247,75
E33008372,527,291,109,182,236,182,54
E33008373,289,120,36,84,169,117,52
E33008374,588,254,75,179,334,256,78
E33008375,374,188,52,136,186,150,36
E33008376,461,205,82,123,256,192,64
E33008377,269,126,27,99,143,117,26
E33008378,390,138,55,83,252,203,49
E33008379,328,134,38,96,194,152,42
E33008380,770,322,88,234,448,362,86
E33008381,300,131,24,107,169,141,28
E33008382,279,102,37,65,177,142,35
E33008383,936,259,63,196,677,595,82
E33008384,502,152,65,87,350,251,99
E33008385,585,151,43,108,434,379,55
E33008386,353,163,68,95,190,140,50
E33008387,312,138,66,72,174,131,43
E33008388,846,319,124,195,527,441,86
E33008389,345,137,52,85,208,170,38
E33008390,273,88,26,62,185,157,28
E33008391,303,108,31,77,195,155,40
E33008392,489,89,23,66,400,322,78
E33008393,343,128,38,90,215,155,60
E33008394,297,69,17,52,228,170,58
E33008395,549,184,62,122,365,268,97
E33008396,307,134,46,88,173,138,35
E33008397,572,98,43,55,474,342,132
E33008398,501,175,60,115,326,270,56
E33008399,479,209,62,147,270,226,44
E33008400,795,213,60,153,582,465,117
E33008401,335,112,35,77,223,184,39
E33008402,299,103,36,67,196,153,43
E33008403,448,198,81,117,250,203,47
E33008404,249,114,42,72,135,121,14
E33008405,230,71,24,47,159,94,65
E33008406,260,86,31,55,174,121,53
E33008407,334,119,79,40,215,143,72
E33008408,524,165,69,96,359,233,126
E33008409,380,122,41,81,258,202,56
E33008410,468,59,17,42,409,366,43
E33008411,286,87,22,65,199,150,49
E33008412,333,39,15,24,294,260,34
E33008413,416,122,32,90,294,268,26
E33008414,387,65,18,47,322,285,37
E33008415,317,113,29,84,204,179,25
E33008416,345,75,24,51,270,220,50
E33008417,272,111,33,78,161,127,34
E33008418,642,282,94,188,360,313,47
E33008419,353,113,40,73,240,182,58
E33008420,540,150,42,108,390,326,64
E33008421,729,194,35,159,535,477,58
E33008422,223,72,27,45,151,128,23
E33008423,593,72,26,46,521,458,63
E33008424,321,91,25,66,230,200,30
E33008425,555,226,53,173,329,268,61
E33008426,705,386,106,280,319,282,37
E33008427,269,109,33,76,160,123,37
E33008428,255,98,20,78,157,127,30
E33008429,293,83,18,65,210,159,51
E33008430,318,86,22,64,232,174,58
E33008431,288,82,25,57,206,152,54
E33008432,524,126,44,82,398,345,53
E33008433,328,123,53,70,205,136,69
E33008434,484,69,20,49,415,334,81
E33008435,468,107,29,78,361,301,60
E33008436,478,144,47,97,334,279,55
E33008437,380,134,41,93,246,214,32
E33008438,649,241,71,170,408,357,51
E33008439,306,99,35,64,207,160,47
E33008440,325,137,55,82,188,132,56
E33008441,290,130,64,66,160,115,45
E33008442,439,100,36,64,339,264,75
E33008443,328,126,37,89,202,166,36
E33008444,381,134,55,79,247,209,38
E33008445,261,80,18,62,181,154,27
E33008446,349,133,55,78,216,157,59
E33008447,517,146,29,117,371,321,50
E33008448,391,140,22,118,251,211,40
E33008449,306,156,31,125,150,134,16
E33008450,252,108,26,82,144,135,9
E33008451,478,149,25,124,329,295,34
E33008452,563,83,26,57,480,402,78
E33008453,251,83,19,64,168,155,13
E33008454,441,130,33,97,311,273,38
E33008455,410,131,34,97,279,249,30
E33008456,330,68,18,50,262,242,20
E33008457,258,117,34,83,141,119,22
E33008458,558,112,19,93,446,426,20
E33008459,460,229,58,171,231,215,16
E33008460,523,191,40,151,332,294,38
E33008461,300,119,37,82,181,143,38
E33008462,239,123,26,97,116,93,23
E33008463,622,149,51,98,473,402,71
E33008464,232,72,26,46,160,133,27
E33008465,331,115,29,86,216,182,34
E33008466,440,168,49,119,272,224,48
E33008467,251,54,7,47,197,160,37
E33008468,348,119,43,76,229,171,58
E33008469,376,202,47,155,174,139,35
E33008470,332,141,39,102,191,150,41
E33008471,424,196,58,138,228,202,26
E33008472,243,53,19,34,190,118,72
E33008473,426,128,63,65,298,168,130
E33008474,364,108,41,67,256,174,82
E33008475,839,204,62,142,635,539,96
E33008476,453,146,39,107,307,217,90
E33008477,373,128,53,75,245,156,89
E33008478,567,211,96,115,356,253,103
E33008479,336,94,35,59,242,158,84
E33008480,294,114,41,73,180,120,60
E33008481,828,188,61,127,640,565,75
E33008482,398,158,78,80,240,189,51
E33008483,452,110,34,76,342,281,61
E33008484,266,99,32,67,167,145,22
E33008485,249,108,37,71,141,113,28
E33008486,308,132,45,87,176,139,37
E33008487,454,179,56,123,275,225,50
E33008488,269,81,33,48,188,152,36
E33008489,623,233,83,150,390,339,51
E33008490,563,105,44,61,458,411,47
E33008491,251,112,30,82,139,119,20
E33008492,268,79,17,62,189,165,24
E33008493,255,123,21,102,132,113,19
E33008494,448,183,56,127,265,228,37
E33008495,265,85,27,58,180,145,35
E33008496,279,118,32,86,161,129,32
E33008497,311,111,41,70,200,164,36
E33008498,337,135,20,115,202,174,28
E33008499,336,107,29,78,229,186,43
E33008500,682,349,107,242,333,300,33
E33008501,367,170,43,127,197,169,28
E33008502,979,579,278,301,400,363,37
E33008503,698,139,44,95,559,424,135
E33008504,280,33,7,26,247,181,66
E33008505,975,99,21,78,876,737,139
E33008506,634,264,70,194,370,296,74
E33008507,494,200,61,139,294,241,53
E33008508,266,69,23,46,197,174,23
E33008509,233,85,13,72,148,118,30
E33008510,305,127,33,94,178,151,27
E33008511,367,146,33,113,221,198,23
E33008512,459,124,46,78,335,270,65
E33008513,253,119,28,91,134,104,30
E33008514,463,64,18,46,399,358,41
E33008515,633,290,109,181,343,299,44
E33008516,303,98,47,51,205,160,45
E33008517,924,247,74,173,677,592,85
E33008518,768,158,33,125,610,526,84
E33008519,265,90,39,51,175,120,55
E33008520,1670,257,39,218,1413,1317,96
E33008521,298,124,57,67,174,130,44
E33008522,294,102,26,76,192,160,32
E33008523,755,230,67,163,525,456,69
E33008524,348,135,55,80,213,156,57
E33008525,725,259,67,192,466,396,70
E33008526,293,103,27,76,190,160,30
E33008527,545,123,28,95,422,390,32
E33008528,284,95,25,70,189,161,28
E33008529,693,174,41,133,519,467,52
E33008530,280,82,28,54,198,171,27
E33008531,256,102,28,74,154,117,37
E33008532,378,98,39,59,280,241,39
E33008533,266,94,21,73,172,153,19
E33008534,992,170,39,131,822,778,44
E33008535,387,76,18,58,311,255,56
E33008536,400,100,23,77,300,262,38
E33008537,330,116,34,82,214,181,33
E33008538,340,122,35,87,218,169,49
E33008539,417,179,32,147,238,203,35
E33008540,365,112,34,78,253,215,38
E33008541,235,75,14,61,160,140,20
E33008542,281,98,25,73,183,142,41
E33008543,235,115,38,77,120,97,23
E33008544,291,125,35,90,166,110,56
E33008545,353,105,34,71,248,216,32
E33008546,262,75,33,42,187,165,22
E33008547,211,63,22,41,148,128,20
E33008548,403,169,52,117,234,196,38
E33008549,691,137,41,96,554,515,39
E33008550,226,95,16,79,131,114,17
E33008551,431,138,45,93,293,269,24
E33008552,367,150,37,113,217,176,41
E33008553,709,218,55,163,491,430,61
E33008554,669,188,55,133,481,419,62
E33008555,233,119,39,80,114,98,16
E33008556,263,116,39,77,147,128,19
E33008557,284,91,20,71,193,170,23
E33008558,489,165,57,108,324,249,75
E33008559,388,93,21,72,295,259,36
E33008560,236,118,37,81,118,108,10
E33008561,365,98,31,67,267,227,40
E33008562,215,83,50,33,132,59,73
E33008563,544,84,30,54,460,344,116
E33008564,354,103,49,54,251,151,100
E33008565,269,96,48,48,173,117,56
E33008566,258,72,28,44,186,110,76
E33008567,315,102,26,76,213,179,34
E33008568,280,91,43,48,189,115,74
E33008569,212,79,38,41,133,72,61
E33008570,332,131,55,76,201,150,51
E33008571,503,141,65,76,362,238,124
E33008572,246,90,32,58,156,117,39
E33008573,595,59,29,30,536,443,93
E33008574,312,125,23,102,187,153,34
E33008575,637,132,57,75,505,441,64
E33008576,649,253,63,190,396,329,67
E33008577,309,125,43,82,184,144,40
E33008578,320,117,25,92,203,183,20
E33008579,603,171,33,138,432,338,94
E33008580,247,85,31,54,162,130,32
E33008581,392,188,54,134,204,159,45
E33008582,270,100,35,65,170,146,24
E33008583,266,68,20,48,198,164,34
E33008584,299,95,33,62,204,164,40
E33008585,316,91,52,39,225,161,64
E33008586,328,120,66,54,208,118,90
E33008587,351,141,47,94,210,171,39
E33008588,445,165,82,83,280,201,79
E33008589,318,109,40,69,209,119,90
E33008590,495,166,60,106,329,223,106
E33008591,261,96,36,60,165,120,45
E33008592,245,96,48,48,149,103,46
E33008593,302,138,48,90,164,131,33
E33008594,293,70,29,41,223,174,49
E33008595,285,120,47,73,165,125,40
E33008596,463,186,65,121,277,202,75
E33008597,232,97,41,56,135,101,34
E33008598,625,132,38,94,493,425,68
E33008599,466,88,35,53,378,260,118
E33008600,578,233,84,149,345,278,67
E33008601,326,130,49,81,196,162,34
E33008602,515,226,77,149,289,230,59
E33008603,434,114,31,83,320,265,55
E33008604,530,178,41,137,352,299,53
E33008605,258,63,20,43,195,132,63
E33008606,1273,216,58,158,1057,995,62
E33008607,289,155,74,81,134,96,38
E33008608,253,76,17,59,177,128,49
E33008609,270,104,58,46,166,96,70
E33008610,272,107,38,69,165,138,27
E33008611,256,66,23,43,190,131,59
E33008612,373,165,84,81,208,149,59
E33008613,258,76,39,37,182,126,56
E33008614,307,110,39,71,197,145,52
E33008615,246,52,17,35,194,161,33
E33008616,299,82,35,47,217,170,47
E33008617,314,114,45,69,200,154,46
E33008618,740,189,55,134,551,445,106
E33008619,277,83,25,58,194,141,53
E33008620,351,102,38,64,249,181,68
E33008621,312,98,38,60,214,159,55
E33008622,284,99,31,68,185,150,35
E33008623,240,73,15,58,167,127,40
E33008624,646,291,57,234,355,303,52
E33008625,237,61,17,44,176,140,36
E33008626,385,147,42,105,238,186,52
E33008627,289,77,30,47,212,169,43
E33008628,566,113,23,90,453,405,48
E33008629,257,102,42,60,155,109,46
E33008630,289,129,21,108,160,135,25
E33008631,323,130,43,87,193,134,59
E33008632,363,96,23,73,267,218,49
E33008633,381,90,27,63,291,241,50
E33008634,385,136,39,97,249,197,52
E33008635,424,155,44,111,269,228,41
E33008636,268,70,20,50,198,177,21
E33008637,407,151,37,114,256,214,42
E33008638,842,372,114,258,470,429,41
E33008639,469,109,31,78,360,311,49
E33008640,562,237,81,156,325,281,44
E33008641,287,95,41,54,192,134,58
E33008642,268,86,41,45,182,156,26
E33008643,414,107,37,70,307,255,52
E33008644,256,111,39,72,145,117,28
E33008645,242,48,11,37,194,163,31
E33008646,763,206,84,122,557,497,60
E33008647,308,100,34,66,208,165,43
E33008648,690,170,62,108,520,439,81
E33008649,454,150,48,102,304,256,48
E33008650,794,141,35,106,653,558,95
E33008651,318,100,35,65,218,160,58
E33008652,286,121,52,69,165,125,40
E33008653,300,108,33,75,192,146,46
E33008654,574,179,65,114,395,312,83
E33008655,332,106,30,76,226,178,48
E33008656,283,99,28,71,184,137,47
E33008657,603,251,80,171,352,284,68
E33008658,489,213,64,149,276,217,59
E33008659,260,69,26,43,191,145,46
E33008660,301,117,35,82,184,156,28
E33008661,398,147,63,84,251,193,58
E33008662,266,92,38,54,174,128,46
E33008663,321,123,55,68,198,149,49
E33008664,369,63,17,46,306,238,68
E33008665,285,145,62,83,140,109,31
E33008666,303,107,34,73,196,152,44
E33008667,469,202,72,130,267,230,37
E33008668,311,115,32,83,196,148,48
E33008669,381,118,45,73,263,207,56
E33008670,256,78,37,41,178,123,55
E33008671,1282,617,290,327,665,550,115
E33008672,287,98,36,62,189,162,27
E33008673,259,106,32,74,153,115,38
E33008674,483,137,38,99,346,216,130
E33008675,263,119,37,82,144,108,36
E33008676,234,93,19,74,141,123,18
E33008677,325,88,29,59,237,200,37
E33008678,245,73,28,45,172,144,28
E33008679,293,137,35,102,156,133,23
E33008680,479,161,71,90,318,176,142
E33008681,286,105,38,67,181,155,26
E33008682,317,111,34,77,206,172,34
E33008683,297,127,33,94,170,138,32
E33008684,360,147,51,96,213,181,32
E33008685,1349,161,49,112,1188,1067,121
E33008686,261,81,21,60,180,136,44
E33008687,339,128,48,80,211,184,27
E33008688,318,133,32,101,185,162,23
E33008689,486,78,31,47,408,363,45
E33008690,288,103,32,71,185,157,28
E33008691,378,122,36,86,256,196,60
E33008692,261,99,46,53,162,110,52
E33008693,534,87,30,57,447,411,36
E33008694,336,139,48,91,197,150,47
E33008695,232,76,31,45,156,117,39
E33008696,377,156,54,102,221,178,43
E33008697,436,105,38,67,331,237,94
E33008698,299,76,29,47,223,158,65
E33008699,254,74,25,49,180,113,67
E33008700,355,182,86,96,173,129,44
E33008701,290,135,46,89,155,129,26
E33008702,460,155,54,101,305,208,97
E33008703,604,55,15,40,549,399,150
E33008704,276,121,36,85,155,117,38
E33008705,466,194,60,134,272,208,64
E33008706,380,107,40,67,273,195,78
E33008707,723,324,116,208,399,355,44
E33008708,310,92,22,70,218,180,38
E33008709,483,98,19,79,385,276,109
E33008710,243,62,20,42,181,144,37
E33008711,631,251,81,170,380,313,67
E33008712,236,83,32,51,153,129,24
E33008713,246,74,20,54,172,142,30
E33008714,672,120,40,80,552,432,120
E33008715,235,101,23,78,134,103,31
E33008716,877,117,19,98,760,657,103
E33008717,300,89,37,52,211,160,51
E33008718,1308,608,193,415,700,577,123
E33008719,399,137,47,90,262,193,69
E33008720,1179,382,68,314,797,732,65
E33008721,370,142,39,103,228,203,25
E33008722,295,87,35,52,208,154,54
E33008723,414,170,52,118,244,210,34
E33008724,431,178,60,118,253,195,58
E33008725,263,83,36,47,180,144,36
E33008726,344,103,30,73,241,203,38
E33008727,406,163,43,120,243,195,48
E33008728,367,136,33,103,231,186,45
E33008729,330,122,51,71,208,174,34
E33008730,245,55,20,35,190,138,52
E33008731,253,93,39,54,160,108,52
E33008732,450,202,73,129,248,182,66
E33008733,289,79,30,49,210,130,80
E33008734,417,167,59,108,250,177,73
E33008735,609,148,58,90,461,327,134
E33008736,405,177,77,100,228,164,64
E33008737,408,143,53,90,265,204,61
E33008738,272,102,39,63,170,114,56
E33008739,749,135,49,86,614,407,207
E33008740,288,87,33,54,201,161,40
E33008741,297,109,50,59,188,146,42
E33008742,273,74,34,40,199,138,61
E33008743,435,189,66,123,246,199,47
E33008744,275,104,44,60,171,120,51
E33008745,308,91,41,50,217,159,58
E33008746,539,178,50,128,361,315,46
E33008747,442,105,37,68,337,259,78
E33008748,264,88,32,56,176,141,35
E33008749,774,163,45,118,611,447,164
E33008750,361,174,59,115,187,142,45
E33008751,409,137,55,82,272,202,70
E33008752,367,175,59,116,192,146,46
E33008753,671,143,54,89,528,464,64
E33008754,316,136,49,87,180,150,30
E33008755,654,116,26,90,538,425,113
E33008756,288,95,42,53,193,126,67
E33008757,574,294,99,195,280,214,66
E33008758,271,112,58,54,159,119,40
E33008759,300,92,26,66,208,138,70
E33008760,278,89,28,61,189,138,51
E33008761,322,109,31,78,213,178,35
E33008762,247,75,24,51,172,134,38
E33008763,619,156,53,103,463,392,71
E33008764,614,269,89,180,345,278,67
E33008765,284,119,45,74,165,123,42
E33008766,403,170,65,105,233,200,33
E33008767,318,146,50,96,172,149,23
E33008768,449,233,75,158,216,186,30
E33008769,272,112,53,59,160,123,37
E33008770,273,77,36,41,196,144,52
E33008771,263,95,37,58,168,105,63
E33008772,701,100,36,64,601,514,87
E33008773,323,119,46,73,204,144,60
E33008774,261,82,37,45,179,117,62
E33008775,1040,178,49,129,862,712,150
E33008776,290,117,46,71,173,130,43
E33008777,296,112,42,70,184,145,39
E33008778,1301,174,50,124,1127,1011,116
E33008779,714,206,53,153,508,408,100
E33008780,279,117,25,92,162,138,24
E33008781,536,308,81,227,228,200,28
E33008782,687,228,70,158,459,398,61
E33008783,295,117,31,86,178,150,28
E33008784,549,155,46,109,394,327,67
E33008785,484,197,40,157,287,240,47
E33008786,558,131,25,106,427,388,39
E33008787,250,112,50,62,138,106,32
E33008788,391,156,66,90,235,178,57
E33008789,496,214,80,134,282,216,66
E33008790,300,119,32,87,181,124,57
E33008791,776,267,64,203,509,421,88
E33008792,312,115,24,91,197,173,24
E33008793,274,118,37,81,156,115,41
E33008794,323,149,40,109,174,130,44
E33008795,1767,195,45,150,1572,1320,252
E33008796,437,40,16,24,397,343,54
E33008797,286,92,37,55,194,143,51
E33008798,324,127,46,81,197,149,48
E33008799,257,107,23,84,150,114,36
E33008800,388,142,40,102,246,176,70
E33008801,489,173,50,123,316,251,65
E33008802,326,154,35,119,172,134,38
E33008803,445,181,72,109,264,195,69
E33008804,521,238,80,158,283,221,62
E33008805,308,98,18,80,210,173,37
E33008806,386,174,59,115,212,157,55
E33008807,300,143,40,103,157,117,40
E33008808,254,91,19,72,163,136,27
E33008809,320,131,39,92,189,128,61
E33008810,693,235,45,190,458,362,96
E33008811,310,142,69,73,168,133,35
E33008812,325,120,28,92,205,149,56
E33008813,301,77,39,38,224,139,85
E33008814,248,76,34,42,172,108,64
E33008815,295,122,34,88,173,135,38
E33008816,368,169,67,102,199,154,45
E33008817,368,133,46,87,235,169,66
E33008818,432,148,57,91,284,228,56
E33008819,616,272,63,209,344,274,70
E33008820,238,55,29,26,183,96,87
E33008821,770,228,73,155,542,460,82
E33008822,402,84,32,52,318,235,83
E33008823,643,242,93,149,401,328,73
E33008824,243,123,65,58,120,76,44
E33008825,269,114,33,81,155,123,32
E33008826,505,196,74,122,309,212,97
E33008827,246,79,31,48,167,108,59
E33008828,282,85,35,50,197,141,56
E33008829,378,104,40,64,274,182,92
E33008830,402,172,57,115,230,193,37
E33008831,345,80,30,50,265,206,59
E33008832,337,139,69,70,198,159,39
E33008833,347,107,51,56,240,185,55
E33008834,300,134,45,89,166,123,43
E33008835,635,224,77,147,411,342,69
E33008836,613,332,134,198,281,231,50
E33008837,422,181,51,130,241,202,39
E33008838,425,120,43,77,305,237,68
E33008839,292,79,30,49,213,132,81
E33008840,472,153,65,88,319,218,101
E33008841,228,50,19,31,178,133,45
E33008842,297,80,23,57,217,153,64
E33008843,368,70,39,31,298,215,83
E33008844,338,138,58,80,200,152,48
E33008845,240,59,21,38,181,116,65
E33008846,528,215,57,158,313,240,73
E33008847,553,276,96,180,277,238,39
E33008848,308,129,38,91,179,147,32
E33008849,281,90,33,57,191,158,33
E33008850,363,152,42,110,211,171,40
E33008851,496,186,64,122,310,263,47
E33008852,494,140,41,99,354,282,72
E33008853,372,121,36,85,251,196,55
E33008854,363,138,50,88,225,179,46
E33008855,487,158,53,105,329,261,68
E33008856,237,101,33,68,136,107,29
E33008857,1357,487,165,322,870,763,107
E33008858,288,112,35,77,176,139,37
E33008859,439,179,68,111,260,205,55
E33008860,383,148,43,105,235,187,48
E33008861,286,113,45,68,173,128,45
E33008862,314,136,63,73,178,143,35
E33008863,454,149,60,89,305,232,73
E33008864,409,152,57,95,257,196,61
E33008865,298,115,27,88,183,155,28
E33008866,235,107,19,88,128,112,16
E33008867,554,192,35,157,362,278,84
E33008868,514,210,61,149,304,247,57
E33008869,247,111,28,83,136,127,9
E33008870,340,153,38,115,187,152,35
E33008871,394,218,63,155,176,140,36
E33008872,258,76,21,55,182,160,22
E33008873,347,139,38,101,208,173,35
E33008874,638,264,71,193,374,326,48
E33008875,400,166,56,110,234,191,43
E33008876,324,139,38,101,185,151,34
E33008877,361,163,66,97,198,163,35
E33008878,447,207,66,141,240,187,53
E33008879,335,126,31,95,209,177,32
E33008880,300,100,43,57,200,161,39
E33008881,430,205,61,144,225,171,54
E33008882,371,166,26,140,205,172,33
E33008883,248,55,12,43,193,144,49
E33008884,324,46,15,31,278,237,41
E33008885,497,152,42,110,345,270,75
E33008886,275,59,14,45,216,175,41
E33008887,304,104,34,70,200,149,51
E33008888,520,176,52,124,344,251,93
E33008889,465,160,56,104,305,253,52
E33008890,422,87,25,62,335,290,45
E33008891,396,152,59,93,244,203,41
E33008892,276,91,25,66,185,167,18
E33008893,428,112,29,83,316,260,56
E33008894,255,84,32,52,171,131,40
E33008895,256,89,23,66,167,131,36
E33008896,418,84,26,58,334,288,46
E33008897,543,84,25,59,459,402,57
E33008898,311,87,36,51,224,204,20
E33008899,272,68,27,41,204,166,38
E33008900,1150,585,344,241,565,501,64
E33008901,360,66,23,43,294,243,51
E33008902,344,31,9,22,313,275,38
E33008903,435,173,53,120,262,232,30
E33008904,300,68,18,50,232,202,30
E33008905,440,186,84,102,254,218,36
E33008906,974,267,117,150,707,609,98
E33008907,292,88,14,74,204,170,34
E33008908,358,75,17,58,283,221,62
E33008909,331,97,50,47,234,209,25
E33008910,302,143,47,96,159,146,13
E33008911,728,151,66,85,577,488,89
E33008912,957,179,38,141,778,749,29
E33008913,272,32,5,27,240,216,24
E33008914,596,142,37,105,454,396,58
E33008915,250,125,46,79,125,110,15
E33008916,300,134,46,88,166,139,27
E33008917,1114,530,225,305,584,531,53
E33008918,540,136,34,102,404,361,43
E33008919,811,71,30,41,740,687,53
E33008920,1102,120,36,84,982,886,96
E33008921,430,78,17,61,352,332,20
E33008922,376,105,55,50,271,222,49
E33008923,1019,182,61,121,837,757,80
E33008924,1645,268,66,202,1377,1279,98
E33008925,585,65,19,46,520,479,41
E33008926,1140,207,56,151,933,866,67
E33008927,466,76,22,54,390,355,35
E33008928,1374,254,136,118,1120,984,136
E33008929,266,123,50,73,143,125,18
E33008930,377,162,43,119,215,194,21
E33008931,403,119,27,92,284,244,40
E33008932,394,176,36,140,218,194,24
E33008933,350,128,66,62,222,193,29
E33008934,310,76,27,49,234,198,36
E33008935,351,76,26,50,275,245,30
E33008936,269,91,31,60,178,154,24
E33008937,627,81,21,60,546,443,103
E33008938,425,95,24,71,330,272,58
E33008939,554,72,19,53,482,349,133
E33008940,1962,247,67,180,1715,1165,550
E33008941,492,75,18,57,417,378,39
E33008942,399,82,26,56,317,259,58
E33008943,485,91,31,60,394,341,53
E33008944,429,68,20,48,361,300,61
E33008945,690,103,35,68,587,476,111
E33008946,440,164,62,102,276,235,41
E33008947,378,138,63,75,240,199,41
E33008948,365,116,30,86,249,208,41
E33008949,890,326,111,215,564,478,86
E33008950,631,298,117,181,333,312,21
E33008951,447,103,30,73,344,328,16
E33008952,540,169,79,90,371,301,70
E33008953,367,132,59,73,235,192,43
E33008954,274,51,17,34,223,189,34
E33008955,285,95,46,49,190,139,51
E33008956,4202,626,137,489,3576,3272,304
E33008957,521,201,125,76,320,270,50
E33008958,504,187,72,115,317,254,63
E33008959,370,120,23,97,250,201,49
E33008960,289,87,27,60,202,174,28
E33008961,473,125,32,93,348,308,40
E33008962,622,152,46,106,470,400,70
E33008963,720,226,60,166,494,410,84
E33008964,963,138,35,103,825,674,151
E33008965,473,88,27,61,385,339,46
E33008966,675,176,24,152,499,408,91
E33008967,1013,571,141,430,442,402,40
E33008968,558,120,33,87,438,356,82
E33008969,229,82,23,59,147,120,27
E33008970,254,47,9,38,207,196,11
E33008971,461,145,28,117,316,288,28
E33008972,594,277,85,192,317,264,53
E33008973,420,102,19,83,318,282,36
E33008974,884,181,27,154,703,638,65
E33008975,461,163,31,132,298,280,18
E33008976,450,154,50,104,296,268,28
E33008977,397,132,45,87,265,231,34
E33008978,204,105,34,71,99,82,17
E33008979,277,118,40,78,159,133,26
E33008980,204,69,17,52,135,124,11
E33008981,202,87,29,58,115,110,5
E33008982,579,318,69,249,261,244,17
E33008983,813,541,203,338,272,249,23
E33008984,290,148,33,115,142,134,8
E33008985,461,115,22,93,346,314,32
E33008986,331,74,7,67,257,228,29
E33008987,824,284,59,225,540,523,17
E33008988,339,139,47,92,200,172,28
E33008989,494,47,13,34,447,386,61
E33008990,1263,139,46,93,1124,848,276
E33008991,792,153,36,117,639,553,86
E33008992,732,102,29,73,630,567,63
E33008993,312,95,35,60,217,155,62
E33008994,257,26,7,19,231,188,43
E33008995,222,19,6,13,203,163,40
E33008996,241,101,28,73,140,120,20
E33008997,316,50,12,38,266,219,47
E33008998,1198,268,29,239,930,816,114
E33008999,996,122,28,94,874,755,119
E33009000,860,222,54,168,638,543,95
E33009001,317,53,12,41,264,191,73
E33009002,996,369,79,290,627,516,111
E33009003,372,38,10,28,334,235,99
E33009004,1038,109,23,86,929,756,173
E33009005,1011,147,37,110,864,758,106
E33009006,656,389,104,285,267,243,24
E33009007,1949,666,96,570,1283,1216,67
E33009008,2007,213,43,170,1794,1490,304
E33009009,388,111,28,83,277,220,57
E33009010,202,38,9,29,164,132,32
E33009011,1326,268,56,212,1058,978,80
E33009012,639,66,20,46,573,483,90
E33009013,555,61,14,47,494,449,45
E33009014,2082,556,154,402,1526,1298,228
E33009015,563,193,19,174,370,341,29
E33009016,352,45,16,29,307,260,47
E33009017,336,65,10,55,271,239,32
E33009018,218,23,5,18,195,155,40
E33009019,588,347,154,193,241,224,17
E33009020,245,44,13,31,201,178,23
E33009021,289,26,8,18,263,227,36
E33009022,821,123,25,98,698,650,48
E33009023,380,89,28,61,291,248,43
E33009024,452,115,19,96,337,272,65
E33009025,672,150,24,126,522,498,24
E33009026,1148,181,57,124,967,746,221
E33009027,474,102,23,79,372,305,67
E33009028,573,294,61,233,279,248,31
E33009029,1909,266,69,197,1643,1456,187
E33009030,449,85,21,64,364,321,43
E33009031,210,104,28,76,106,95,11
E33009032,580,243,99,144,337,273,64
E33009033,322,71,13,58,251,208,43
E33009034,376,56,9,47,320,253,67
E33009035,321,39,10,29,282,215,67
E33009036,1392,207,45,162,1185,980,205
E33009037,231,119,39,80,112,89,23
E33009038,1413,213,54,159,1200,970,230
E33009039,246,45,11,34,201,158,43
E33009040,574,301,78,223,273,238,35
E33009041,206,49,19,30,157,137,20
E33009042,763,121,37,84,642,570,72
E33009043,208,78,15,63,130,117,13
E33009044,276,147,47,100,129,117,12
E33009045,351,144,57,87,207,183,24
E33009046,214,84,17,67,130,122,8
E33009047,323,119,41,78,204,183,21
E33009048,248,97,29,68,151,139,12
E33009049,1573,396,100,296,1177,1087,90
E33009050,673,397,165,232,276,256,20
E33009051,553,237,50,187,316,302,14
E33009052,364,79,12,67,285,249,36
E33009053,208,87,17,70,121,110,11
E33009054,298,123,34,89,175,160,15
E33009055,1039,362,48,314,677,652,25
E33009056,582,150,25,125,432,368,64
E33009057,278,181,70,111,97,91,6
E33009058,736,268,77,191,468,412,56
E33009059,531,329,104,225,202,179,23
E33009060,482,175,35,140,307,265,42
E33009061,319,93,25,68,226,207,19
E33009062,228,85,28,57,143,116,27
E33009063,597,225,30,195,372,362,10
E33009064,410,164,41,123,246,212,34
E33009065,255,75,16,59,180,164,16
E33009066,271,123,51,72,148,128,20
E33009067,370,119,25,94,251,227,24
E33009068,399,213,126,87,186,161,25
E33009069,2454,611,141,470,1843,1592,251
E33009070,892,276,61,215,616,557,59
E33009071,247,118,32,86,129,107,22
E33009072,843,303,97,206,540,520,20
E33009073,224,130,40,90,94,93,1
E33009074,421,250,84,166,171,160,11
E33009075,236,74,16,58,162,147,15
E33009076,273,79,18,61,194,183,11
E33009077,198,90,11,79,108,97,11
E33009078,265,191,85,106,74,55,19
E33009079,211,97,21,76,114,92,22
E33009080,211,83,30,53,128,113,15
E33009081,333,138,44,94,195,174,21
E33009082,401,70,16,54,331,264,67
E33009083,1388,172,42,130,1216,1057,159
E33009084,652,159,49,110,493,448,45
E33009085,930,171,34,137,759,629,130
E33009086,3858,1371,237,1134,2487,2255,232
E33009087,668,145,35,110,523,412,111
E33009088,251,24,4,20,227,155,72
E33009089,529,91,22,69,438,367,71
E33009090,962,91,27,64,871,792,79
E33009091,357,86,16,70,271,237,34
E33009092,818,99,26,73,719,606,113
E33009093,532,99,25,74,433,347,86
E33009094,916,126,32,94,790,673,117
E33009095,1309,159,35,124,1150,1006,144
E33009096,375,110,28,82,265,202,63
E33009097,237,102,24,78,135,114,21
E33009098,469,68,18,50,401,347,54
E33009099,690,230,59,171,460,427,33
E33009100,303,51,14,37,252,191,61
E33009101,287,111,14,97,176,163,13
E33009102,1114,392,111,281,722,621,101
E33009103,800,272,48,224,528,491,37
E33009104,476,120,38,82,356,317,39
E33009105,472,97,32,65,375,323,52
E33009106,338,44,16,28,294,272,22
E33009107,230,46,13,33,184,164,20
E33009108,466,63,23,40,403,301,102
E33009109,280,35,9,26,245,218,27
E33009110,413,48,15,33,365,328,37
E33009111,705,119,34,85,586,489,97
E33009112,477,48,6,42,429,378,51
E33009113,341,44,17,27,297,239,58
E33009114,1508,171,40,131,1337,1148,189
E33009115,1673,954,335,619,719,654,65
E33009116,255,65,13,52,190,157,33
E33009117,255,75,17,58,180,159,21
E33009118,255,42,6,36,213,178,35
E33009119,215,51,19,32,164,143,21
E33009120,251,73,25,48,178,137,41
E33009121,380,45,16,29,335,215,120
E33009122,389,187,54,133,202,169,33
E33009123,274,58,20,38,216,182,34
E33009124,550,81,24,57,469,395,74
E33009125,583,62,16,46,521,463,58
E33009126,201,30,7,23,171,116,55
E33009127,5046,1310,137,1173,3736,3471,265
E33009128,609,103,12,91,506,458,48
E33009129,1772,350,68,282,1422,1318,104
E33009130,552,140,27,113,412,352,60
E33009131,601,357,72,285,244,215,29
E33009132,229,102,32,70,127,109,18
E33009133,687,213,63,150,474,414,60
E33009134,772,375,87,288,397,372,25
E33009135,319,140,53,87,179,157,22
E33009136,705,73,28,45,632,482,150
E33009137,245,97,54,43,148,133,15
E33009138,260,54,8,46,206,171,35
E33009139,665,105,24,81,560,500,60
E33009140,609,110,23,87,499,423,76
E33009141,479,201,90,111,278,242,36
E33009142,590,161,49,112,429,342,87
E33009143,399,133,45,88,266,246,20
E33009144,776,295,48,247,481,445,36
E33009145,2136,738,168,570,1398,1251,147
E33009146,652,414,273,141,238,211,27
E33009147,473,113,64,49,360,279,81
E33009148,266,89,40,49,177,153,24
E33009149,5251,1647,252,1395,3604,3258,346
E33009150,1055,461,84,377,594,546,48
E33009151,656,296,135,161,360,310,50
E33009152,222,53,22,31,169,149,20
E33009153,358,108,29,79,250,218,32
E33009154,279,46,7,39,233,192,41
E33009155,661,52,10,42,609,516,93
E33009156,244,35,7,28,209,186,23
E33009157,666,67,15,52,599,544,55
E33009158,311,186,14,172,125,121,4
E33009159,557,77,15,62,480,381,99
E33009160,315,79,28,51,236,203,33
E33009161,601,64,19,45,537,471,66
E33009162,1482,264,52,212,1218,1165,53
E33009163,297,55,18,37,242,219,23
E33009164,379,31,5,26,348,319,29
E33009165,263,31,2,29,232,202,30
E33009166,275,100,32,68,175,138,37
E33009167,394,70,14,56,324,292,32
E33009168,1594,222,46,176,1372,1173,199
E33009169,720,312,111,201,408,382,26
E33009170,505,102,38,64,403,335,68
E33009171,7050,4455,2109,2346,2595,2456,139
E33009172,265,89,28,61,176,157,19
E33009173,423,223,93,130,200,191,9
E33009174,155,45,12,33,110,96,14
E33009175,283,55,14,41,228,184,44
E33009176,719,135,47,88,584,496,88
E33009177,391,81,7,74,310,301,9
E33009178,447,51,9,42,396,331,65
E33009179,633,221,75,146,412,329,83
E33009180,1642,214,50,164,1428,1265,163
E33009181,359,44,10,34,315,238,77
E33009182,299,85,17,68,214,173,41
E33009183,574,236,25,211,338,320,18
E33009184,288,140,86,54,148,134,14
E33009185,687,111,27,84,576,520,56
E33009186,509,54,15,39,455,420,35
E33009187,900,114,26,88,786,662,124
E33009188,592,92,21,71,500,442,58
E33009189,549,66,13,53,483,406,77
E33009190,872,327,92,235,545,475,70
E33009191,346,112,28,84,234,203,31
E33009192,508,183,77,106,325,295,30
E33009193,530,133,33,100,397,359,38
E33009194,912,198,35,163,714,634,80
E33009195,860,126,27,99,734,659,75
E33009196,1187,703,306,397,484,452,32
E33009197,540,226,95,131,314,300,14
E33009198,321,119,14,105,202,186,16
E33009199,323,44,9,35,279,237,42
E33009200,1470,426,180,246,1044,966,78
E33009201,407,27,7,20,380,353,27
E33009202,279,40,9,31,239,186,53
E33009203,277,46,10,36,231,182,49
E33009204,477,75,15,60,402,315,87
E33009205,631,72,16,56,559,482,77
E33009206,541,69,20,49,472,406,66
E33009207,277,133,65,68,144,120,24
E33009208,305,107,32,75,198,178,20
E33009209,502,188,44,144,314,293,21
E33009210,744,229,35,194,515,462,53
E33009211,262,96,22,74,166,147,19
E33009212,513,72,19,53,441,372,69
E33009213,644,173,33,140,471,455,16
E33009214,3615,1074,484,590,2541,2103,438
E33009215,902,295,79,216,607,494,113
E33009216,277,168,46,122,109,89,20
E33009217,267,95,29,66,172,145,27
E33009218,602,249,53,196,353,332,21
E33009219,565,124,33,91,441,385,56
E33009220,828,176,57,119,652,575,77
E33009221,297,171,41,130,126,118,8
E33009222,229,47,11,36,182,148,34
E33009223,837,102,27,75,735,591,144
E33009224,438,235,143,92,203,168,35
E33009225,637,120,38,82,517,447,70
E33009226,221,76,13,63,145,116,29
E33009227,628,238,44,194,390,356,34
E33009228,1017,200,34,166,817,763,54
E33009229,328,102,27,75,226,186,40
E33009230,375,125,35,90,250,217,33
E33009231,353,156,53,103,197,171,26
E33009232,634,194,29,165,440,410,30
E33009233,513,232,97,135,281,242,39
E33009234,564,146,24,122,418,380,38
E33009235,695,200,75,125,495,415,80
E33009236,338,109,24,85,229,212,17
E33009237,267,102,4,98,165,164,1
E33009238,1009,242,66,176,767,644,123
E33009239,228,33,11,22,195,162,33
E33009240,375,123,41,82,252,204,48
E33009241,558,93,24,69,465,405,60
E33009242,369,64,10,54,305,284,21
E33009243,754,56,18,38,698,647,51
E33009244,251,113,38,75,138,118,20
E33009245,278,65,23,42,213,184,29
E33009246,206,101,38,63,105,88,17
E33009247,735,155,57,98,580,492,88
E33009248,700,301,75,226,399,362,37
E33009249,266,49,15,34,217,171,46
E33009250,331,71,15,56,260,218,42
E33009251,294,61,22,39,233,197,36
E33009252,288,35,16,19,253,210,43
E33009253,404,62,16,46,342,270,72
E33009254,381,110,39,71,271,215,56
E33009255,1577,354,43,311,1223,1116,107
E33009256,711,96,23,73,615,569,46
E33009257,250,85,18,67,165,136,29
E33009258,381,51,18,33,330,289,41
E33009259,765,120,32,88,645,565,80
E33009260,291,65,13,52,226,197,29
E33009261,1037,158,27,131,879,755,124
E33009262,332,100,11,89,232,197,35
E33009263,536,70,15,55,466,406,60
E33009264,4290,993,220,773,3297,2686,611
E33009265,1226,146,30,116,1080,1009,71
E33009266,920,135,37,98,785,694,91
E33009267,381,156,24,132,225,211,14
E33009268,386,110,39,71,276,222,54
E33009269,369,137,60,77,232,183,49
E33009270,217,120,55,65,97,67,30
E33009271,240,115,50,65,125,96,29
E33009272,202,99,42,57,103,90,13
E33009273,452,203,90,113,249,218,31
E33009274,339,146,44,102,193,160,33
E33009275,469,216,76,140,253,227,26
E33009276,570,314,106,208,256,230,26
E33009277,341,50,12,38,291,261,30
E33009278,708,96,26,70,612,542,70
E33009279,525,121,25,96,404,292,112
E33009280,483,181,38,143,302,265,37
E33009281,456,50,24,26,406,366,40
E33009282,902,169,52,117,733,633,100
E33009283,207,77,20,57,130,111,19
E33009284,484,283,117,166,201,191,10
E33009285,225,105,30,75,120,110,10
E33009286,262,89,15,74,173,148,25
E33009287,535,281,95,186,254,231,23
E33009288,249,70,13,57,179,174,5
E33009289,312,82,25,57,230,207,23
E33009290,257,77,16,61,180,150,30
E33009291,249,62,11,51,187,153,34
E33009292,767,274,59,215,493,442,51
E33009293,226,129,47,82,97,89,8
E33009294,249,71,23,48,178,152,26
E33009295,248,124,25,99,124,93,31
E33009296,975,235,49,186,740,657,83
E33009297,215,51,17,34,164,136,28
E33009298,216,55,10,45,161,106,55
E33009299,858,101,22,79,757,642,115
E33009300,208,64,12,52,144,126,18
E33009301,417,158,34,124,259,242,17
E33009302,562,102,26,76,460,393,67
E33009303,944,353,120,233,591,516,75
E33009304,375,68,20,48,307,280,27
E33009305,1180,231,60,171,949,887,62
E33009306,446,55,21,34,391,363,28
E33009307,254,62,17,45,192,171,21
E33009308,366,80,20,60,286,242,44
E33009309,284,49,13,36,235,197,38
E33009310,258,102,28,74,156,132,24
E33009311,482,219,73,146,263,236,27
E33009312,215,65,17,48,150,125,25
E33009313,228,43,12,31,185,173,12
E33009314,321,111,35,76,210,197,13
E33009315,376,171,36,135,205,166,39
E33009316,5054,1332,292,1040,3722,3279,443
E33009317,1092,186,58,128,906,759,147
E33009318,383,118,17,101,265,221,44
E33009319,640,78,19,59,562,466,96
E33009320,359,75,22,53,284,245,39
E33009321,1603,198,40,158,1405,1221,184
E33009322,212,81,32,49,131,102,29
E33009323,229,62,10,52,167,135,32
E33009324,1087,384,33,351,703,604,99
E33009325,423,142,35,107,281,212,69
E33009326,476,78,17,61,398,343,55
E33009327,493,175,55,120,318,300,18
E33009328,463,178,75,103,285,241,44
E33009329,306,66,26,40,240,208,32
E33009330,224,81,19,62,143,104,39
E33009331,216,102,21,81,114,107,7
E33009332,131,46,4,42,85,79,6
E33009333,452,91,32,59,361,287,74
E33009334,365,108,31,77,257,219,38
E33009335,242,84,26,58,158,140,18
E33009336,294,125,22,103,169,147,22
E33009337,330,88,24,64,242,223,19
E33009338,831,154,23,131,677,597,80
E33009339,244,127,47,80,117,95,22
E33009340,387,140,40,100,247,226,21
E33009341,530,211,56,155,319,292,27
E33009342,263,44,8,36,219,190,29
E33009343,376,160,68,92,216,187,29
E33009344,659,122,20,102,537,512,25
E33009345,295,107,41,66,188,162,26
E33009346,218,42,14,28,176,145,31
E33009347,258,119,28,91,139,127,12
E33009348,255,105,28,77,150,124,26
E33009349,494,34,12,22,460,377,83
E33009350,327,114,33,81,213,181,32
E33009351,312,72,31,41,240,178,62
E33009352,564,42,13,29,522,453,69
E33009353,300,145,51,94,155,128,27
E33009354,289,61,20,41,228,173,55
E33009355,638,78,23,55,560,499,61
E33009356,823,109,36,73,714,623,91
E33009357,1146,105,20,85,1041,863,178
E33009358,274,31,7,24,243,205,38
E33009359,419,63,19,44,356,313,43
E33009360,246,123,53,70,123,101,22
E33009361,968,157,44,113,811,690,121
E33009362,430,221,94,127,209,173,36
E33009363,219,105,36,69,114,97,17
E33009364,660,128,39,89,532,422,110
E33009365,297,70,17,53,227,197,30
E33009366,380,207,70,137,173,155,18
E33009367,253,55,17,38,198,187,11
E33009368,366,150,49,101,216,189,27
E33009369,196,101,28,73,95,86,9
E33009370,260,97,35,62,163,130,33
E33009371,244,83,20,63,161,138,23
E33009372,659,105,23,82,554,484,70
E33009373,355,157,56,101,198,168,30
E33009374,310,102,19,83,208,187,21
E33009375,227,71,30,41,156,129,27
E33009376,229,68,18,50,161,122,39
E33009377,333,114,36,78,219,194,25
E33009378,897,250,69,181,647,575,72
E33009379,433,206,61,145,227,194,33
E33009380,487,182,29,153,305,286,19
E33009381,225,75,24,51,150,139,11
E33009382,840,505,170,335,335,291,44
E33009383,298,69,12,57,229,209,20
E33009384,280,82,27,55,198,187,11
E33009385,293,136,28,108,157,131,26
E33009386,565,238,68,170,327,300,27
E33009387,428,204,68,136,224,207,17
E33009388,298,69,29,40,229,214,15
E33009389,341,118,32,86,223,205,18
E33009390,593,196,57,139,397,371,26
E33009391,476,144,27,117,332,329,3
E33009392,546,199,76,123,347,303,44
E33009393,417,141,40,101,276,256,20
E33009394,211,81,26,55,130,118,12
E33009395,3711,593,67,526,3118,2780,338
E33009396,356,145,54,91,211,194,17
E33009397,222,73,20,53,149,136,13
E33009398,293,111,36,75,182,167,15
E33009399,319,129,24,105,190,165,25
E33009400,215,61,16,45,154,136,18
E33009401,247,88,9,79,159,138,21
E33009402,990,233,66,167,757,701,56
E33009403,533,146,22,124,387,367,20
E33009404,399,71,7,64,328,322,6
E33009405,263,73,15,58,190,173,17
E33009406,922,227,40,187,695,644,51
E33009407,366,36,11,25,330,309,21
E33009408,294,143,16,127,151,130,21
E33009409,655,330,118,212,325,301,24
E33009410,263,119,31,88,144,132,12
E33009411,243,138,32,106,105,93,12
E33009412,1052,249,59,190,803,761,42
E33009413,856,121,28,93,735,635,100
E33009414,690,240,98,142,450,406,44
E33009415,568,43,12,31,525,351,174
E33009416,1197,658,284,374,539,500,39
E33009417,886,85,13,72,801,655,146
E33009418,227,78,16,62,149,139,10
E33009419,436,217,38,179,219,187,32
E33009420,254,26,7,19,228,171,57
E33009421,456,64,19,45,392,331,61
E33009422,335,192,69,123,143,125,18
E33009423,280,124,37,87,156,131,25
E33009424,281,124,20,104,157,128,29
E33009425,246,76,21,55,170,135,35
E33009426,364,52,16,36,312,249,63
E33009427,363,48,13,35,315,258,57
E33009428,262,125,37,88,137,114,23
E33009429,1092,162,45,117,930,815,115
E33009430,219,27,7,20,192,153,39
E33009431,746,92,27,65,654,535,119
E33009432,317,55,18,37,262,207,55
E33009433,447,121,25,96,326,259,67
E33009434,785,123,34,89,662,585,77
E33009435,791,335,164,171,456,396,60
E33009436,259,86,33,53,173,166,7
E33009437,619,360,128,232,259,242,17
E33009438,206,34,6,28,172,149,23
E33009439,515,86,21,65,429,408,21
E33009440,570,102,24,78,468,428,40
E33009441,375,70,8,62,305,290,15
E33009442,559,227,92,135,332,287,45
E33009443,278,71,22,49,207,198,9
E33009444,1425,115,33,82,1310,1175,135
E33009445,456,127,35,92,329,274,55
E33009446,407,133,42,91,274,209,65
E33009447,770,322,134,188,448,407,41
E33009448,805,225,45,180,580,557,23
E33009449,273,137,38,99,136,119,17
E33009450,309,118,42,76,191,164,27
E33009451,497,253,79,174,244,234,10
E33009452,398,101,13,88,297,287,10
E33009453,219,98,28,70,121,108,13
E33009454,201,52,20,32,149,143,6
E33009455,414,206,63,143,208,187,21
E33009456,224,63,10,53,161,150,11
E33009457,264,118,47,71,146,133,13
E33009458,326,127,46,81,199,180,19
E33009459,533,187,49,138,346,321,25
E33009460,311,182,86,96,129,113,16
E33009461,255,135,57,78,120,109,11
E33009462,893,584,306,278,309,284,25
E33009463,686,274,104,170,412,387,25
E33009464,217,68,22,46,149,139,10
E33009465,253,112,31,81,141,128,13
E33009466,1329,116,39,77,1213,1032,181
E33009467,200,104,20,84,96,81,15
E33009468,271,91,24,67,180,160,20
E33009469,264,92,21,71,172,168,4
E33009470,222,112,30,82,110,92,18
E33009471,246,30,8,22,216,183,33
E33009472,513,157,18,139,356,321,35
E33009473,533,112,34,78,421,356,65
E33009474,436,118,28,90,318,227,91
E33009475,701,262,78,184,439,389,50
E33009476,245,87,28,59,158,132,26
E33009477,284,22,9,13,262,238,24
E33009478,213,99,26,73,114,97,17
E33009479,545,247,80,167,298,271,27
E33009480,527,239,95,144,288,258,30
E33009481,433,83,35,48,350,298,52
E33009482,643,171,48,123,472,404,68
E33009483,753,102,26,76,651,565,86
E33009484,301,93,32,61,208,165,43
E33009485,216,84,44,40,132,105,27
E33009486,270,123,60,63,147,126,21
E33009487,313,112,43,69,201,172,29
E33009488,306,144,55,89,162,134,28
E33009489,229,76,30,46,153,138,15
E33009490,701,325,104,221,376,334,42
E33009491,908,286,38,248,622,576,46
E33009492,2735,955,188,767,1780,1615,165
E33009493,267,129,21,108,138,133,5
E33009494,771,219,29,190,552,525,27
E33009495,675,110,25,85,565,513,52
E33009496,486,207,68,139,279,264,15
E33009497,451,245,110,135,206,194,12
E33009498,1051,421,91,330,630,559,71
E33009499,320,148,25,123,172,163,9
E33009500,363,134,36,98,229,181,48
E33009501,214,121,50,71,93,82,11
E33009502,124,43,15,28,81,75,6
E33009503,322,130,44,86,192,178,14
E33009504,211,50,9,41,161,148,13
E33009505,400,131,43,88,269,232,37
E33009506,215,71,26,45,144,120,24
E33009507,297,63,18,45,234,195,39
E33009508,290,98,24,74,192,143,49
E33009509,255,71,9,62,184,167,17
E33009510,322,112,22,90,210,198,12
E33009511,447,58,13,45,389,323,66
E33009512,667,329,82,247,338,288,50
E33009513,371,73,15,58,298,256,42
E33009514,1324,482,170,312,842,758,84
E33009515,705,350,107,243,355,301,54
E33009516,246,97,13,84,149,136,13
E33009517,349,160,52,108,189,157,32
E33009518,546,263,90,173,283,255,28
E33009519,629,232,56,176,397,333,64
E33009520,660,269,81,188,391,355,36
E33009521,246,116,32,84,130,98,32
E33009522,239,22,4,18,217,196,21
E33009523,307,69,15,54,238,181,57
E33009524,309,27,5,22,282,241,41
E33009525,661,66,15,51,595,458,137
E33009526,380,47,9,38,333,290,43
E33009527,438,37,8,29,401,330,71
E33009528,672,73,15,58,599,493,106
E33009529,374,27,8,19,347,256,91
E33009530,502,141,29,112,361,323,38
E33009531,534,60,20,40,474,398,76
E33009532,803,69,21,48,734,636,98
E33009533,454,49,15,34,405,364,41
E33009534,354,39,12,27,315,286,29
E33009535,449,202,60,142,247,225,22
E33009536,1097,361,71,290,736,692,44
E33009537,382,146,51,95,236,188,48
E33009538,376,153,48,105,223,193,30
E33009539,720,199,63,136,521,416,105
E33009540,339,51,16,35,288,245,43
E33009541,304,36,14,22,268,212,56
E33009542,339,28,7,21,311,294,17
E33009543,248,31,6,25,217,166,51
E33009544,766,92,19,73,674,555,119
E33009545,640,371,294,77,269,211,58
E33009546,981,140,33,107,841,734,107
E33009547,2592,471,89,382,2121,1987,134
E33009548,1464,236,55,181,1228,1089,139
E33009549,452,139,41,98,313,253,60
E33009550,397,81,9,72,316,278,38
E33009551,208,36,4,32,172,141,31
E33009552,240,27,9,18,213,172,41
E33009553,210,36,15,21,174,136,38
E33009554,231,42,9,33,189,160,29
E33009555,469,61,12,49,408,346,62
E33009556,377,66,14,52,311,268,43
E33009557,737,110,24,86,627,571,56
E33009558,1358,186,33,153,1172,1020,152
E33009559,182,25,5,20,157,131,26
E33009560,509,101,34,67,408,329,79
E33009561,405,115,23,92,290,233,57
E33009562,521,75,15,60,446,337,109
E33009563,327,147,52,95,180,162,18
E33009564,213,29,8,21,184,157,27
E33009565,251,119,59,60,132,118,14
E33009566,543,40,10,30,503,434,69
E33009567,586,154,52,102,432,372,60
E33009568,565,90,19,71,475,389,86
E33009569,641,43,10,33,598,532,66
E33009570,414,83,20,63,331,201,130
E33009571,500,22,9,13,478,404,74
E33009572,681,377,108,269,304,279,25
E33009573,495,227,55,172,268,229,39
E33009574,2573,367,90,277,2206,1768,438
E33009575,788,313,99,214,475,425,50
E33009576,666,85,29,56,581,502,79
E33009577,836,236,50,186,600,527,73
E33009578,427,46,18,28,381,333,48
E33009579,321,138,48,90,183,155,28
E33009580,570,256,112,144,314,262,52
E33009581,403,84,30,54,319,259,60
E33009582,269,87,22,65,182,150,32
E33009583,340,90,21,69,250,229,21
E33009584,355,82,21,61,273,214,59
E33009585,239,62,10,52,177,153,24
E33009586,1203,47,21,26,1156,1001,155
E33009587,436,46,15,31,390,299,91
E33009588,1860,221,38,183,1639,1355,284
E33009589,2121,313,48,265,1808,1400,408
E33009590,264,26,8,18,238,202,36
E33009591,242,27,6,21,215,189,26
E33009592,305,113,30,83,192,163,29
E33009593,828,70,11,59,758,645,113
E33009594,223,62,11,51,161,134,27
E33009595,450,43,5,38,407,366,41
E33009596,2139,608,54,554,1531,1477,54
E33009597,736,95,17,78,641,568,73
E33009598,739,132,41,91,607,489,118
E33009599,250,58,16,42,192,146,46
E33009600,725,108,28,80,617,554,63
E33009601,644,317,150,167,327,279,48
E33009602,822,383,117,266,439,395,44
E33009603,237,104,31,73,133,111,22
E33009604,556,63,8,55,493,462,31
E33009605,561,190,53,137,371,342,29
E33009606,291,39,9,30,252,203,49
E33009607,1471,171,42,129,1300,1039,261
E33009608,346,62,27,35,284,223,61
E33009609,348,59,8,51,289,235,54
E33009610,496,111,19,92,385,321,64
E33009611,1434,303,53,250,1131,1009,122
E33009612,425,95,14,81,330,279,51
E33009613,303,29,5,24,274,237,37
E33009614,3411,616,92,524,2795,2614,181
E33009615,3039,1910,963,947,1129,1045,84
E33009616,221,97,22,75,124,109,15
E33009617,242,86,16,70,156,144,12
E33009618,596,201,48,153,395,316,79
E33009619,237,121,20,101,116,104,12
E33009620,832,340,74,266,492,453,39
E33009621,1062,226,70,156,836,703,133
E33009622,1528,438,102,336,1090,927,163
E33009623,950,428,113,315,522,459,63
E33009624,695,272,132,140,423,358,65
E33009625,517,94,25,69,423,384,39
E33009626,1139,193,57,136,946,792,154
E33009627,406,151,49,102,255,217,38
E33009628,224,103,26,77,121,108,13
E33009629,217,88,25,63,129,116,13
E33009630,245,123,52,71,122,90,32
E33009631,213,89,29,60,124,104,20
E33009632,729,362,124,238,367,300,67
E33009633,674,176,44,132,498,451,47
E33009634,385,54,9,45,331,292,39
E33009635,277,38,11,27,239,219,20
E33009636,288,20,7,13,268,231,37
E33009637,307,48,12,36,259,226,33
E33009638,1081,651,167,484,430,400,30
E33009639,313,132,20,112,181,154,27
E33009640,664,68,13,55,596,498,98
E33009641,341,94,26,68,247,186,61
E33009642,435,85,19,66,350,309,41
E33009643,1151,267,70,197,884,828,56
E33009644,610,246,63,183,364,307,57
E33009645,475,130,36,94,345,313,32
E33009646,688,39,16,23,649,479,170
E33009647,448,39,7,32,409,280,129
E33009648,671,42,11,31,629,561,68
E33009649,219,25,6,19,194,153,41
E33009650,677,42,10,32,635,545,90
E33009651,646,73,17,56,573,486,87
E33009652,726,85,37,48,641,525,116
E33009653,239,19,2,17,220,164,56
E33009654,747,65,19,46,682,554,128
E33009655,245,56,9,47,189,158,31
E33009656,254,30,13,17,224,192,32
E33009657,608,219,57,162,389,313,76
E33009658,566,229,60,169,337,262,75
E33009659,456,147,58,89,309,254,55
E33009660,261,47,10,37,214,203,11
E33009661,849,208,48,160,641,586,55
E33009662,197,29,3,26,168,155,13
E33009663,582,196,44,152,386,348,38
E33009664,358,84,18,66,274,216,58
E33009665,271,110,66,44,161,156,5
E33009666,527,181,89,92,346,295,51
E33009667,561,281,168,113,280,246,34
E33009668,776,129,50,79,647,489,158
E33009669,377,127,24,103,250,226,24
E33009670,1122,209,47,162,913,749,164
E33009671,669,152,34,118,517,464,53
E33009672,714,127,22,105,587,523,64
E33009673,315,40,9,31,275,238,37
E33009674,889,214,54,160,675,595,80
E33009675,278,24,7,17,254,186,68
E33009676,589,60,19,41,529,443,86
E33009677,376,19,3,16,357,293,64
E33009678,305,57,17,40,248,179,69
E33009679,1114,286,76,210,828,722,106
E33009680,240,103,41,62,137,112,25
E33009681,296,67,4,63,229,196,33
E33009682,1249,128,33,95,1121,979,142
E33009683,502,74,15,59,428,387,41
E33009684,345,33,9,24,312,272,40
E33009685,674,131,45,86,543,458,85
E33009686,900,94,22,72,806,667,139
E33009687,277,31,11,20,246,215,31
E33009688,847,510,101,409,337,298,39
E33009689,905,287,121,166,618,497,121
E33009690,552,112,20,92,440,405,35
E33009691,545,80,19,61,465,404,61
E33009692,551,114,60,54,437,353,84
E33009693,274,40,14,26,234,202,32
E33009694,1658,356,74,282,1302,1199,103
E33009695,596,317,100,217,279,255,24
E33009696,249,72,14,58,177,149,28
E33009697,602,228,55,173,374,330,44
E33009698,212,86,19,67,126,103,23
E33009699,363,152,47,105,211,193,18
E33009700,375,213,51,162,162,137,25
E33009701,1085,117,31,86,968,776,192
E33009702,583,47,9,38,536,465,71
E33009703,1783,196,54,142,1587,1411,176
E33009704,232,31,6,25,201,179,22
E33009705,682,120,37,83,562,484,78
E33009706,350,95,30,65,255,208,47
E33009707,615,42,11,31,573,497,76
E33009708,575,79,20,59,496,413,83
E33009709,223,85,20,65,138,96,42
E33009710,705,392,112,280,313,276,37
E33009711,656,127,35,92,529,431,98
E33009712,213,89,23,66,124,99,25
E33009713,353,165,50,115,188,167,21
E33009714,479,100,30,70,379,283,96
E33009715,220,49,17,32,171,127,44
E33009716,394,88,19,69,306,253,53
E33009717,338,41,19,22,297,247,50
E33009718,208,86,16,70,122,100,22
E33009719,320,77,22,55,243,217,26
E33009720,222,114,32,82,108,89,19
E33009721,200,77,24,53,123,108,15
E33009722,674,73,24,49,601,492,109
E33009723,947,393,129,264,554,485,69
E33009724,244,127,30,97,117,106,11
E33009725,291,99,22,77,192,177,15
E33009726,675,87,21,66,588,559,29
E33009727,247,78,11,67,169,160,9
E33009728,230,77,17,60,153,140,13
E33009729,311,173,62,111,138,129,9
E33009730,324,171,34,137,153,145,8
E33009731,341,164,50,114,177,168,9
E33009732,296,161,42,119,135,117,18
E33009733,2207,451,61,390,1756,1563,193
E33009734,1917,477,61,416,1440,1351,89
E33009735,1244,118,29,89,1126,900,226
E33009736,378,152,28,124,226,201,25
E33009737,1177,140,39,101,1037,749,288
E33009738,1527,212,40,172,1315,1163,152
E33009739,458,74,20,54,384,336,48
E33009740,264,27,13,14,237,201,36
E33009741,412,74,22,52,338,286,52
E33009742,2015,146,52,94,1869,1646,223
E33009743,3407,565,124,441,2842,2548,294
E33009744,481,86,20,66,395,337,58
E33009745,511,128,17,111,383,334,49
E33009746,353,178,62,116,175,153,22
E33009747,678,241,114,127,437,373,64
E33009748,708,392,171,221,316,272,44
E33009749,300,50,13,37,250,213,37
E33009750,484,82,15,67,402,349,53
E33009751,201,38,5,33,163,131,32
E33009752,335,48,8,40,287,250,37
E33009753,471,172,59,113,299,253,46
E33009754,243,79,16,63,164,151,13
E33009755,286,97,20,77,189,165,24
E33009756,250,101,21,80,149,127,22
E33009757,370,218,57,161,152,147,5
E33009758,228,93,28,65,135,123,12
E33009759,840,166,22,144,674,647,27
E33009760,727,358,149,209,369,343,26
E33009761,357,113,24,89,244,227,17
E33009762,212,110,39,71,102,89,13
E33009763,352,118,19,99,234,196,38
E33009764,562,86,19,67,476,417,59
E33009765,567,191,73,118,376,333,43
E33009766,623,115,20,95,508,470,38
E33009767,375,96,19,77,279,229,50
E33009768,263,69,20,49,194,184,10
E33009769,307,86,13,73,221,206,15
E33009770,687,181,32,149,506,473,33
E33009771,675,118,31,87,557,479,78
E33009772,274,100,26,74,174,149,25
E33009773,394,144,27,117,250,218,32
E33009774,217,102,41,61,115,110,5
E33009775,818,193,48,145,625,549,76
E33009776,231,113,25,88,118,103,15
E33009777,216,79,20,59,137,122,15
E33009778,390,104,32,72,286,263,23
E33009779,222,73,17,56,149,136,13
E33009780,255,73,26,47,182,165,17
E33009781,284,92,23,69,192,165,27
E33009782,454,132,31,101,322,299,23
E33009783,239,63,16,47,176,152,24
E33009784,1063,149,30,119,914,758,156
E33009785,474,128,57,71,346,282,64
E33009786,901,528,156,372,373,341,32
E33009787,278,85,27,58,193,175,18
E33009788,311,52,12,40,259,207,52
E33009789,879,473,122,351,406,346,60
E33009790,956,111,25,86,845,735,110
E33009791,690,145,39,106,545,452,93
E33009792,471,94,23,71,377,339,38
E33009793,1480,113,35,78,1367,1195,172
E33009794,208,47,15,32,161,135,26
E33009795,241,38,10,28,203,160,43
E33009796,233,33,11,22,200,178,22
E33009797,285,52,21,31,233,214,19
E33009798,1321,121,26,95,1200,1020,180
E33009799,329,40,9,31,289,235,54
E33009800,332,77,39,38,255,232,23
E33009801,539,80,10,70,459,396,63
E33009802,539,98,27,71,441,364,77
E33009803,281,28,9,19,253,204,49
E33009804,295,119,20,99,176,148,28
E33009805,991,121,25,96,870,792,78
E33009806,780,137,31,106,643,586,57
E33009807,534,50,11,39,484,456,28
E33009808,499,76,23,53,423,406,17
E33009809,206,35,14,21,171,163,8
E33009810,2525,294,65,229,2231,2023,208
E33009811,777,121,14,107,656,598,58
E33009812,505,45,10,35,460,382,78
E33009813,430,54,19,35,376,327,49
E33009814,590,68,16,52,522,474,48
E33009815,278,33,16,17,245,205,40
E33009816,525,60,23,37,465,366,99
E33009817,316,33,9,24,283,214,69
E33009818,680,95,18,77,585,426,159
E33009819,213,37,11,26,176,90,86
E33009820,1226,94,30,64,1132,1028,104
E33009821,916,62,19,43,854,744,110
E33009822,246,32,14,18,214,181,33
E33009823,565,205,39,166,360,329,31
E33009824,216,35,6,29,181,146,35
E33009825,357,39,8,31,318,264,54
E33009826,261,40,9,31,221,192,29
E33009827,654,146,29,117,508,448,60
E33009828,1021,532,209,323,489,442,47
E33009829,225,49,14,35,176,143,33
E33009830,209,45,13,32,164,131,33
E33009831,309,171,43,128,138,133,5
E33009832,233,107,37,70,126,106,20
E33009833,226,84,37,47,142,114,28
E33009834,322,60,14,46,262,237,25
E33009835,978,287,77,210,691,594,97
E33009836,273,43,8,35,230,189,41
E33009837,212,35,8,27,177,152,25
E33009838,538,126,12,114,412,404,8
E33009839,1578,913,360,553,665,611,54
E33009840,240,58,1,57,182,180,2
E33009841,366,104,26,78,262,240,22
E33009842,485,110,13,97,375,369,6
E33009843,239,69,9,60,170,155,15
E33009844,630,74,23,51,556,428,128
E33009845,331,104,29,75,227,200,27
E33009846,616,165,43,122,451,437,14
E33009847,336,145,31,114,191,177,14
E33009848,250,46,9,37,204,184,20
E33009849,681,263,103,160,418,392,26
E33009850,441,153,69,84,288,259,29
E33009851,895,220,38,182,675,643,32
E33009852,209,78,19,59,131,112,19
E33009853,385,148,29,119,237,218,19
E33009854,413,132,23,109,281,261,20
E33009855,614,371,152,219,243,232,11
E33009856,266,126,22,104,140,132,8
E33009857,457,88,22,66,369,326,43
E33009858,570,356,133,223,214,201,13
E33009859,353,129,46,83,224,215,9
E33009860,204,68,20,48,136,131,5
E33009861,251,85,29,56,166,150,16
E33009862,218,119,40,79,99,94,5
E33009863,311,81,14,67,230,215,15
E33009864,258,112,24,88,146,138,8
E33009865,461,202,58,144,259,248,11
E33009866,5373,1792,298,1494,3581,3207,374
E33009867,795,431,276,155,364,291,73
E33009868,1134,243,54,189,891,839,52
E33009869,1928,331,102,229,1597,1335,262
E33009870,746,99,31,68,647,525,122
E33009871,275,34,6,28,241,204,37
E33009872,313,50,15,35,263,219,44
E33009873,909,100,32,68,809,685,124
E33009874,306,43,14,29,263,226,37
E33009875,838,402,131,271,436,370,66
E33009876,645,416,96,320,229,201,28
E33009877,471,48,16,32,423,316,107
E33009878,209,32,9,23,177,142,35
E33009879,493,118,21,97,375,273,102
E33009880,295,61,12,49,234,199,35
E33009881,212,25,5,20,187,159,28
E33009882,238,19,6,13,219,178,41
E33009883,337,110,30,80,227,202,25
E33009884,237,36,10,26,201,177,24
E33009885,259,128,36,92,131,105,26
E33009886,219,118,21,97,101,84,17
E33009887,641,338,90,248,303,277,26
E33009888,505,172,47,125,333,282,51
E33009889,312,149,53,96,163,125,38
E33009890,244,135,42,93,109,83,26
E33009891,452,265,72,193,187,168,19
E33009892,232,107,30,77,125,104,21
E33009893,328,180,75,105,148,114,34
E33009894,3637,1210,232,978,2427,2204,223
E33009895,212,80,38,42,132,108,24
E33009896,871,77,23,54,794,720,74
E33009897,817,205,45,160,612,572,40
E33009898,408,233,76,157,175,149,26
E33009899,284,152,57,95,132,121,11
E33009900,426,199,67,132,227,188,39
E33009901,1707,176,64,112,1531,1269,262
E33009902,684,337,53,284,347,326,21
E33009903,297,125,20,105,172,147,25
E33009904,231,131,52,79,100,89,11
E33009905,246,62,15,47,184,166,18
E33009906,237,98,24,74,139,124,15
E33009907,292,163,47,116,129,118,11
E33009908,224,96,29,67,128,107,21
E33009909,309,37,9,28,272,197,75
E33009910,623,138,27,111,485,370,115
E33009911,258,34,6,28,224,201,23
E33009912,1354,210,44,166,1144,928,216
E33009913,212,46,12,34,166,130,36
E33009914,665,92,32,60,573,436,137
E33009915,917,296,126,170,621,563,58
E33009916,878,77,19,58,801,667,134
E33009917,379,62,20,42,317,266,51
E33009918,311,53,24,29,258,172,86
E33009919,857,223,61,162,634,528,106
E33009920,317,72,23,49,245,217,28
E33009921,633,70,21,49,563,515,48
E33009922,992,116,41,75,876,717,159
E33009923,205,82,20,62,123,102,21
E33009924,369,137,46,91,232,157,75
E33009925,221,116,36,80,105,86,19
E33009926,329,105,36,69,224,174,50
E33009927,322,113,24,89,209,180,29
E33009928,266,147,44,103,119,106,13
E33009929,226,131,46,85,95,91,4
E33009930,545,313,117,196,232,201,31
E33009931,2146,501,136,365,1645,1565,80
E33009932,454,208,85,123,246,218,28
E33009933,195,94,39,55,101,81,20
E33009934,209,60,24,36,149,125,24
E33009935,322,25,5,20,297,254,43
E33009936,413,65,19,46,348,290,58
E33009937,507,47,22,25,460,382,78
E33009938,606,103,31,72,503,388,115
E33009939,386,62,11,51,324,240,84
E33009940,338,43,17,26,295,177,118
E33009941,1492,90,25,65,1402,1217,185
E33009942,142,21,8,13,121,76,45
E33009943,547,247,104,143,300,280,20
E33009944,546,132,20,112,414,381,33
E33009945,288,123,45,78,165,104,61
E33009946,629,225,63,162,404,371,33
E33009947,213,35,14,21,178,130,48
E33009948,336,58,12,46,278,179,99
E33009949,247,115,34,81,132,110,22
E33009950,559,107,25,82,452,388,64
E33009951,198,35,14,21,163,135,28
E33009952,1447,166,33,133,1281,1088,193
E33009953,242,73,12,61,169,142,27
E33009954,287,59,13,46,228,184,44
E33009955,1116,631,113,518,485,423,62
E33009956,200,52,8,44,148,133,15
E33009957,289,111,39,72,178,167,11
E33009958,281,112,23,89,169,156,13
E33009959,500,170,32,138,330,302,28
E33009960,510,146,38,108,364,267,97
E33009961,342,137,31,106,205,195,10
E33009962,1809,325,78,247,1484,1183,301
E33009963,523,91,22,69,432,344,88
E33009964,237,39,13,26,198,181,17
E33009965,463,64,13,51,399,323,76
E33009966,1432,136,32,104,1296,1133,163
E33009967,563,213,47,166,350,323,27
E33009968,891,249,41,208,642,589,53
E33009969,617,163,45,118,454,345,109
E33009970,1068,564,187,377,504,444,60
E33009971,228,13,3,10,215,178,37
E33009972,374,19,8,11,355,284,71
E33009973,327,14,6,8,313,191,122
E33009974,376,36,13,23,340,296,44
E33009975,319,26,5,21,293,211,82
E33009976,210,44,6,38,166,146,20
E33009977,1122,141,32,109,981,677,304
E33009978,337,47,15,32,290,208,82
E33009979,442,48,11,37,394,293,101
E33009980,200,38,7,31,162,146,16
E33009981,343,70,19,51,273,197,76
E33009982,460,46,14,32,414,247,167
E33009983,276,28,9,19,248,215,33
E33009984,380,21,5,16,359,314,45
E33009985,509,54,21,33,455,278,177
E33009986,1063,388,117,271,675,582,93
E33009987,697,219,40,179,478,447,31
E33009988,1397,191,44,147,1206,970,236
E33009989,274,74,14,60,200,181,19
E33009990,264,83,23,60,181,148,33
E33009991,349,161,56,105,188,166,22
E33009992,938,396,158,238,542,486,56
E33009993,560,341,100,241,219,193,26
E33009994,385,73,9,64,312,262,50
E33009995,715,145,20,125,570,509,61
E33009996,325,64,16,48,261,216,45
E33009997,404,159,34,125,245,223,22
E33009998,239,97,33,64,142,127,15
E33009999,259,41,11,30,218,160,58
E33010000,512,91,11,80,421,360,61
E33010001,559,158,34,124,401,364,37
E33010002,295,88,17,71,207,187,20
E33010003,567,281,109,172,286,252,34
E33010004,203,93,24,69,110,98,12
E33010005,372,161,63,98,211,196,15
E33010006,284,130,35,95,154,133,21
E33010007,339,202,59,143,137,126,11
E33010008,279,100,26,74,179,154,25
E33010009,642,407,185,222,235,211,24
E33010010,238,131,34,97,107,104,3
E33010011,232,105,17,88,127,115,12
E33010012,566,318,100,218,248,234,14
E33010013,456,81,5,76,375,350,25
E33010014,1177,187,42,145,990,849,141
E33010015,469,48,12,36,421,381,40
E33010016,734,84,21,63,650,570,80
E33010017,346,36,14,22,310,252,58
E33010018,409,69,29,40,340,264,76
E33010019,251,61,18,43,190,161,29
E33010020,581,138,49,89,443,308,135
E33010021,255,104,42,62,151,125,26
E33010022,327,170,58,112,157,127,30
E33010023,270,98,28,70,172,149,23
E33010024,315,148,41,107,167,147,20
E33010025,779,127,41,86,652,505,147
E33010026,631,62,19,43,569,451,118
E33010027,1009,76,18,58,933,851,82
E33010028,489,88,14,74,401,324,77
E33010029,431,81,25,56,350,266,84
E33010030,623,64,26,38,559,410,149
E33010031,648,145,45,100,503,462,41
E33010032,1598,128,30,98,1470,1235,235
E33010033,643,101,28,73,542,468,74
E33010034,1467,110,22,88,1357,1227,130
E33010035,677,144,31,113,533,446,87
E33010036,1071,82,31,51,989,801,188
E33010037,4009,203,74,129,3806,3362,444
E33010038,704,102,34,68,602,531,71
E33010039,1176,164,29,135,1012,911,101
E33010040,627,166,43,123,461,322,139
E33010041,530,37,13,24,493,424,69
E33010042,210,19,9,10,191,142,49
E33010043,433,40,12,28,393,309,84
E33010044,348,108,40,68,240,159,81
E33010045,1019,341,79,262,678,587,91
E33010046,822,304,80,224,518,471,47
E33010047,568,73,24,49,495,352,143
E33010048,216,77,25,52,139,134,5
E33010049,441,150,38,112,291,285,6
E33010050,1504,169,44,125,1335,1145,190
E33010051,293,86,16,70,207,193,14
E33010052,264,128,29,99,136,126,10
E33010053,289,56,11,45,233,190,43
E33010054,254,80,28,52,174,136,38
E33010055,550,71,12,59,479,397,82
E33010056,287,139,29,110,148,136,12
E33010057,1444,755,223,532,689,611,78
E33010058,644,258,71,187,386,369,17
E33010059,1133,125,36,89,1008,899,109
E33010060,738,132,31,101,606,530,76
E33010061,284,45,9,36,239,195,44
E33010062,920,98,36,62,822,648,174
E33010063,217,74,18,56,143,115,28
E33010064,1060,589,313,276,471,431,40
E33010065,206,66,16,50,140,131,9
E33010066,293,60,15,45,233,210,23
E33010067,436,133,33,100,303,269,34
E33010068,360,154,88,66,206,159,47
E33010069,259,113,37,76,146,89,57
E33010070,449,214,93,121,235,207,28
E33010071,351,146,70,76,205,173,32
E33010072,469,223,112,111,246,209,37
E33010073,329,135,51,84,194,165,29
E33010074,643,257,79,178,386,359,27
E33010075,287,125,60,65,162,144,18
E33010076,750,355,166,189,395,347,48
E33010077,235,87,34,53,148,118,30
E33010078,293,78,16,62,215,199,16
E33010079,331,120,55,65,211,177,34
E33010080,404,123,54,69,281,245,36
E33010081,616,157,31,126,459,445,14
E33010082,968,527,261,266,441,405,36
E33010083,386,151,53,98,235,205,30
E33010084,469,174,72,102,295,250,45
E33010085,254,86,32,54,168,155,13
E33010086,226,119,62,57,107,101,6
E33010087,229,79,28,51,150,134,16
E33010088,266,120,34,86,146,125,21
E33010089,274,67,21,46,207,179,28
E33010090,199,98,42,56,101,84,17
E33010091,429,195,61,134,234,225,9
E33010092,287,106,45,61,181,146,35
E33010093,416,239,106,133,177,157,20
E33010094,200,95,48,47,105,95,10
E33010095,350,130,47,83,220,194,26
E33010096,200,75,31,44,125,91,34
E33010097,436,179,82,97,257,205,52
E33010098,366,205,101,104,161,152,9
E33010099,440,257,102,155,183,175,8
E33010100,487,126,37,89,361,325,36
E33010101,275,53,24,29,222,186,36
E33010102,436,97,20,77,339,310,29
E33010103,527,184,57,127,343,279,64
E33010104,275,59,12,47,216,192,24
E33010105,831,59,20,39,772,703,69
E33010106,422,156,62,94,266,208,58
E33010107,1737,855,396,459,882,844,38
E33010108,852,460,133,327,392,349,43
E33010109,814,139,28,111,675,620,55
E33010110,559,116,31,85,443,349,94
E33010111,224,91,32,59,133,103,30
E33010112,531,154,44,110,377,328,49
E33010113,394,78,28,50,316,244,72
E33010114,236,36,10,26,200,172,28
E33010115,679,131,24,107,548,490,58
E33010116,540,211,59,152,329,259,70
E33010117,216,58,16,42,158,138,20
E33010118,461,130,36,94,331,235,96
E33010119,528,173,55,118,355,300,55
E33010120,222,67,12,55,155,120,35
E33010121,279,60,21,39,219,155,64
E33010122,301,59,19,40,242,160,82
E33010123,454,95,16,79,359,330,29
E33010124,422,78,10,68,344,306,38
E33010125,401,102,30,72,299,241,58
E33010126,341,100,26,74,241,202,39
E33010127,237,37,9,28,200,155,45
E33010128,355,75,14,61,280,253,27
E33010129,324,61,26,35,263,203,60
E33010130,337,66,8,58,271,245,26
E33010131,296,80,18,62,216,197,19
E33010132,373,131,55,76,242,210,32
E33010133,848,454,151,303,394,368,26
E33010134,205,28,3,25,177,156,21
E33010135,707,99,23,76,608,468,140
E33010136,375,107,49,58,268,191,77
E33010137,850,148,58,90,702,576,126
E33010138,236,78,38,40,158,113,45
E33010139,247,103,38,65,144,116,28
E33010140,250,88,30,58,162,144,18
E33010141,212,96,42,54,116,105,11
E33010142,181,67,20,47,114,98,16
E33010143,230,110,32,78,120,100,20
E33010144,230,99,42,57,131,111,20
E33010145,248,127,62,65,121,103,18
E33010146,214,84,11,73,130,109,21
E33010147,222,94,32,62,128,92,36
E33010148,245,138,75,63,107,96,11
E33010149,483,231,108,123,252,210,42
E33010150,969,328,133,195,641,562,79
E33010151,638,105,29,76,533,441,92
E33010152,402,188,65,123,214,180,34
E33010153,328,147,31,116,181,152,29
E33010154,259,49,21,28,210,153,57
E33010155,869,142,48,94,727,600,127
E33010156,2387,877,354,523,1510,1273,237
E33010157,739,79,21,58,660,546,114
E33010158,198,46,13,33,152,114,38
E33010159,531,79,22,57,452,350,102
E33010160,321,118,34,84,203,166,37
E33010161,1670,446,134,312,1224,1137,87
E33010162,211,92,39,53,119,100,19
E33010163,907,470,173,297,437,391,46
E33010164,201,70,23,47,131,114,17
E33010165,421,233,86,147,188,170,18
E33010166,1068,269,65,204,799,753,46
E33010167,561,130,29,101,431,394,37
E33010168,327,35,5,30,292,224,68
E33010169,995,227,67,160,768,677,91
E33010170,163,43,10,33,120,109,11
E33010171,165,16,8,8,149,139,10
E33010172,253,53,10,43,200,177,23
E33010173,375,142,55,87,233,195,38
E33010174,709,189,61,128,520,453,67
E33010175,547,161,52,109,386,315,71
E33010176,218,51,23,28,167,80,87
E33010177,740,317,114,203,423,349,74
E33010178,217,105,34,71,112,87,25
E33010179,211,89,28,61,122,110,12
E33010180,353,188,78,110,165,141,24
E33010181,1084,132,37,95,952,852,100
E33010182,1063,75,21,54,988,695,293
E33010183,2762,938,211,727,1824,1626,198
E33010184,521,129,25,104,392,331,61
E33010185,472,59,14,45,413,333,80
E33010186,298,93,26,67,205,184,21
E33010187,494,76,17,59,418,353,65
E33010188,310,93,23,70,217,153,64
E33010189,383,112,24,88,271,236,35
E33010190,342,77,17,60,265,213,52
E33010191,339,95,18,77,244,219,25
E33010192,334,50,15,35,284,242,42
E33010193,501,100,21,79,401,345,56
E33010194,1255,309,85,224,946,806,140
E33010195,208,85,20,65,123,99,24
E33010196,1005,80,26,54,925,621,304
E33010197,604,282,104,178,322,251,71
E33010198,472,182,66,116,290,218,72
E33010199,586,69,17,52,517,429,88
E33010200,594,63,15,48,531,452,79
E33010201,609,187,94,93,422,343,79
E33010202,311,93,35,58,218,153,65
E33010203,226,55,31,24,171,139,32
E33010204,256,80,21,59,176,159,17
E33010205,566,288,151,137,278,256,22
E33010206,204,69,18,51,135,103,32
E33010207,457,215,107,108,242,204,38
E33010208,202,107,62,45,95,84,11
E33010209,202,70,22,48,132,94,38
E33010210,313,123,36,87,190,163,27
E33010211,498,151,56,95,347,314,33
E33010212,533,166,51,115,367,293,74
E33010213,297,55,11,44,242,210,32
E33010214,300,63,22,41,237,192,45
E33010215,383,219,119,100,164,148,16
E33010216,209,57,17,40,152,131,21
E33010217,312,101,38,63,211,190,21
E33010218,210,75,19,56,135,95,40
E33010219,232,104,56,48,128,108,20
E33010220,244,101,40,61,143,116,27
E33010221,362,143,50,93,219,188,31
E33010222,228,68,18,50,160,137,23
E33010223,342,91,17,74,251,229,22
E33010224,348,100,35,65,248,234,14
E33010225,871,507,225,282,364,350,14
E33010226,246,97,35,62,149,118,31
E33010227,207,68,25,43,139,105,34
E33010228,712,104,39,65,608,432,176
E33010229,329,170,81,89,159,119,40
E33010230,968,68,24,44,900,530,370
E33010231,211,100,33,67,111,94,17
E33010232,482,234,83,151,248,207,41
E33010233,242,108,42,66,134,110,24
E33010234,616,294,79,215,322,269,53
E33010235,1037,178,83,95,859,764,95
E33010236,1352,132,32,100,1220,1123,97
E33010237,333,41,5,36,292,259,33
E33010238,412,176,67,109,236,184,52
E33010239,640,272,80,192,368,288,80
E33010240,1025,66,27,39,959,425,534
E33010241,237,87,21,66,150,113,37
E33010242,594,236,101,135,358,294,64
E33010243,778,208,63,145,570,438,132
E33010244,346,175,68,107,171,145,26
E33010245,429,80,26,54,349,291,58
E33010246,199,18,5,13,181,156,25
E33010247,539,281,88,193,258,220,38
E33010248,1106,118,26,92,988,550,438
E33010249,392,28,8,20,364,324,40
E33010250,540,89,26,63,451,335,116
E33010251,213,113,40,73,100,81,19
E33010252,219,111,39,72,108,92,16
E33010253,253,120,29,91,133,113,20
E33010254,220,71,25,46,149,124,25
E33010255,228,95,34,61,133,109,24
E33010256,433,230,74,156,203,176,27
E33010257,283,96,36,60,187,167,20
E33010258,211,94,23,71,117,84,33
E33010259,858,161,21,140,697,651,46
E33010260,214,72,15,57,142,123,19
E33010261,471,196,80,116,275,263,12
E33010262,254,134,33,101,120,106,14
E33010263,1059,309,83,226,750,677,73
E33010264,561,241,72,169,320,266,54
E33010265,369,209,67,142,160,137,23
E33010266,539,254,84,170,285,258,27
E33010267,310,96,31,65,214,178,36
E33010268,333,167,30,137,166,153,13
E33010269,306,100,24,76,206,182,24
E33010270,882,541,205,336,341,313,28
E33010271,331,118,37,81,213,166,47
E33010272,260,129,16,113,131,111,20
E33010273,237,79,15,64,158,150,8
E33010274,735,97,25,72,638,502,136
E33010275,882,51,23,28,831,735,96
E33010276,433,113,33,80,320,268,52
E33010277,645,151,44,107,494,397,97
E33010278,282,71,20,51,211,175,36
E33010279,354,169,50,119,185,139,46
E33010280,1713,416,124,292,1297,1148,149
E33010281,916,129,37,92,787,715,72
E33010282,274,85,19,66,189,132,57
E33010283,293,162,48,114,131,118,13
E33010284,213,86,13,73,127,116,11
E33010285,307,145,57,88,162,124,38
E33010286,651,197,38,159,454,397,57
E33010287,1126,74,27,47,1052,930,122
E33010288,823,46,14,32,777,683,94
E33010289,632,117,44,73,515,276,239
E33010290,381,157,48,109,224,184,40
E33010291,319,131,27,104,188,161,27
E33010292,452,183,60,123,269,239,30
E33010293,409,104,21,83,305,290,15
E33010294,225,116,34,82,109,91,18
E33010295,300,144,45,99,156,136,20
E33010296,394,204,62,142,190,167,23
E33010297,939,64,22,42,875,724,151
E33010298,541,22,5,17,519,429,90
E33010299,345,36,10,26,309,256,53
E33010300,350,32,5,27,318,246,72
E33010301,284,35,8,27,249,202,47
E33010302,808,73,21,52,735,515,220
E33010303,492,50,12,38,442,351,91
E33010304,358,62,24,38,296,253,43
E33010305,879,118,43,75,761,654,107
E33010306,888,401,97,304,487,445,42
E33010307,544,70,24,46,474,407,67
E33010308,1916,381,66,315,1535,1307,228
E33010309,783,253,51,202,530,481,49
E33010310,261,22,9,13,239,218,21
E33010311,402,43,12,31,359,314,45
E33010312,362,79,22,57,283,230,53
E33010313,499,50,13,37,449,409,40
E33010314,215,62,10,52,153,139,14
E33010315,1600,750,338,412,850,737,113
E33010316,531,104,31,73,427,314,113
E33010317,1564,288,55,233,1276,1168,108
E33010318,2697,272,64,208,2425,2085,340
E33010319,910,33,12,21,877,776,101
E33010320,2056,626,162,464,1430,1309,121
E33010321,653,132,36,96,521,491,30
E33010322,707,259,78,181,448,402,46
E33010323,356,132,18,114,224,213,11
E33010324,894,248,43,205,646,601,45
E33010325,263,128,35,93,135,120,15
E33010326,820,174,37,137,646,578,68
E33010327,312,141,40,101,171,147,24
E33010328,291,166,29,137,125,117,8
E33010329,814,222,51,171,592,521,71
E33010330,373,97,33,64,276,213,63
E33010331,207,43,12,31,164,134,30
E33010332,229,88,16,72,141,124,17
E33010333,278,144,30,114,134,120,14
E33010334,401,133,16,117,268,242,26
E33010335,498,146,33,113,352,302,50
E33010336,266,146,61,85,120,103,17
E33010337,298,102,35,67,196,169,27
E33010338,454,256,70,186,198,169,29
E33010339,221,65,10,55,156,137,19
E33010340,536,163,38,125,373,350,23
E33010341,480,182,34,148,298,269,29
E33010342,296,139,46,93,157,139,18
E33010343,884,259,103,156,625,553,72
E33010344,667,95,19,76,572,491,81
E33010345,357,104,63,41,253,175,78
E33010346,780,76,24,52,704,633,71
E33010347,819,104,22,82,715,662,53
E33010348,276,67,23,44,209,197,12
E33010349,569,156,50,106,413,312,101
E33010350,632,81,19,62,551,480,71
E33010351,292,118,31,87,174,138,36
E33010352,6245,1608,783,825,4637,3753,884
E33010353,616,139,57,82,477,414,63
E33010354,398,95,15,80,303,270,33
E33010355,502,109,27,82,393,349,44
E33010356,952,132,32,100,820,681,139
E33010357,1062,187,45,142,875,768,107
E33010358,510,89,14,75,421,375,46
E33010359,392,60,13,47,332,229,103
E33010360,632,82,12,70,550,503,47
E33010361,5691,1437,260,1177,4254,3597,657
E33010362,801,144,25,119,657,591,66
E33010363,812,116,10,106,696,664,32
E33010364,312,36,4,32,276,198,78
E33010365,276,21,3,18,255,162,93
E33010366,727,200,86,114,527,478,49
E33010367,512,128,23,105,384,309,75
E33010368,1456,233,63,170,1223,1028,195
E33010369,268,33,5,28,235,215,20
E33010370,576,156,14,142,420,413,7
E33010371,717,228,83,145,489,453,36
E33010372,1161,307,74,233,854,780,74
E33010373,339,96,26,70,243,210,33
E33010374,352,125,39,86,227,196,31
E33010375,952,226,32,194,726,691,35
E33010376,448,137,54,83,311,261,50
E33010377,691,305,108,197,386,343,43
E33010378,1105,196,21,175,909,876,33
E33010379,1362,324,52,272,1038,1013,25
E33010380,612,310,135,175,302,277,25
E33010381,279,140,65,75,139,121,18
E33010382,562,134,15,119,428,409,19
E33010383,540,235,76,159,305,232,73
E33010384,482,147,64,83,335,275,60
E33010385,1117,299,66,233,818,786,32
E33010386,958,261,41,220,697,657,40
E33010387,903,152,34,118,751,692,59
E33010388,480,120,29,91,360,321,39
E33010389,577,213,85,128,364,321,43
E33010390,438,170,30,140,268,249,19
E33010391,271,92,18,74,179,167,12
E33010392,507,107,22,85,400,370,30
E33010393,1285,378,113,265,907,870,37
E33010394,581,175,44,131,406,371,35
E33010395,533,326,136,190,207,187,20
E33010396,284,109,57,52,175,166,9
E33010397,226,117,47,70,109,106,3
E33010398,470,104,17,87,366,344,22
E33010399,254,119,29,90,135,83,52
E33010400,357,161,49,112,196,150,46
E33010401,530,178,63,115,352,306,46
E33010402,280,111,54,57,169,144,25
E33010403,2767,478,109,369,2289,2174,115
E33010404,268,116,56,60,152,121,31
E33010405,517,69,7,62,448,390,58
E33010406,515,68,29,39,447,419,28
E33010407,223,37,10,27,186,148,38
E33010408,543,55,17,38,488,449,39
E33010409,303,119,50,69,184,132,52
E33010410,1247,170,29,141,1077,852,225
E33010411,342,103,39,64,239,160,79
E33010412,338,76,14,62,262,212,50
E33010413,690,179,69,110,511,363,148
E33010414,744,120,31,89,624,523,101
E33010415,278,30,8,22,248,205,43
E33010416,324,135,55,80,189,166,23
E33010417,267,104,37,67,163,149,14
E33010418,608,355,107,248,253,240,13
E33010419,415,224,96,128,191,180,11
E33010420,270,36,8,28,234,206,28
E33010421,419,55,11,44,364,294,70
E33010422,301,110,32,78,191,158,33
E33010423,382,195,101,94,187,176,11
E33010424,704,135,63,72,569,509,60
E33010425,659,296,134,162,363,330,33
E33010426,640,344,179,165,296,268,28
E33010427,551,164,47,117,387,309,78
E33010428,535,178,40,138,357,313,44
E33010429,311,167,95,72,144,131,13
E33010430,238,116,47,69,122,112,10
E33010431,340,195,114,81,145,130,15
E33010432,926,85,24,61,841,589,252
E33010433,575,111,53,58,464,376,88
E33010434,464,186,77,109,278,233,45
E33010435,291,40,8,32,251,207,44
E33010436,467,112,33,79,355,316,39
E33010437,315,44,10,34,271,259,12
E33010438,312,108,50,58,204,179,25
E33010439,852,103,35,68,749,675,74
E33010440,1204,117,34,83,1087,891,196
E33010441,1095,178,38,140,917,745,172
E33010442,395,66,29,37,329,267,62
E33010443,1278,230,31,199,1048,981,67
E33010444,887,183,67,116,704,664,40
E33010445,915,162,52,110,753,634,119
E33010446,295,58,11,47,237,190,47
E33010447,507,90,32,58,417,322,95
E33010448,357,118,51,67,239,173,66
E33010449,879,304,135,169,575,525,50
E33010450,759,104,19,85,655,586,69
E33010451,520,167,52,115,353,297,56
E33010452,213,80,26,54,133,107,26
E33010453,212,25,6,19,187,160,27
E33010454,374,58,13,45,316,283,33
E33010455,434,100,23,77,334,307,27
E33010456,594,78,10,68,516,470,46
E33010457,4837,872,151,721,3965,3052,913
E33010458,720,93,25,68,627,557,70
E33010459,1654,238,28,210,1416,1321,95
E33010460,1272,132,34,98,1140,863,277
E33010461,425,74,30,44,351,310,41
E33010462,236,44,13,31,192,142,50
E33010463,871,415,187,228,456,412,44
E33010464,572,63,17,46,509,441,68
E33010465,428,78,18,60,350,332,18
E33010466,211,90,21,69,121,103,18
E33010467,351,72,14,58,279,249,30
E33010468,309,59,12,47,250,237,13
E33010469,254,61,13,48,193,170,23
E33010470,249,158,92,66,91,82,9
E33010471,584,162,46,116,422,352,70
E33010472,225,44,12,32,181,161,20
E33010473,907,211,52,159,696,648,48
E33010474,343,124,43,81,219,203,16
E33010475,480,72,26,46,408,353,55
E33010476,556,58,25,33,498,390,108
E33010477,1268,123,25,98,1145,1067,78
E33010478,229,77,36,41,152,102,50
E33010479,787,371,136,235,416,365,51
E33010480,220,79,32,47,141,118,23
E33010481,294,125,42,83,169,146,23
E33010482,288,88,32,56,200,179,21
E33010483,2716,816,393,423,1900,1558,342
E33010484,205,81,45,36,124,99,25
E33010485,800,88,8,80,712,641,71
E33010486,456,87,26,61,369,332,37
E33010487,1156,216,45,171,940,893,47
E33010488,554,217,76,141,337,297,40
E33010489,518,184,41,143,334,308,26
E33010490,272,53,17,36,219,191,28
E33010491,515,129,40,89,386,354,32
E33010492,1098,96,25,71,1002,907,95
E33010493,1147,151,68,83,996,863,133
E33010494,279,42,16,26,237,214,23
E33010495,375,23,7,16,352,337,15
E33010496,529,82,21,61,447,419,28
E33010497,686,132,31,101,554,481,73
E33010498,209,84,34,50,125,105,20
E33010499,672,114,23,91,558,482,76
E33010500,631,220,49,171,411,378,33
E33010501,479,175,40,135,304,254,50
E33010502,1094,89,12,77,1005,803,202
E33010503,1020,143,30,113,877,752,125
E33010504,880,105,12,93,775,596,179
E33010505,708,53,19,34,655,550,105
E33010506,777,315,122,193,462,411,51
E33010507,289,77,28,49,212,168,44
E33010508,275,92,37,55,183,163,20
E33010509,842,200,40,160,642,596,46
E33010510,455,123,29,94,332,307,25
E33010511,386,99,32,67,287,248,39
E33010512,213,69,12,57,144,131,13
E33010513,272,115,36,79,157,145,12
E33010514,231,54,25,29,177,142,35
E33010515,300,138,38,100,162,144,18
E33010516,313,84,14,70,229,208,21
E33010517,307,137,29,108,170,155,15
E33010518,350,47,10,37,303,274,29
E33010519,202,70,24,46,132,123,9
E33010520,320,92,23,69,228,211,17
E33010521,307,197,102,95,110,102,8
E33010522,769,160,40,120,609,554,55
E33010523,239,31,7,24,208,156,52
E33010524,498,65,13,52,433,313,120
E33010525,230,21,2,19,209,148,61
E33010526,151,37,8,29,114,86,28
E33010527,1205,213,41,172,992,862,130
E33010528,360,144,47,97,216,202,14
E33010529,209,40,8,32,169,143,26
E33010530,609,203,54,149,406,383,23
E33010531,616,193,52,141,423,399,24
E33010532,257,31,9,22,226,191,35
E33010533,610,153,35,118,457,420,37
E33010534,354,115,31,84,239,233,6
E33010535,511,88,22,66,423,302,121
E33010536,262,52,17,35,210,178,32
E33010537,729,35,8,27,694,488,206
E33010538,1360,453,120,333,907,837,70
E33010539,263,56,12,44,207,169,38
E33010540,2604,519,97,422,2085,1833,252
E33010541,585,137,41,96,448,388,60
E33010542,428,254,93,161,174,161,13
E33010543,381,85,22,63,296,251,45
E33010544,355,151,49,102,204,179,25
E33010545,321,73,10,63,248,239,9
E33010546,1986,305,60,245,1681,1392,289
E33010547,456,155,57,98,301,264,37
E33010548,207,63,11,52,144,130,14
E33010549,382,237,97,140,145,132,13
E33010550,878,256,43,213,622,587,35
E33010551,379,157,68,89,222,192,30
E33010552,302,121,34,87,181,164,17
E33010553,364,182,76,106,182,167,15
E33010554,1599,387,63,324,1212,1173,39
E33010555,1497,495,154,341,1002,914,88
E33010556,424,160,38,122,264,234,30
E33010557,742,114,18,96,628,515,113
E33010558,407,119,38,81,288,266,22
E33010559,1092,613,301,312,479,434,45
E33010560,221,99,25,74,122,106,16
E33010561,627,146,16,130,481,458,23
E33010562,716,269,99,170,447,428,19
E33010563,271,128,57,71,143,137,6
E33010564,412,108,43,65,304,282,22
E33010565,895,295,110,185,600,533,67
E33010566,398,142,37,105,256,233,23
E33010567,760,159,39,120,601,573,28
E33010568,724,175,83,92,549,515,34
E33010569,388,100,31,69,288,248,40
E33010570,420,93,26,67,327,305,22
E33010571,415,110,23,87,305,233,72
E33010572,380,95,16,79,285,259,26
E33010573,701,170,34,136,531,455,76
E33010574,551,128,15,113,423,397,26
E33010575,465,96,19,77,369,318,51
E33010576,383,156,78,78,227,194,33
E33010577,277,84,18,66,193,170,23
E33010578,1092,255,25,230,837,739,98
E33010579,340,49,18,31,291,239,52
E33010580,814,142,29,113,672,595,77
E33010581,406,106,40,66,300,246,54
E33010582,862,85,22,63,777,662,115
E33010583,608,102,22,80,506,458,48
E33010584,298,53,12,41,245,227,18
E33010585,235,56,13,43,179,150,29
E33010586,815,118,34,84,697,634,63
E33010587,271,38,11,27,233,145,88
E33010588,1586,343,42,301,1243,1087,156
E33010589,559,111,22,89,448,380,68
E33010590,834,161,28,133,673,580,93
E33010591,979,205,23,182,774,737,37
E33010592,221,59,17,42,162,122,40
E33010593,486,120,31,89,366,314,52
E33010594,252,43,11,32,209,175,34
E33010595,199,68,24,44,131,111,20
E33010596,1630,285,57,228,1345,1152,193
E33010597,221,56,28,28,165,124,41
E33010598,383,72,14,58,311,255,56
E33010599,223,54,26,28,169,146,23
E33010600,341,31,5,26,310,279,31
E33010601,792,274,93,181,518,468,50
E33010602,363,54,12,42,309,270,39
E33010603,904,221,25,196,683,654,29
E33010604,422,157,66,91,265,235,30
E33010605,627,161,45,116,466,429,37
E33010606,800,361,217,144,439,365,74
E33010607,293,109,37,72,184,160,24
E33010608,485,88,17,71,397,369,28
E33010609,1075,202,27,175,873,760,113
E33010610,832,448,95,353,384,316,68
E33010611,929,231,49,182,698,636,62
E33010612,400,165,68,97,235,191,44
E33010613,397,262,155,107,135,114,21
E33010614,1122,291,71,220,831,717,114
E33010615,226,120,82,38,106,91,15
E33010616,257,41,11,30,216,206,10
E33010617,236,104,42,62,132,128,4
E33010618,375,207,98,109,168,148,20
E33010619,207,39,15,24,168,153,15
E33010620,349,104,18,86,245,232,13
E33010621,333,45,15,30,288,258,30
E33010622,279,107,32,75,172,155,17
E33010623,769,215,96,119,554,488,66
E33010624,1013,336,86,250,677,574,103
E33010625,721,306,112,194,415,345,70
E33010626,435,240,69,171,195,176,19
E33010627,441,112,28,84,329,314,15
E33010628,507,154,42,112,353,336,17
E33010629,948,172,31,141,776,661,115
E33010630,206,28,6,22,178,154,24
E33010631,226,38,7,31,188,174,14
E33010632,261,97,42,55,164,144,20
E33010633,252,10,7,3,242,174,68
E33010634,1518,99,31,68,1419,1188,231
E33010635,228,45,16,29,183,121,62
E33010636,209,80,21,59,129,105,24
E33010637,207,76,27,49,131,118,13
E33010638,353,103,28,75,250,210,40
E33010639,219,100,37,63,119,104,15
E33010640,341,120,41,79,221,191,30
E33010641,255,104,25,79,151,129,22
E33010642,243,122,30,92,121,114,7
E33010643,284,172,69,103,112,102,10
E33010644,264,131,39,92,133,116,17
E33010645,376,121,30,91,255,232,23
E33010646,358,234,93,141,124,115,9
E33010647,1100,185,48,137,915,751,164
E33010648,505,283,99,184,222,204,18
E33010649,262,140,28,112,122,105,17
E33010650,254,95,16,79,159,142,17
E33010651,305,101,24,77,204,180,24
E33010652,226,77,15,62,149,136,13
E33010653,280,82,16,66,198,184,14
E33010654,535,158,32,126,377,329,48
E33010655,200,92,30,62,108,98,10
E33010656,555,330,146,184,225,205,20
E33010657,256,86,15,71,170,165,5
E33010658,233,73,19,54,160,140,20
E33010659,1144,643,245,398,501,468,33
E33010660,300,129,37,92,171,159,12
E33010661,225,89,29,60,136,122,14
E33010662,261,93,22,71,168,144,24
E33010663,344,140,34,106,204,162,42
E33010664,337,109,27,82,228,208,20
E33010665,221,75,24,51,146,114,32
E33010666,204,108,30,78,96,84,12
E33010667,1652,384,84,300,1268,1171,97
E33010668,485,135,40,95,350,320,30
E33010669,568,107,20,87,461,423,38
E33010670,196,77,23,54,119,106,13
E33010671,270,54,7,47,216,193,23
E33010672,872,287,20,267,585,564,21
E33010673,1000,291,43,248,709,668,41
E33010674,1046,288,40,248,758,722,36
E33010675,328,130,39,91,198,178,20
E33010676,1500,371,40,331,1129,1075,54
E33010677,1517,368,54,314,1149,1128,21
E33010678,1009,350,115,235,659,596,63
E33010679,369,99,36,63,270,255,15
E33010680,450,133,19,114,317,312,5
E33010681,270,128,69,59,142,122,20
E33010682,304,125,27,98,179,167,12
E33010683,1842,564,298,266,1278,1064,214
E33010684,1575,584,218,366,991,914,77
E33010685,686,348,108,240,338,313,25
E33010686,364,80,7,73,284,266,18
E33010687,393,141,36,105,252,204,48
E33010688,447,99,21,78,348,311,37
E33010689,645,135,23,112,510,418,92
E33010690,736,76,10,66,660,598,62
E33010691,366,76,18,58,290,280,10
E33010692,355,84,12,72,271,238,33
E33010693,852,235,79,156,617,518,99
E33010694,244,55,14,41,189,179,10
E33010695,735,312,121,191,423,406,17
E33010696,306,120,26,94,186,170,16
E33010697,553,253,73,180,300,253,47
E33010698,338,162,56,106,176,138,38
E33010699,332,126,40,86,206,153,53
E33010700,304,98,32,66,206,151,55
E33010701,557,201,44,157,356,295,61
E33010702,367,116,40,76,251,193,58
E33010703,248,71,15,56,177,136,41
E33010704,276,89,19,70,187,146,41
E33010705,280,94,24,70,186,150,36
E33010706,279,111,27,84,168,135,33
E33010707,522,211,67,144,311,238,73
E33010708,312,92,39,53,220,182,38
E33010709,276,101,46,55,175,127,48
E33010710,829,258,80,178,571,457,114
E33010711,485,111,40,71,374,260,114
E33010712,281,105,38,67,176,131,45
E33010713,280,71,22,49,209,157,52
E33010714,372,137,43,94,235,170,65
E33010715,271,102,35,67,169,133,36
E33010716,370,157,62,95,213,181,32
E33010717,306,109,42,67,197,151,46
E33010718,459,150,25,125,309,254,55
E33010719,320,128,23,105,192,154,38
E33010720,292,135,31,104,157,126,31
E33010721,293,103,42,61,190,158,32
E33010722,954,160,63,97,794,620,174
E33010723,422,215,54,161,207,170,37
E33010724,265,124,31,93,141,116,25
E33010725,305,86,33,53,219,174,45
E33010726,297,105,17,88,192,171,21
E33010727,831,103,39,64,728,661,67
E33010728,510,241,58,183,269,228,41
E33010729,403,109,39,70,294,232,62
E33010730,290,103,34,69,187,131,56
E33010731,356,141,36,105,215,170,45
E33010732,338,123,47,76,215,160,55
E33010733,690,197,46,151,493,397,96
E33010734,908,474,119,355,434,371,63
E33010735,320,114,47,67,206,181,25
E33010736,444,170,40,130,274,231,43
E33010737,252,90,23,67,162,141,21
E33010738,631,110,23,87,521,486,35
E33010739,239,81,14,67,158,133,25
E33010740,349,81,23,58,268,212,56
E33010741,614,240,71,169,374,311,63
E33010742,548,107,34,73,441,359,82
E33010743,356,166,40,126,190,161,29
E33010744,815,172,50,122,643,535,108
E33010745,290,117,40,77,173,137,36
E33010746,3338,1129,221,908,2209,2017,192
E33010747,458,125,37,88,333,278,55
E33010748,335,99,24,75,236,187,49
E33010749,498,104,26,78,394,322,72
E33010750,346,116,21,95,230,171,59
E33010751,464,188,60,128,276,207,69
E33010752,293,118,27,91,175,156,19
E33010753,509,256,55,201,253,216,37
E33010754,494,150,33,117,344,312,32
E33010755,591,181,33,148,410,338,72
E33010756,426,137,27,110,289,240,49
E33010757,398,147,31,116,251,241,10
E33010758,811,202,42,160,609,497,112
E33010759,382,132,42,90,250,209,41
E33010760,333,96,17,79,237,204,33
E33010761,352,98,33,65,254,222,32
E33010762,360,129,32,97,231,199,32
E33010763,277,106,20,86,171,135,36
E33010764,441,137,33,104,304,268,36
E33010765,523,191,44,147,332,259,73
E33010766,1228,387,77,310,841,769,72
E33010767,434,134,41,93,300,225,75
E33010768,803,326,122,204,477,411,66
E33010769,377,171,56,115,206,145,61
E33010770,506,169,64,105,337,233,104
E33010771,646,253,120,133,393,304,89
E33010772,276,89,27,62,187,145,42
E33010773,287,82,27,55,205,172,33
E33010774,402,144,8,136,258,243,15
E33010775,386,131,32,99,255,220,35
E33010776,536,239,53,186,297,249,48
E33010777,293,85,22,63,208,188,20
E33010778,345,121,38,83,224,188,36
E33010779,375,125,26,99,250,215,35
E33010780,324,115,29,86,209,160,49
E33010781,1041,191,60,131,850,635,215
E33010782,723,202,60,142,521,434,87
E33010783,330,171,47,124,159,139,20
E33010784,315,104,29,75,211,173,38
E33010785,477,182,63,119,295,222,73
E33010786,343,135,24,111,208,167,41
E33010787,538,196,66,130,342,270,72
E33010788,309,106,28,78,203,160,43
E33010789,300,135,54,81,165,125,40
E33010790,831,352,79,273,479,421,58
E33010791,381,150,31,119,231,188,43
E33010792,458,157,37,120,301,247,54
E33010793,316,115,35,80,201,161,40
E33010794,376,157,36,121,219,182,37
E33010795,1138,201,71,130,937,825,112
E33010796,385,123,31,92,262,217,45
E33010797,498,249,81,168,249,207,42
E33010798,430,186,35,151,244,204,40
E33010799,335,68,19,49,267,223,44
E33010800,542,67,18,49,475,384,91
E33010801,343,158,56,102,185,143,42
E33010802,261,105,46,59,156,121,35
E33010803,434,137,51,86,297,230,67
E33010804,338,45,8,37,293,248,45
E33010805,418,119,37,82,299,215,84
E33010806,323,100,37,63,223,155,68
E33010807,618,257,80,177,361,294,67
E33010808,545,190,52,138,355,283,72
E33010809,463,186,47,139,277,210,67
E33010810,290,83,25,58,207,150,57
E33010811,372,128,22,106,244,215,29
E33010812,937,115,35,80,822,718,104
E33010813,364,140,27,113,224,184,40
E33010814,291,109,29,80,182,151,31
E33010815,271,51,14,37,220,166,54
E33010816,456,84,40,44,372,315,57
E33010817,306,118,41,77,188,113,75
E33010818,250,68,23,45,182,129,53
E33010819,350,126,41,85,224,177,47
E33010820,216,50,23,27,166,119,47
E33010821,459,184,86,98,275,185,90
E33010822,382,164,45,119,218,170,48
E33010823,436,67,18,49,369,249,120
E33010824,280,106,29,77,174,137,37
E33010825,351,127,44,83,224,170,54
E33010826,501,133,45,88,368,318,50
E33010827,414,63,20,43,351,270,81
E33010828,722,311,111,200,411,307,104
E33010829,292,111,27,84,181,137,44
E33010830,313,97,36,61,216,152,64
E33010831,625,106,33,73,519,411,108
E33010832,517,238,52,186,279,222,57
E33010833,401,159,54,105,242,200,42
E33010834,385,126,29,97,259,219,40
E33010835,266,122,58,64,144,97,47
E33010836,840,161,44,117,679,582,97
E33010837,399,60,14,46,339,240,99
E33010838,338,134,53,81,204,148,56
E33010839,395,168,55,113,227,163,64
E33010840,543,253,53,200,290,241,49
E33010841,311,114,37,77,197,148,49
E33010842,533,256,87,169,277,210,67
E33010843,416,113,37,76,303,248,55
E33010844,300,80,34,46,220,133,87
E33010845,383,166,47,119,217,189,28
E33010846,266,111,32,79,155,130,25
E33010847,614,163,47,116,451,341,110
E33010848,292,98,33,65,194,146,48
E33010849,405,163,41,122,242,208,34
E33010850,374,133,29,104,241,214,27
E33010851,373,139,44,95,234,191,43
E33010852,309,119,20,99,190,155,35
E33010853,493,219,52,167,274,227,47
E33010854,423,147,47,100,276,183,93
E33010855,637,106,29,77,531,360,171
E33010856,264,89,26,63,175,129,46
E33010857,266,115,16,99,151,130,21
E33010858,650,224,74,150,426,327,99
E33010859,329,59,18,41,270,195,75
E33010860,408,139,37,102,269,222,47
E33010861,324,131,37,94,193,150,43
E33010862,530,218,45,173,312,258,54
E33010863,344,123,42,81,221,180,41
E33010864,303,106,44,62,197,153,44
E33010865,428,126,51,75,302,235,67
E33010866,243,107,29,78,136,108,28
E33010867,242,87,34,53,155,112,43
E33010868,622,121,41,80,501,424,77
E33010869,350,119,33,86,231,188,43
E33010870,241,105,35,70,136,108,28
E33010871,259,89,36,53,170,131,39
E33010872,293,113,32,81,180,139,41
E33010873,341,107,28,79,234,195,39
E33010874,356,110,27,83,246,202,44
E33010875,320,166,37,129,154,128,26
E33010876,303,136,51,85,167,123,44
E33010877,260,99,29,70,161,133,28
E33010878,460,175,63,112,285,211,74
E33010879,295,112,24,88,183,147,36
E33010880,274,96,27,69,178,136,42
E33010881,291,119,37,82,172,139,33
E33010882,337,70,19,51,267,206,61
E33010883,486,195,56,139,291,251,40
E33010884,268,114,33,81,154,119,35
E33010885,344,135,50,85,209,165,44
E33010886,336,127,48,79,209,185,24
E33010887,434,189,57,132,245,193,52
E33010888,391,113,38,75,278,210,68
E33010889,499,130,38,92,369,269,100
E33010890,288,135,31,104,153,124,29
E33010891,567,160,56,104,407,328,79
E33010892,392,77,19,58,315,247,68
E33010893,323,98,27,71,225,200,25
E33010894,257,51,21,30,206,165,41
E33010895,611,196,58,138,415,334,81
E33010896,732,323,90,233,409,361,48
E33010897,368,107,28,79,261,209,52
E33010898,451,244,59,185,207,177,30
E33010899,378,61,14,47,317,265,52
E33010900,534,199,47,152,335,285,50
E33010901,666,102,33,69,564,448,116
E33010902,347,114,37,77,233,178,55
E33010903,579,56,16,40,523,402,121
E33010904,337,156,42,114,181,140,41
E33010905,423,133,34,99,290,245,45
E33010906,807,336,150,186,471,387,84
E33010907,462,210,75,135,252,209,43
E33010908,308,109,36,73,199,157,42
E33010909,307,98,36,62,209,173,36
E33010910,421,172,66,106,249,195,54
E33010911,517,146,47,99,371,300,71
E33010912,326,127,47,80,199,149,50
E33010913,259,115,24,91,144,119,25
E33010914,613,268,77,191,345,280,65
E33010915,4904,1850,291,1559,3054,2758,296
E33010916,303,132,35,97,171,148,23
E33010917,304,114,30,84,190,163,27
E33010918,339,159,39,120,180,147,33
E33010919,646,238,94,144,408,375,33
E33010920,337,133,45,88,204,161,43
E33010921,618,194,50,144,424,340,84
E33010922,629,315,92,223,314,256,58
E33010923,302,101,38,63,201,161,40
E33010924,283,103,31,72,180,157,23
E33010925,281,85,24,61,196,173,23
E33010926,386,138,50,88,248,190,58
E33010927,437,141,52,89,296,222,74
E33010928,237,83,28,55,154,97,57
E33010929,602,215,77,138,387,315,72
E33010930,323,139,50,89,184,136,48
E33010931,391,133,45,88,258,221,37
E33010932,269,114,48,66,155,123,32
E33010933,312,105,31,74,207,165,42
E33010934,410,128,32,96,282,243,39
E33010935,451,191,50,141,260,227,33
E33010936,490,171,40,131,319,242,77
E33010937,607,204,48,156,403,346,57
E33010938,329,94,28,66,235,188,47
E33010939,267,116,39,77,151,116,35
E33010940,230,104,31,73,126,110,16
E33010941,322,118,35,83,204,161,43
E33010942,452,184,47,137,268,222,46
E33010943,364,131,47,84,233,186,47
E33010944,1509,832,213,619,677,595,82
E33010945,395,175,75,100,220,174,46
E33010946,333,162,56,106,171,135,36
E33010947,357,113,37,76,244,159,85
E33010948,527,158,58,100,369,280,89
E33010949,315,89,30,59,226,160,66
E33010950,374,139,52,87,235,156,79
E33010951,392,150,66,84,242,170,72
E33010952,375,146,59,87,229,179,50
E33010953,311,100,23,77,211,182,29
E33010954,922,137,41,96,785,668,117
E33010955,461,127,41,86,334,282,52
E33010956,580,303,94,209,277,240,37
E33010957,429,129,40,89,300,241,59
E33010958,691,149,53,96,542,481,61
E33010959,377,144,48,96,233,170,63
E33010960,305,130,31,99,175,153,22
E33010961,338,152,41,111,186,143,43
E33010962,616,145,43,102,471,328,143
E33010963,351,105,37,68,246,191,55
E33010964,273,107,32,75,166,147,19
E33010965,672,314,55,259,358,320,38
E33010966,400,111,35,76,289,243,46
E33010967,337,164,30,134,173,142,31
E33010968,330,101,22,79,229,174,55
E33010969,380,120,23,97,260,220,40
E33010970,262,93,18,75,169,134,35
E33010971,272,125,28,97,147,123,24
E33010972,784,130,41,89,654,537,117
E33010973,484,141,34,107,343,312,31
E33010974,350,178,39,139,172,145,27
E33010975,925,197,56,141,728,628,100
E33010976,343,103,37,66,240,165,75
E33010977,383,150,60,90,233,175,58
E33010978,500,199,46,153,301,247,54
E33010979,677,256,52,204,421,349,72
E33010980,344,92,31,61,252,197,55
E33010981,423,159,35,124,264,191,73
E33010982,522,190,69,121,332,261,71
E33010983,340,93,26,67,247,163,84
E33010984,284,95,36,59,189,148,41
E33010985,478,181,64,117,297,249,48
E33010986,275,121,38,83,154,118,36
E33010987,290,117,27,90,173,146,27
E33010988,334,144,41,103,190,146,44
E33010989,612,175,62,113,437,336,101
E33010990,422,177,37,140,245,184,61
E33010991,559,163,56,107,396,295,101
E33010992,430,192,79,113,238,174,64
E33010993,581,173,50,123,408,347,61
E33010994,268,79,28,51,189,139,50
E33010995,402,152,57,95,250,175,75
E33010996,374,144,52,92,230,161,69
E33010997,287,99,48,51,188,150,38
E33010998,1188,668,237,431,520,461,59
E33010999,389,126,47,79,263,198,65
E33011000,423,159,44,115,264,211,53
E33011001,438,90,20,70,348,279,69
E33011002,737,249,40,209,488,437,51
E33011003,749,212,46,166,537,482,55
E33011004,560,205,65,140,355,282,73
E33011005,378,119,28,91,259,229,30
E33011006,330,97,22,75,233,192,41
E33011007,388,146,20,126,242,208,34
E33011008,425,150,44,106,275,221,54
E33011009,585,161,29,132,424,363,61
E33011010,287,119,44,75,168,128,40
E33011011,327,126,45,81,201,169,32
E33011012,657,272,71,201,385,305,80
E33011013,274,83,19,64,191,144,47
E33011014,595,190,48,142,405,316,89
E33011015,293,126,19,107,167,134,33
E33011016,323,82,15,67,241,197,44
E33011017,357,142,40,102,215,159,56
E33011018,282,124,37,87,158,123,35
E33011019,341,71,13,58,270,240,30
E33011020,630,153,39,114,477,357,120
E33011021,464,204,74,130,260,201,59
E33011022,381,138,51,87,243,184,59
E33011023,479,152,52,100,327,254,73
E33011024,423,150,43,107,273,229,44
E33011025,412,184,51,133,228,174,54
E33011026,559,180,46,134,379,314,65
E33011027,293,107,45,62,186,144,42
E33011028,536,207,47,160,329,275,54
E33011029,371,111,44,67,260,189,71
E33011030,296,112,33,79,184,159,25
E33011031,253,98,45,53,155,122,33
E33011032,604,252,65,187,352,276,76
E33011033,273,110,28,82,163,133,30
E33011034,264,95,19,76,169,141,28
E33011035,312,152,47,105,160,139,21
E33011036,675,224,79,145,451,322,129
E33011037,380,109,37,72,271,199,72
E33011038,321,137,33,104,184,148,36
E33011039,742,400,88,312,342,298,44
E33011040,270,122,43,79,148,118,30
E33011041,342,137,33,104,205,186,19
E33011042,308,102,19,83,206,181,25
E33011043,336,49,18,31,287,225,62
E33011044,280,141,35,106,139,112,27
E33011045,282,136,40,96,146,123,23
E33011046,357,113,31,82,244,205,39
E33011047,1166,156,51,105,1010,846,164
E33011048,299,84,23,61,215,186,29
E33011049,297,109,32,77,188,146,42
E33011050,241,121,49,72,120,101,19
E33011051,669,257,91,166,412,322,90
E33011052,472,159,33,126,313,256,57
E33011053,416,139,23,116,277,247,30
E33011054,788,196,49,147,592,459,133
E33011055,286,85,17,68,201,178,23
E33011056,626,92,23,69,534,477,57
E33011057,373,170,51,119,203,167,36
E33011058,355,137,34,103,218,196,22
E33011059,556,254,64,190,302,264,38
E33011060,314,92,14,78,222,168,54
E33011061,470,70,30,40,400,294,106
E33011062,300,106,34,72,194,143,51
E33011063,1581,374,105,269,1207,1044,163
E33011064,417,183,42,141,234,176,58
E33011065,351,135,35,100,216,188,28
E33011066,381,133,33,100,248,197,51
E33011067,305,132,37,95,173,140,33
E33011068,288,89,28,61,199,157,42
E33011069,329,120,27,93,209,173,36
E33011070,686,344,84,260,342,275,67
E33011071,302,145,48,97,157,118,39
E33011072,515,184,44,140,331,287,44
E33011073,268,104,40,64,164,109,55
E33011074,368,101,22,79,267,165,102
E33011075,658,89,23,66,569,398,171
E33011076,467,236,55,181,231,203,28
E33011077,288,113,40,73,175,135,40
E33011078,328,117,26,91,211,182,29
E33011079,327,135,62,73,192,157,35
E33011080,299,128,48,80,171,129,42
E33011081,367,176,54,122,191,149,42
E33011082,598,196,56,140,402,305,97
E33011083,245,91,27,64,154,129,25
E33011084,750,345,117,228,405,331,74
E33011085,426,125,41,84,301,224,77
E33011086,1038,426,120,306,612,531,81
E33011087,317,139,59,80,178,145,33
E33011088,686,182,52,130,504,457,47
E33011089,280,92,28,64,188,164,24
E33011090,362,114,31,83,248,202,46
E33011091,340,134,47,87,206,157,49
E33011092,579,216,93,123,363,285,78
E33011093,378,139,46,93,239,188,51
E33011094,2081,394,71,323,1687,1410,277
E33011095,834,138,50,88,696,543,153
E33011096,440,156,54,102,284,211,73
E33011097,415,145,45,100,270,223,47
E33011098,527,163,43,120,364,267,97
E33011099,269,99,23,76,170,128,42
E33011100,508,122,44,78,386,325,61
E33011101,295,122,38,84,173,134,39
E33011102,308,131,42,89,177,145,32
E33011103,280,100,27,73,180,142,38
E33011104,1352,346,101,245,1006,848,158
E33011105,314,82,24,58,232,194,38
E33011106,351,118,25,93,233,183,50
E33011107,1073,149,36,113,924,793,131
E33011108,308,92,27,65,216,161,55
E33011109,293,98,51,47,195,128,67
E33011110,431,75,18,57,356,304,52
E33011111,1008,174,52,122,834,674,160
E33011112,718,198,59,139,520,393,127
E33011113,452,60,18,42,392,327,65
E33011114,401,172,52,120,229,169,60
E33011115,285,112,42,70,173,124,49
E33011116,428,163,53,110,265,213,52
E33011117,739,331,82,249,408,343,65
E33011118,273,94,36,58,179,140,39
E33011119,291,86,33,53,205,173,32
E33011120,388,125,34,91,263,231,32
E33011121,382,124,40,84,258,207,51
E33011122,341,146,54,92,195,152,43
E33011123,290,68,27,41,222,165,57
E33011124,263,90,31,59,173,125,48
E33011125,283,116,34,82,167,146,21
E33011126,614,213,63,150,401,297,104
E33011127,278,104,44,60,174,122,52
E33011128,333,63,24,39,270,227,43
E33011129,250,99,36,63,151,115,36
E33011130,363,152,47,105,211,171,40
E33011131,295,111,43,68,184,139,45
E33011132,501,204,58,146,297,225,72
E33011133,393,124,48,76,269,194,75
E33011134,312,102,41,61,210,152,58
E33011135,366,137,53,84,229,177,52
E33011136,399,150,53,97,249,207,42
E33011137,490,214,80,134,276,204,72
E33011138,939,149,43,106,790,627,163
E33011139,356,129,29,100,227,203,24
E33011140,763,320,93,227,443,366,77
E33011141,261,104,45,59,157,109,48
E33011142,692,235,85,150,457,350,107
E33011143,414,164,60,104,250,198,52
E33011144,401,155,43,112,246,197,49
E33011145,398,134,44,90,264,209,55
E33011146,356,124,32,92,232,185,47
E33011147,322,149,22,127,173,147,26
E33011148,484,70,18,52,414,368,46
E33011149,404,186,53,133,218,194,24
E33011150,313,97,26,71,216,173,43
E33011151,2825,367,83,284,2458,2072,386
E33011152,292,128,22,106,164,139,25
E33011153,445,172,50,122,273,233,40
E33011154,535,163,54,109,372,291,81
E33011155,540,291,87,204,249,202,47
E33011156,280,57,15,42,223,203,20
E33011157,497,263,60,203,234,200,34
E33011158,260,110,44,66,150,111,39
E33011159,356,151,73,78,205,157,48
E33011160,296,88,36,52,208,156,52
E33011161,414,200,49,151,214,176,38
E33011162,480,132,47,85,348,280,68
E33011163,273,91,25,66,182,142,40
E33011164,352,117,34,83,235,195,40
E33011165,327,120,21,99,207,174,33
E33011166,403,97,18,79,306,251,55
E33011167,297,122,33,89,175,135,40
E33011168,287,110,45,65,177,136,41
E33011169,353,115,19,96,238,214,24
E33011170,240,32,13,19,208,168,40
E33011171,384,70,29,41,314,237,77
E33011172,373,120,55,65,253,156,97
E33011173,438,155,59,96,283,216,67
E33011174,274,84,25,59,190,155,35
E33011175,337,142,40,102,195,153,42
E33011176,442,154,51,103,288,213,75
E33011177,295,162,40,122,133,103,30
E33011178,340,122,23,99,218,185,33
E33011179,271,112,33,79,159,132,27
E33011180,490,154,56,98,336,263,73
E33011181,271,118,32,86,153,136,17
E33011182,329,117,31,86,212,171,41
E33011183,405,157,45,112,248,207,41
E33011184,404,91,28,63,313,279,34
E33011185,270,95,23,72,175,140,35
E33011186,299,121,20,101,178,157,21
E33011187,323,152,46,106,171,145,26
E33011188,386,163,46,117,223,200,23
E33011189,372,172,45,127,200,169,31
E33011190,429,144,42,102,285,238,47
E33011191,460,197,51,146,263,241,22
E33011192,644,207,40,167,437,403,34
E33011193,430,99,30,69,331,281,50
E33011194,395,173,66,107,222,186,36
E33011195,361,98,29,69,263,201,62
E33011196,396,117,23,94,279,238,41
E33011197,281,104,23,81,177,149,28
E33011198,1274,398,56,342,876,811,65
E33011199,385,164,37,127,221,183,38
E33011200,432,133,43,90,299,257,42
E33011201,334,136,37,99,198,166,32
E33011202,384,155,47,108,229,193,36
E33011203,637,137,58,79,500,453,47
E33011204,335,132,33,99,203,179,24
E33011205,425,105,23,82,320,273,47
E33011206,277,77,19,58,200,175,25
E33011207,353,68,21,47,285,228,57
E33011208,673,225,50,175,448,382,66
E33011209,531,98,23,75,433,334,99
E33011210,534,133,32,101,401,362,39
E33011211,328,75,13,62,253,212,41
E33011212,296,56,14,42,240,209,31
E33011213,308,149,30,119,159,138,21
E33011214,467,125,37,88,342,274,68
E33011215,472,156,35,121,316,264,52
E33011216,330,168,55,113,162,128,34
E33011217,348,148,42,106,200,186,14
E33011218,384,133,40,93,251,217,34
E33011219,425,167,44,123,258,223,35
E33011220,303,123,21,102,180,160,20
E33011221,368,151,37,114,217,191,26
E33011222,536,76,20,56,460,376,84
E33011223,328,119,37,82,209,164,45
E33011224,750,274,70,204,476,395,81
E33011225,286,112,37,75,174,151,23
E33011226,451,154,58,96,297,247,50
E33011227,516,131,43,88,385,332,53
E33011228,374,99,31,68,275,223,52
E33011229,316,157,50,107,159,140,19
E33011230,424,100,25,75,324,251,73
E33011231,309,86,22,64,223,187,36
E33011232,359,117,36,81,242,210,32
E33011233,290,136,30,106,154,126,28
E33011234,626,177,54,123,449,384,65
E33011235,313,117,40,77,196,161,35
E33011236,395,126,40,86,269,182,87
E33011237,889,400,121,279,489,410,79
E33011238,239,85,27,58,154,93,61
E33011239,446,158,52,106,288,230,58
E33011240,380,101,37,64,279,243,36
E33011241,323,101,26,75,222,179,43
E33011242,281,100,38,62,181,152,29
E33011243,289,109,31,78,180,152,28
E33011244,278,104,25,79,174,145,29
E33011245,425,152,53,99,273,221,52
E33011246,455,206,44,162,249,214,35
E33011247,301,108,53,55,193,165,28
E33011248,504,168,47,121,336,276,60
E33011249,262,116,37,79,146,125,21
E33011250,868,144,30,114,724,597,127
E33011251,907,172,39,133,735,651,84
E33011252,587,93,24,69,494,466,28
E33011253,341,143,41,102,198,151,47
E33011254,274,109,25,84,165,149,16
E33011255,826,100,29,71,726,598,128
E33011256,345,163,39,124,182,159,23
E33011257,336,157,81,76,179,139,40
E33011258,333,142,65,77,191,154,37
E33011259,328,166,79,87,162,125,37
E33011260,231,102,44,58,129,108,21
E33011261,290,145,52,93,145,119,26
E33011262,280,129,45,84,151,116,35
E33011263,289,139,58,81,150,128,22
E33011264,539,229,50,179,310,270,40
E33011265,481,208,119,89,273,219,54
E33011266,333,129,29,100,204,176,28
E33011267,336,167,101,66,169,149,20
E33011268,397,148,44,104,249,218,31
E33011269,485,61,22,39,424,383,41
E33011270,297,81,28,53,216,171,45
E33011271,643,98,23,75,545,464,81
E33011272,559,308,101,207,251,230,21
E33011273,356,117,30,87,239,219,20
E33011274,573,148,42,106,425,370,55
E33011275,364,132,47,85,232,192,40
E33011276,259,89,31,58,170,147,23
E33011277,475,166,60,106,309,234,75
E33011278,452,197,66,131,255,216,39
E33011279,332,127,57,70,205,168,37
E33011280,406,230,125,105,176,141,35
E33011281,441,172,69,103,269,217,52
E33011282,364,166,75,91,198,141,57
E33011283,539,261,129,132,278,246,32
E33011284,312,105,34,71,207,180,27
E33011285,322,124,36,88,198,177,21
E33011286,333,111,35,76,222,179,43
E33011287,756,400,113,287,356,296,60
E33011288,295,75,23,52,220,183,37
E33011289,448,211,82,129,237,187,50
E33011290,218,90,28,62,128,96,32
E33011291,291,112,42,70,179,146,33
E33011292,430,190,51,139,240,197,43
E33011293,380,219,140,79,161,133,28
E33011294,734,267,62,205,467,361,106
E33011295,652,256,29,227,396,371,25
E33011296,399,156,40,116,243,195,48
E33011297,515,72,27,45,443,400,43
E33011298,780,413,182,231,367,319,48
E33011299,333,131,48,83,202,158,44
E33011300,244,79,16,63,165,144,21
E33011301,334,143,46,97,191,161,30
E33011302,1783,365,66,299,1418,1364,54
E33011303,289,129,37,92,160,143,17
E33011304,261,107,57,50,154,110,44
E33011305,251,85,34,51,166,132,34
E33011306,443,205,92,113,238,184,54
E33011307,779,278,79,199,501,449,52
E33011308,561,205,65,140,356,314,42
E33011309,285,111,53,58,174,140,34
E33011310,246,81,38,43,165,135,30
E33011311,582,227,88,139,355,303,52
E33011312,448,191,48,143,257,217,40
E33011313,461,159,61,98,302,254,48
E33011314,597,140,68,72,457,407,50
E33011315,255,85,24,61,170,154,16
E33011316,590,185,59,126,405,363,42
E33011317,244,116,35,81,128,107,21
E33011318,484,108,36,72,376,310,66
E33011319,919,327,86,241,592,534,58
E33011320,522,147,64,83,375,292,83
E33011321,303,128,40,88,175,140,35
E33011322,400,170,50,120,230,184,46
E33011323,299,121,42,79,178,143,35
E33011324,328,129,63,66,199,166,33
E33011325,485,151,70,81,334,275,59
E33011326,306,142,68,74,164,124,40
E33011327,281,110,51,59,171,131,40
E33011328,364,116,41,75,248,193,55
E33011329,349,118,46,72,231,210,21
E33011330,319,157,68,89,162,123,39
E33011331,271,114,47,67,157,132,25
E33011332,273,128,55,73,145,115,30
E33011333,291,128,54,74,163,133,30
E33011334,228,108,41,67,120,89,31
E33011335,275,104,17,87,171,138,33
E33011336,422,207,57,150,215,181,34
E33011337,368,138,31,107,230,183,47
E33011338,433,157,44,113,276,231,45
E33011339,857,322,73,249,535,477,58
E33011340,384,134,53,81,250,212,38
E33011341,333,146,32,114,187,157,30
E33011342,290,123,26,97,167,152,15
E33011343,317,109,45,64,208,168,40
E33011344,387,120,36,84,267,225,42
E33011345,303,140,43,97,163,131,32
E33011346,358,166,57,109,192,163,29
E33011347,318,126,48,78,192,148,44
E33011348,358,123,32,91,235,206,29
E33011349,920,137,24,113,783,732,51
E33011350,370,139,33,106,231,195,36
E33011351,456,194,33,161,262,225,37
E33011352,382,135,29,106,247,199,48
E33011353,553,166,38,128,387,341,46
E33011354,241,76,13,63,165,138,27
E33011355,302,128,57,71,174,139,35
E33011356,301,110,46,64,191,168,23
E33011357,491,139,33,106,352,318,34
E33011358,323,77,22,55,246,214,32
E33011359,373,95,35,60,278,232,46
E33011360,312,131,53,78,181,139,42
E33011361,384,110,38,72,274,237,37
E33011362,435,139,31,108,296,256,40
E33011363,256,109,32,77,147,114,33
E33011364,232,91,33,58,141,116,25
E33011365,239,108,32,76,131,99,32
E33011366,369,144,59,85,225,172,53
E33011367,221,73,24,49,148,127,21
E33011368,275,151,76,75,124,92,32
E33011369,700,194,54,140,506,426,80
E33011370,247,103,38,65,144,117,27
E33011371,329,144,60,84,185,139,46
E33011372,622,191,67,124,431,321,110
E33011373,567,238,73,165,329,257,72
E33011374,454,184,56,128,270,219,51
E33011375,326,80,24,56,246,206,40
E33011376,520,203,66,137,317,270,47
E33011377,304,85,37,48,219,189,30
E33011378,521,184,56,128,337,267,70
E33011379,337,123,41,82,214,175,39
E33011380,537,215,65,150,322,271,51
E33011381,422,123,42,81,299,224,75
E33011382,455,172,67,105,283,231,52
E33011383,382,120,32,88,262,210,52
E33011384,245,110,37,73,135,115,20
E33011385,353,144,57,87,209,174,35
E33011386,567,232,55,177,335,277,58
E33011387,304,92,38,54,212,170,42
E33011388,346,126,49,77,220,180,40
E33011389,505,176,52,124,329,240,89
E33011390,501,149,39,110,352,293,59
E33011391,393,146,59,87,247,193,54
E33011392,305,88,29,59,217,181,36
E33011393,264,113,44,69,151,124,27
E33011394,313,107,28,79,206,168,38
E33011395,517,265,86,179,252,209,43
E33011396,388,186,63,123,202,169,33
E33011397,554,240,90,150,314,251,63
E33011398,367,170,62,108,197,143,54
E33011399,466,200,99,101,266,201,65
E33011400,310,131,41,90,179,143,36
E33011401,312,119,38,81,193,133,60
E33011402,257,96,50,46,161,116,45
E33011403,431,175,45,130,256,223,33
E33011404,496,207,70,137,289,221,68
E33011405,282,121,22,99,161,140,21
E33011406,235,114,40,74,121,109,12
E33011407,473,181,46,135,292,244,48
E33011408,251,118,61,57,133,107,26
E33011409,440,191,83,108,249,190,59
E33011410,454,170,59,111,284,212,72
E33011411,225,87,40,47,138,106,32
E33011412,443,174,72,102,269,249,20
E33011413,424,166,81,85,258,206,52
E33011414,356,126,50,76,230,153,77
E33011415,399,166,74,92,233,201,32
E33011416,262,91,35,56,171,151,20
E33011417,447,110,41,69,337,270,67
E33011418,307,115,53,62,192,148,44
E33011419,258,74,23,51,184,149,35
E33011420,428,200,103,97,228,180,48
E33011421,300,161,75,86,139,113,26
E33011422,214,101,54,47,113,79,34
E33011423,301,156,79,77,145,94,51
E33011424,548,211,104,107,337,279,58
E33011425,354,144,61,83,210,152,58
E33011426,262,117,55,62,145,104,41
E33011427,288,136,51,85,152,127,25
E33011428,300,109,39,70,191,147,44
E33011429,313,99,27,72,214,168,46
E33011430,334,77,30,47,257,191,66
E33011431,527,130,33,97,397,378,19
E33011432,551,111,46,65,440,334,106
E33011433,259,51,13,38,208,164,44
E33011434,682,295,93,202,387,311,76
E33011435,469,91,33,58,378,307,71
E33011436,249,93,36,57,156,116,40
E33011437,290,119,49,70,171,137,34
E33011438,2960,1026,198,828,1934,1785,149
E33011439,406,176,69,107,230,194,36
E33011440,247,81,26,55,166,128,38
E33011441,416,187,88,99,229,156,73
E33011442,287,111,43,68,176,116,60
E33011443,226,80,28,52,146,113,33
E33011444,294,123,41,82,171,127,44
E33011445,376,99,32,67,277,218,59
E33011446,327,133,27,106,194,168,26
E33011447,282,113,29,84,169,142,27
E33011448,319,41,9,32,278,242,36
E33011449,762,255,70,185,507,443,64
E33011450,652,148,39,109,504,439,65
E33011451,281,62,25,37,219,185,34
E33011452,226,77,36,41,149,139,10
E33011453,261,107,39,68,154,124,30
E33011454,370,107,30,77,263,193,70
E33011455,267,113,41,72,154,133,21
E33011456,575,191,61,130,384,310,74
E33011457,690,268,54,214,422,379,43
E33011458,399,145,31,114,254,227,27
E33011459,398,131,28,103,267,194,73
E33011460,311,140,39,101,171,137,34
E33011461,269,123,22,101,146,129,17
E33011462,319,140,40,100,179,148,31
E33011463,320,63,11,52,257,235,22
E33011464,294,108,46,62,186,142,44
E33011465,354,128,49,79,226,158,68
E33011466,563,225,83,142,338,269,69
E33011467,296,131,46,85,165,127,38
E33011468,330,101,20,81,229,194,35
E33011469,634,155,55,100,479,403,76
E33011470,254,77,16,61,177,144,33
E33011471,497,76,19,57,421,354,67
E33011472,222,81,21,60,141,117,24
E33011473,1047,389,134,255,658,505,153
E33011474,421,82,38,44,339,280,59
E33011475,607,258,74,184,349,283,66
E33011476,312,131,62,69,181,146,35
E33011477,302,124,39,85,178,134,44
E33011478,489,181,66,115,308,227,81
E33011479,482,169,46,123,313,222,91
E33011480,537,238,70,168,299,258,41
E33011481,457,112,39,73,345,303,42
E33011482,416,131,48,83,285,220,65
E33011483,496,184,65,119,312,260,52
E33011484,297,103,51,52,194,164,30
E33011485,331,124,47,77,207,160,47
E33011486,244,60,21,39,184,134,50
E33011487,562,123,37,86,439,367,72
E33011488,324,117,29,88,207,163,44
E33011489,488,198,63,135,290,242,48
E33011490,513,131,39,92,382,306,76
E33011491,436,149,43,106,287,212,75
E33011492,539,123,31,92,416,379,37
E33011493,403,130,51,79,273,207,66
E33011494,390,179,45,134,211,180,31
E33011495,335,108,34,74,227,193,34
E33011496,503,202,90,112,301,252,49
E33011497,278,115,32,83,163,137,26
E33011498,368,141,42,99,227,195,32
E33011499,456,81,22,59,375,344,31
E33011500,343,148,38,110,195,159,36
E33011501,301,73,24,49,228,179,49
E33011502,692,167,55,112,525,434,91
E33011503,239,84,15,69,155,132,23
E33011504,654,159,59,100,495,383,112
E33011505,280,121,33,88,159,133,26
E33011506,320,125,44,81,195,158,37
E33011507,405,184,66,118,221,183,38
E33011508,364,71,28,43,293,241,52
E33011509,824,215,47,168,609,533,76
E33011510,334,121,27,94,213,172,41
E33011511,463,136,13,123,327,305,22
E33011512,1306,240,66,174,1066,949,117
E33011513,868,439,104,335,429,377,52
E33011514,274,114,42,72,160,137,23
E33011515,607,187,33,154,420,394,26
E33011516,334,171,62,109,163,139,24
E33011517,387,164,40,124,223,177,46
E33011518,294,66,17,49,228,183,45
E33011519,273,70,14,56,203,175,28
E33011520,247,99,28,71,148,119,29
E33011521,274,116,44,72,158,131,27
E33011522,458,170,42,128,288,209,79
E33011523,518,177,76,101,341,251,90
E33011524,441,144,32,112,297,244,53
E33011525,578,146,34,112,432,366,66
E33011526,331,146,48,98,185,142,43
E33011527,356,143,57,86,213,156,57
E33011528,351,114,34,80,237,170,67
E33011529,457,114,49,65,343,248,95
E33011530,284,111,45,66,173,113,60
E33011531,361,169,53,116,192,160,32
E33011532,275,115,52,63,160,122,38
E33011533,265,113,35,78,152,121,31
E33011534,442,180,61,119,262,199,63
E33011535,241,103,35,68,138,112,26
E33011536,352,119,35,84,233,180,53
E33011537,307,148,49,99,159,130,29
E33011538,394,118,39,79,276,226,50
E33011539,439,110,41,69,329,276,53
E33011540,301,98,24,74,203,166,37
E33011541,270,118,36,82,152,125,27
E33011542,339,114,49,65,225,176,49
E33011543,501,187,49,138,314,271,43
E33011544,329,135,45,90,194,163,31
E33011545,280,109,44,65,171,143,28
E33011546,712,281,96,185,431,363,68
E33011547,659,211,53,158,448,354,94
E33011548,314,106,27,79,208,161,47
E33011549,547,250,82,168,297,270,27
E33011550,250,97,30,67,153,123,30
E33011551,652,233,70,163,419,304,115
E33011552,342,143,41,102,199,158,41
E33011553,316,114,33,81,202,160,42
E33011554,295,134,34,100,161,142,19
E33011555,286,124,42,82,162,138,24
E33011556,254,127,54,73,127,94,33
E33011557,374,175,41,134,199,161,38
E33011558,820,270,70,200,550,521,29
E33011559,1620,560,194,366,1060,945,115
E33011560,462,205,47,158,257,215,42
E33011561,494,250,105,145,244,216,28
E33011562,242,81,27,54,161,106,55
E33011563,482,126,48,78,356,252,104
E33011564,323,111,49,62,212,147,65
E33011565,302,93,40,53,209,165,44
E33011566,310,132,24,108,178,136,42
E33011567,261,57,16,41,204,172,32
E33011568,367,144,50,94,223,176,47
E33011569,280,128,32,96,152,139,13
E33011570,421,153,34,119,268,230,38
E33011571,308,134,38,96,174,157,17
E33011572,356,194,64,130,162,130,32
E33011573,578,199,52,147,379,316,63
E33011574,392,200,39,161,192,176,16
E33011575,294,132,35,97,162,138,24
E33011576,374,198,47,151,176,160,16
E33011577,287,151,31,120,136,125,11
E33011578,220,99,18,81,121,101,20
E33011579,246,102,29,73,144,134,10
E33011580,525,251,58,193,274,254,20
E33011581,327,130,19,111,197,161,36
E33011582,321,145,34,111,176,153,23
E33011583,501,216,51,165,285,258,27
E33011584,338,159,34,125,179,165,14
E33011585,739,234,61,173,505,407,98
E33011586,315,111,43,68,204,157,47
E33011587,360,130,28,102,230,207,23
E33011588,372,176,45,131,196,161,35
E33011589,330,148,34,114,182,147,35
E33011590,341,171,35,136,170,143,27
E33011591,328,158,42,116,170,149,21
E33011592,287,130,41,89,157,147,10
E33011593,299,138,33,105,161,140,21
E33011594,421,202,45,157,219,196,23
E33011595,652,295,72,223,357,319,38
E33011596,394,167,41,126,227,185,42
E33011597,397,138,28,110,259,229,30
E33011598,626,186,27,159,440,411,29
E33011599,343,174,56,118,169,144,25
E33011600,503,177,41,136,326,276,50
E33011601,723,165,32,133,558,522,36
E33011602,584,135,22,113,449,431,18
E33011603,346,182,27,155,164,141,23
E33011604,597,226,67,159,371,335,36
E33011605,261,124,45,79,137,126,11
E33011606,313,88,25,63,225,192,33
E33011607,614,172,37,135,442,388,54
E33011608,636,301,85,216,335,292,43
E33011609,334,201,46,155,133,100,33
E33011610,242,92,27,65,150,135,15
E33011611,234,65,26,39,169,153,16
E33011612,258,54,15,39,204,167,37
E33011613,257,103,43,60,154,124,30
E33011614,320,96,25,71,224,192,32
E33011615,265,146,47,99,119,101,18
E33011616,637,214,46,168,423,359,64
E33011617,496,117,31,86,379,297,82
E33011618,327,101,26,75,226,202,24
E33011619,216,100,22,78,116,101,15
E33011620,427,215,54,161,212,188,24
E33011621,485,223,55,168,262,221,41
E33011622,381,210,60,150,171,152,19
E33011623,384,202,49,153,182,156,26
E33011624,382,120,43,77,262,189,73
E33011625,664,282,86,196,382,319,63
E33011626,405,167,38,129,238,202,36
E33011627,660,262,112,150,398,277,121
E33011628,324,151,36,115,173,146,27
E33011629,349,169,59,110,180,147,33
E33011630,348,169,54,115,179,147,32
E33011631,563,164,43,121,399,340,59
E33011632,226,103,28,75,123,99,24
E33011633,258,143,34,109,115,98,17
E33011634,503,209,50,159,294,272,22
E33011635,352,59,22,37,293,237,56
E33011636,593,304,50,254,289,267,22
E33011637,404,55,16,39,349,285,64
E33011638,581,140,53,87,441,425,16
E33011639,376,65,23,42,311,248,63
E33011640,400,71,22,49,329,290,39
E33011641,639,81,30,51,558,457,101
E33011642,392,119,35,84,273,229,44
E33011643,576,86,26,60,490,424,66
E33011644,285,110,32,78,175,155,20
E33011645,228,86,17,69,142,106,36
E33011646,223,76,17,59,147,119,28
E33011647,405,144,38,106,261,215,46
E33011648,335,153,40,113,182,149,33
E33011649,451,217,62,155,234,181,53
E33011650,539,213,54,159,326,292,34
E33011651,791,185,32,153,606,567,39
E33011652,1244,463,59,404,781,746,35
E33011653,618,138,24,114,480,426,54
E33011654,261,139,26,113,122,109,13
E33011655,247,113,24,89,134,105,29
E33011656,320,58,15,43,262,242,20
E33011657,318,112,24,88,206,171,35
E33011658,284,106,37,69,178,143,35
E33011659,406,148,36,112,258,208,50
E33011660,340,161,34,127,179,153,26
E33011661,404,156,47,109,248,214,34
E33011662,519,187,36,151,332,275,57
E33011663,625,277,96,181,348,304,44
E33011664,582,213,42,171,369,306,63
E33011665,280,120,24,96,160,133,27
E33011666,256,113,25,88,143,129,14
E33011667,453,187,41,146,266,243,23
E33011668,284,125,29,96,159,139,20
E33011669,317,104,24,80,213,186,27
E33011670,252,82,20,62,170,146,24
E33011671,507,196,44,152,311,263,48
E33011672,363,120,25,95,243,208,35
E33011673,276,121,30,91,155,134,21
E33011674,275,101,44,57,174,149,25
E33011675,2052,637,130,507,1415,1332,83
E33011676,405,112,23,89,293,231,62
E33011677,292,90,38,52,202,163,39
E33011678,411,162,39,123,249,228,21
E33011679,302,102,17,85,200,164,36
E33011680,286,81,15,66,205,168,37
E33011681,391,172,53,119,219,180,39
E33011682,292,122,29,93,170,139,31
E33011683,388,141,32,109,247,192,55
E33011684,580,184,43,141,396,327,69
E33011685,418,156,42,114,262,213,49
E33011686,293,147,58,89,146,115,31
E33011687,873,100,18,82,773,731,42
E33011688,329,97,17,80,232,200,32
E33011689,384,116,15,101,268,214,54
E33011690,278,75,15,60,203,172,31
E33011691,385,92,27,65,293,236,57
E33011692,306,110,26,84,196,161,35
E33011693,517,209,71,138,308,256,52
E33011694,555,234,68,166,321,264,57
E33011695,260,68,20,48,192,150,42
E33011696,349,106,46,60,243,187,56
E33011697,314,77,21,56,237,204,33
E33011698,512,188,53,135,324,265,59
E33011699,387,156,38,118,231,189,42
E33011700,336,144,21,123,192,163,29
E33011701,393,91,17,74,302,264,38
E33011702,288,80,22,58,208,173,35
E33011703,228,85,26,59,143,111,32
E33011704,238,82,15,67,156,137,19
E33011705,237,90,34,56,147,113,34
E33011706,359,52,19,33,307,264,43
E33011707,322,115,27,88,207,165,42
E33011708,483,49,16,33,434,337,97
E33011709,625,97,28,69,528,392,136
E33011710,548,65,22,43,483,326,157
E33011711,494,80,32,48,414,309,105
E33011712,245,91,34,57,154,129,25
E33011713,408,113,36,77,295,246,49
E33011714,950,94,29,65,856,702,154
E33011715,863,153,41,112,710,585,125
E33011716,258,72,20,52,186,144,42
E33011717,384,84,32,52,300,246,54
E33011718,267,72,26,46,195,158,37
E33011719,558,79,24,55,479,389,90
E33011720,402,103,33,70,299,254,45
E33011721,544,172,30,142,372,314,58
E33011722,302,105,43,62,197,149,48
E33011723,511,136,29,107,375,304,71
E33011724,521,179,49,130,342,258,84
E33011725,509,206,68,138,303,238,65
E33011726,354,104,27,77,250,216,34
E33011727,291,117,51,66,174,120,54
E33011728,287,80,31,49,207,162,45
E33011729,264,121,48,73,143,103,40
E33011730,372,139,51,88,233,161,72
E33011731,411,103,29,74,308,268,40
E33011732,378,143,40,103,235,183,52
E33011733,336,148,60,88,188,152,36
E33011734,294,75,23,52,219,201,18
E33011735,632,279,72,207,353,292,61
E33011736,328,149,64,85,179,125,54
E33011737,344,107,38,69,237,177,60
E33011738,356,119,41,78,237,187,50
E33011739,452,131,26,105,321,271,50
E33011740,310,137,41,96,173,149,24
E33011741,469,147,37,110,322,272,50
E33011742,412,150,37,113,262,226,36
E33011743,346,136,36,100,210,172,38
E33011744,433,120,27,93,313,263,50
E33011745,288,111,27,84,177,146,31
E33011746,311,81,39,42,230,186,44
E33011747,316,92,40,52,224,179,45
E33011748,308,125,43,82,183,136,47
E33011749,241,58,29,29,183,132,51
E33011750,557,137,42,95,420,388,32
E33011751,344,157,59,98,187,139,48
E33011752,6090,1216,192,1024,4874,4497,377
E33011753,674,142,63,79,532,369,163
E33011754,240,84,24,60,156,120,36
E33011755,501,229,107,122,272,231,41
E33011756,252,80,24,56,172,146,26
E33011757,307,74,29,45,233,185,48
E33011758,610,126,27,99,484,421,63
E33011759,359,115,39,76,244,180,64
E33011760,261,100,47,53,161,113,48
E33011761,326,122,27,95,204,163,41
E33011762,441,148,21,127,293,267,26
E33011763,214,81,19,62,133,104,29
E33011764,368,139,47,92,229,181,48
E33011765,1010,439,111,328,571,486,85
E33011766,291,119,34,85,172,131,41
E33011767,373,123,41,82,250,180,70
E33011768,369,155,52,103,214,171,43
E33011769,805,123,44,79,682,583,99
E33011770,954,348,96,252,606,531,75
E33011771,444,200,51,149,244,224,20
E33011772,369,136,41,95,233,208,25
E33011773,282,142,49,93,140,123,17
E33011774,692,281,62,219,411,372,39
E33011775,303,88,17,71,215,166,49
E33011776,285,78,23,55,207,181,26
E33011777,531,251,52,199,280,259,21
E33011778,407,167,45,122,240,210,30
E33011779,334,126,47,79,208,166,42
E33011780,443,202,75,127,241,195,46
E33011781,258,73,26,47,185,158,27
E33011782,339,76,22,54,263,216,47
E33011783,639,254,49,205,385,315,70
E33011784,332,143,33,110,189,145,44
E33011785,579,221,72,149,358,304,54
E33011786,280,89,31,58,191,157,34
E33011787,414,197,55,142,217,174,43
E33011788,812,150,37,113,662,577,85
E33011789,397,129,38,91,268,221,47
E33011790,402,108,32,76,294,233,61
E33011791,240,82,36,46,158,116,42
E33011792,347,118,36,82,229,164,65
E33011793,388,128,41,87,260,205,55
E33011794,778,216,60,156,562,481,81
E33011795,271,106,44,62,165,142,23
E33011796,306,145,32,113,161,132,29
E33011797,290,151,57,94,139,116,23
E33011798,245,94,19,75,151,133,18
E33011799,278,117,39,78,161,112,49
E33011800,312,106,30,76,206,169,37
E33011801,1791,257,54,203,1534,1413,121
E33011802,420,98,33,65,322,225,97
E33011803,286,120,33,87,166,144,22
E33011804,580,194,56,138,386,313,73
E33011805,400,56,13,43,344,298,46
E33011806,294,85,35,50,209,177,32
E33011807,512,192,65,127,320,254,66
E33011808,362,118,38,80,244,205,39
E33011809,399,155,46,109,244,202,42
E33011810,384,143,43,100,241,184,57
E33011811,402,76,11,65,326,292,34
E33011812,431,87,29,58,344,290,54
E33011813,524,57,21,36,467,408,59
E33011814,247,79,29,50,168,132,36
E33011815,512,113,39,74,399,340,59
E33011816,401,159,52,107,242,194,48
E33011817,604,162,49,113,442,369,73
E33011818,241,84,32,52,157,130,27
E33011819,537,103,34,69,434,343,91
E33011820,358,135,35,100,223,180,43
E33011821,252,101,33,68,151,122,29
E33011822,267,80,29,51,187,143,44
E33011823,527,167,63,104,360,262,98
E33011824,504,160,51,109,344,281,63
E33011825,529,185,47,138,344,309,35
E33011826,398,145,39,106,253,223,30
E33011827,2652,944,149,795,1708,1570,138
E33011828,294,126,52,74,168,126,42
E33011829,266,88,22,66,178,165,13
E33011830,285,97,30,67,188,148,40
E33011831,559,99,47,52,460,400,60
E33011832,248,94,41,53,154,122,32
E33011833,327,92,36,56,235,184,51
E33011834,328,57,17,40,271,236,35
E33011835,271,101,35,66,170,117,53
E33011836,306,101,15,86,205,162,43
E33011837,321,51,20,31,270,227,43
E33011838,274,104,31,73,170,131,39
E33011839,252,71,22,49,181,141,40
E33011840,581,240,70,170,341,278,63
E33011841,258,95,39,56,163,134,29
E33011842,293,145,46,99,148,115,33
E33011843,245,65,25,40,180,140,40
E33011844,454,143,42,101,311,260,51
E33011845,595,273,90,183,322,246,76
E33011846,932,182,45,137,750,662,88
E33011847,219,83,14,69,136,113,23
E33011848,285,80,13,67,205,173,32
E33011849,421,90,17,73,331,272,59
E33011850,420,84,25,59,336,261,75
E33011851,535,120,44,76,415,318,97
E33011852,449,96,33,63,353,264,89
E33011853,360,200,80,120,160,133,27
E33011854,265,99,34,65,166,125,41
E33011855,361,144,48,96,217,161,56
E33011856,231,48,22,26,183,141,42
E33011857,713,182,76,106,531,431,100
E33011858,292,81,33,48,211,162,49
E33011859,384,141,47,94,243,161,82
E33011860,305,77,29,48,228,157,71
E33011861,314,109,51,58,205,155,50
E33011862,247,92,55,37,155,89,66
E33011863,843,251,84,167,592,445,147
E33011864,281,65,23,42,216,166,50
E33011865,340,131,37,94,209,162,47
E33011866,334,122,48,74,212,160,52
E33011867,1030,167,53,114,863,721,142
E33011868,333,113,48,65,220,160,60
E33011869,545,119,46,73,426,327,99
E33011870,318,107,28,79,211,164,47
E33011871,379,103,36,67,276,197,79
E33011872,592,254,83,171,338,277,61
E33011873,493,137,67,70,356,281,75
E33011874,543,89,22,67,454,369,85
E33011875,412,151,58,93,261,192,69
E33011876,741,117,32,85,624,534,90
E33011877,366,135,42,93,231,188,43
E33011878,412,137,39,98,275,210,65
E33011879,307,119,23,96,188,148,40
E33011880,304,59,24,35,245,198,47
E33011881,306,145,42,103,161,136,25
E33011882,674,109,26,83,565,440,125
E33011883,318,121,21,100,197,178,19
E33011884,265,72,22,50,193,147,46
E33011885,439,89,37,52,350,297,53
E33011886,418,150,48,102,268,215,53
E33011887,278,70,24,46,208,178,30
E33011888,448,188,75,113,260,201,59
E33011889,248,86,25,61,162,133,29
E33011890,274,125,45,80,149,124,25
E33011891,278,108,16,92,170,134,36
E33011892,255,68,19,49,187,154,33
E33011893,239,33,11,22,206,137,69
E33011894,547,251,97,154,296,255,41
E33011895,270,117,38,79,153,113,40
E33011896,440,133,40,93,307,246,61
E33011897,197,78,29,49,119,95,24
E33011898,289,74,29,45,215,170,45
E33011899,500,143,37,106,357,283,74
E33011900,211,63,25,38,148,120,28
E33011901,632,120,22,98,512,445,67
E33011902,285,83,21,62,202,161,41
E33011903,271,83,24,59,188,150,38
E33011904,223,91,18,73,132,115,17
E33011905,535,70,22,48,465,377,88
E33011906,225,76,25,51,149,117,32
E33011907,615,195,51,144,420,332,88
E33011908,403,159,35,124,244,222,22
E33011909,281,58,15,43,223,162,61
E33011910,301,101,29,72,200,163,37
E33011911,325,111,34,77,214,188,26
E33011912,608,248,55,193,360,316,44
E33011913,448,184,70,114,264,199,65
E33011914,287,90,25,65,197,162,35
E33011915,384,168,47,121,216,176,40
E33011916,535,200,65,135,335,261,74
E33011917,872,268,85,183,604,509,95
E33011918,795,311,86,225,484,417,67
E33011919,265,123,37,86,142,125,17
E33011920,405,254,77,177,151,128,23
E33011921,273,124,28,96,149,122,27
E33011922,336,127,45,82,209,146,63
E33011923,317,123,42,81,194,133,61
E33011924,565,108,22,86,457,368,89
E33011925,407,129,52,77,278,209,69
E33011926,678,95,35,60,583,525,58
E33011927,338,110,41,69,228,169,59
E33011928,264,112,30,82,152,119,33
E33011929,276,104,29,75,172,138,34
E33011930,541,230,38,192,311,277,34
E33011931,342,128,37,91,214,173,41
E33011932,2337,873,142,731,1464,1337,127
E33011933,436,129,38,91,307,281,26
E33011934,573,231,57,174,342,308,34
E33011935,468,101,25,76,367,313,54
E33011936,295,151,48,103,144,123,21
E33011937,300,129,32,97,171,139,32
E33011938,478,205,64,141,273,229,44
E33011939,387,139,41,98,248,200,48
E33011940,347,85,12,73,262,203,59
E33011941,499,132,38,94,367,316,51
E33011942,289,100,28,72,189,152,37
E33011943,283,63,15,48,220,162,58
E33011944,331,107,34,73,224,163,61
E33011945,541,264,64,200,277,224,53
E33011946,352,129,30,99,223,177,46
E33011947,374,144,53,91,230,180,50
E33011948,448,171,69,102,277,185,92
E33011949,340,135,42,93,205,169,36
E33011950,349,96,27,69,253,195,58
E33011951,691,118,33,85,573,472,101
E33011952,508,140,40,100,368,305,63
E33011953,870,244,59,185,626,525,101
E33011954,299,99,38,61,200,154,46
E33011955,750,242,75,167,508,425,83
E33011956,297,90,19,71,207,169,38
E33011957,265,141,28,113,124,83,41
E33011958,362,166,34,132,196,169,27
E33011959,943,232,60,172,711,560,151
E33011960,391,88,27,61,303,248,55
E33011961,666,140,33,107,526,401,125
E33011962,413,164,41,123,249,202,47
E33011963,389,135,35,100,254,204,50
E33011964,254,132,41,91,122,93,29
E33011965,308,120,37,83,188,160,28
E33011966,552,126,39,87,426,330,96
E33011967,272,77,20,57,195,167,28
E33011968,584,337,106,231,247,217,30
E33011969,537,193,34,159,344,296,48
E33011970,377,111,44,67,266,226,40
E33011971,563,205,57,148,358,280,78
E33011972,595,153,48,105,442,370,72
E33011973,424,206,40,166,218,192,26
E33011974,410,135,23,112,275,251,24
E33011975,304,107,37,70,197,154,43
E33011976,337,131,46,85,206,159,47
E33011977,268,115,30,85,153,124,29
E33011978,358,122,37,85,236,191,45
E33011979,302,129,51,78,173,140,33
E33011980,238,66,31,35,172,110,62
E33011981,333,150,32,118,183,130,53
E33011982,239,85,24,61,154,123,31
E33011983,324,129,31,98,195,163,32
E33011984,391,153,25,128,238,217,21
E33011985,246,94,26,68,152,128,24
E33011986,1123,179,58,121,944,732,212
E33011987,536,218,77,141,318,243,75
E33011988,257,90,15,75,167,140,27
E33011989,266,97,30,67,169,137,32
E33011990,283,92,36,56,191,129,62
E33011991,636,262,86,176,374,310,64
E33011992,313,134,47,87,179,156,23
E33011993,501,183,50,133,318,249,69
E33011994,246,75,36,39,171,122,49
E33011995,290,109,25,84,181,149,32
E33011996,272,94,33,61,178,116,62
E33011997,339,128,48,80,211,158,53
E33011998,367,105,32,73,262,203,59
E33011999,326,123,35,88,203,157,46
E33012000,405,79,30,49,326,273,53
E33012001,320,137,49,88,183,134,49
E33012002,434,167,47,120,267,234,33
E33012003,322,149,64,85,173,144,29
E33012004,295,116,36,80,179,148,31
E33012005,310,125,45,80,185,153,32
E33012006,298,92,23,69,206,190,16
E33012007,375,149,38,111,226,193,33
E33012008,347,133,54,79,214,189,25
E33012009,344,141,52,89,203,164,39
E33012010,438,185,51,134,253,206,47
E33012011,292,101,37,64,191,158,33
E33012012,289,98,34,64,191,150,41
E33012013,263,104,32,72,159,108,51
E33012014,300,70,33,37,230,175,55
E33012015,296,144,50,94,152,130,22
E33012016,423,180,83,97,243,173,70
E33012017,605,235,55,180,370,320,50
E33012018,374,139,44,95,235,200,35
E33012019,279,103,38,65,176,130,46
E33012020,587,179,61,118,408,318,90
E33012021,315,71,21,50,244,186,58
E33012022,500,125,41,84,375,298,77
E33012023,279,86,13,73,193,158,35
E33012024,287,114,42,72,173,142,31
E33012025,316,107,32,75,209,149,60
E33012026,333,134,34,100,199,157,42
E33012027,217,65,26,39,152,134,18
E33012028,261,85,26,59,176,151,25
E33012029,253,99,24,75,154,129,25
E33012030,321,132,37,95,189,158,31
E33012031,250,73,37,36,177,148,29
E33012032,332,144,53,91,188,148,40
E33012033,234,77,24,53,157,132,25
E33012034,367,131,33,98,236,195,41
E33012035,274,110,43,67,164,128,36
E33012036,511,145,45,100,366,330,36
E33012037,435,76,22,54,359,300,59
E33012038,802,202,63,139,600,547,53
E33012039,375,98,33,65,277,241,36
E33012040,234,73,23,50,161,122,39
E33012041,2850,1055,497,558,1795,1501,294
E33012042,296,47,20,27,249,204,45
E33012043,760,97,53,44,663,562,101
E33012044,353,144,44,100,209,168,41
E33012045,566,235,48,187,331,284,47
E33012046,443,62,27,35,381,339,42
E33012047,251,113,36,77,138,117,21
E33012048,371,105,48,57,266,219,47
E33012049,268,106,47,59,162,116,46
E33012050,242,80,28,52,162,135,27
E33012051,261,57,15,42,204,167,37
E33012052,657,143,45,98,514,456,58
E33012053,285,114,34,80,171,131,40
E33012054,367,50,19,31,317,255,62
E33012055,227,75,22,53,152,121,31
E33012056,520,138,37,101,382,318,64
E33012057,333,120,44,76,213,152,61
E33012058,335,141,57,84,194,147,47
E33012059,1218,244,106,138,974,821,153
E33012060,405,149,37,112,256,216,40
E33012061,293,71,23,48,222,176,46
E33012062,483,224,73,151,259,199,60
E33012063,280,135,51,84,145,119,26
E33012064,334,79,30,49,255,212,43
E33012065,541,288,104,184,253,191,62
E33012066,506,226,41,185,280,233,47
E33012067,435,132,39,93,303,249,54
E33012068,724,349,109,240,375,329,46
E33012069,343,98,33,65,245,171,74
E33012070,730,126,48,78,604,459,145
E33012071,351,115,43,72,236,186,50
E33012072,240,55,25,30,185,123,62
E33012073,492,168,53,115,324,240,84
E33012074,359,159,39,120,200,149,51
E33012075,325,70,23,47,255,208,47
E33012076,382,127,35,92,255,209,46
E33012077,434,131,56,75,303,237,66
E33012078,306,151,86,65,155,112,43
E33012079,374,120,49,71,254,202,52
E33012080,666,160,55,105,506,438,68
E33012081,348,124,40,84,224,195,29
E33012082,446,194,64,130,252,208,44
E33012083,292,69,27,42,223,185,38
E33012084,310,126,53,73,184,135,49
E33012085,357,145,47,98,212,148,64
E33012086,311,103,32,71,208,155,53
E33012087,333,56,28,28,277,230,47
E33012088,818,278,80,198,540,424,116
E33012089,371,87,31,56,284,227,57
E33012090,256,75,33,42,181,146,35
E33012091,316,108,30,78,208,150,58
E33012092,453,151,50,101,302,227,75
E33012093,648,265,74,191,383,322,61
E33012094,593,173,62,111,420,326,94
E33012095,675,216,65,151,459,377,82
E33012096,370,163,70,93,207,156,51
E33012097,402,156,59,97,246,191,55
E33012098,314,109,43,66,205,149,56
E33012099,339,134,57,77,205,151,54
E33012100,337,123,52,71,214,142,72
E33012101,283,123,50,73,160,111,49
E33012102,362,122,48,74,240,166,74
E33012103,258,68,30,38,190,140,50
E33012104,648,261,126,135,387,271,116
E33012105,588,187,72,115,401,316,85
E33012106,312,83,22,61,229,183,46
E33012107,452,142,56,86,310,228,82
E33012108,871,213,79,134,658,558,100
E33012109,228,81,40,41,147,106,41
E33012110,752,135,44,91,617,496,121
E33012111,244,85,37,48,159,105,54
E33012112,373,160,63,97,213,175,38
E33012113,363,153,76,77,210,144,66
E33012114,284,100,48,52,184,124,60
E33012115,537,244,72,172,293,231,62
E33012116,329,115,36,79,214,149,65
E33012117,354,141,56,85,213,148,65
E33012118,254,85,34,51,169,126,43
E33012119,329,62,26,36,267,239,28
E33012120,336,90,33,57,246,175,71
E33012121,347,128,46,82,219,140,79
E33012122,481,155,56,99,326,265,61
E33012123,385,134,57,77,251,182,69
E33012124,268,109,51,58,159,91,68
E33012125,265,141,47,94,124,100,24
E33012126,286,104,40,64,182,141,41
E33012127,285,125,60,65,160,114,46
E33012128,269,84,44,40,185,133,52
E33012129,650,304,143,161,346,294,52
E33012130,559,191,73,118,368,280,88
E33012131,403,129,32,97,274,227,47
E33012132,1047,246,29,217,801,751,50
E33012133,1228,311,103,208,917,807,110
E33012134,355,159,57,102,196,158,38
E33012135,466,46,15,31,420,359,61
E33012136,917,192,48,144,725,639,86
E33012137,364,79,22,57,285,241,44
E33012138,454,190,64,126,264,216,48
E33012139,450,187,40,147,263,229,34
E33012140,276,102,37,65,174,139,35
E33012141,431,145,43,102,286,236,50
E33012142,537,260,131,129,277,236,41
E33012143,279,112,61,51,167,141,26
E33012144,297,118,39,79,179,134,45
E33012145,525,105,33,72,420,354,66
E33012146,282,79,28,51,203,164,39
E33012147,402,119,38,81,283,191,92
E33012148,600,215,61,154,385,306,79
E33012149,296,93,36,57,203,150,53
E33012150,286,116,35,81,170,136,34
E33012151,478,70,25,45,408,302,106
E33012152,576,217,62,155,359,268,91
E33012153,289,106,42,64,183,131,52
E33012154,305,132,53,79,173,118,55
E33012155,244,84,32,52,160,111,49
E33012156,261,94,38,56,167,125,42
E33012157,231,102,57,45,129,94,35
E33012158,572,201,70,131,371,279,92
E33012159,383,137,63,74,246,197,49
E33012160,298,139,48,91,159,113,46
E33012161,279,61,27,34,218,171,47
E33012162,355,126,51,75,229,174,55
E33012163,328,125,61,64,203,135,68
E33012164,341,132,58,74,209,143,66
E33012165,265,115,51,64,150,109,41
E33012166,442,182,60,122,260,195,65
E33012167,518,195,68,127,323,254,69
E33012168,553,163,69,94,390,293,97
E33012169,229,63,25,38,166,133,33
E33012170,418,139,52,87,279,217,62
E33012171,566,210,91,119,356,296,60
E33012172,279,72,20,52,207,159,48
E33012173,716,170,55,115,546,444,102
E33012174,377,193,87,106,184,146,38
E33012175,382,102,26,76,280,241,39
E33012176,285,122,28,94,163,134,29
E33012177,650,157,54,103,493,433,60
E33012178,666,143,38,105,523,435,88
E33012179,465,149,50,99,316,268,48
E33012180,451,106,35,71,345,272,73
E33012181,733,244,107,137,489,340,149
E33012182,485,209,74,135,276,204,72
E33012183,293,117,33,84,176,133,43
E33012184,361,131,57,74,230,176,54
E33012185,472,206,82,124,266,201,65
E33012186,310,96,31,65,214,169,45
E33012187,685,150,52,98,535,418,117
E33012188,516,171,64,107,345,265,80
E33012189,301,113,31,82,188,146,42
E33012190,291,97,47,50,194,152,42
E33012191,294,115,45,70,179,139,40
E33012192,503,222,77,145,281,215,66
E33012193,520,170,40,130,350,321,29
E33012194,345,146,56,90,199,155,44
E33012195,403,190,87,103,213,165,48
E33012196,382,119,55,64,263,229,34
E33012197,310,93,33,60,217,156,61
E33012198,306,96,31,65,210,173,37
E33012199,558,240,70,170,318,273,45
E33012200,670,353,136,217,317,296,21
E33012201,427,172,51,121,255,200,55
E33012202,415,162,58,104,253,210,43
E33012203,254,101,33,68,153,122,31
E33012204,284,115,50,65,169,135,34
E33012205,768,192,55,137,576,492,84
E33012206,362,103,32,71,259,226,33
E33012207,224,98,42,56,126,104,22
E33012208,286,107,55,52,179,138,41
E33012209,672,248,87,161,424,333,91
E33012210,662,289,122,167,373,303,70
E33012211,387,153,56,97,234,188,46
E33012212,665,186,60,126,479,403,76
E33012213,377,145,53,92,232,169,63
E33012214,554,99,39,60,455,406,49
E33012215,326,120,48,72,206,146,60
E33012216,411,109,37,72,302,246,56
E33012217,283,117,45,72,166,127,39
E33012218,378,94,30,64,284,252,32
E33012219,354,131,52,79,223,153,70
E33012220,471,147,56,91,324,274,50
E33012221,315,147,45,102,168,151,17
E33012222,681,261,75,186,420,364,56
E33012223,268,107,33,74,161,134,27
E33012224,273,117,41,76,156,129,27
E33012225,269,112,35,77,157,120,37
E33012226,294,76,30,46,218,175,43
E33012227,307,103,32,71,204,159,45
E33012228,250,121,21,100,129,122,7
E33012229,279,121,38,83,158,138,20
E33012230,635,193,59,134,442,341,101
E33012231,312,106,39,67,206,171,35
E33012232,232,105,38,67,127,101,26
E33012233,579,225,72,153,354,294,60
E33012234,421,114,34,80,307,217,90
E33012235,248,81,16,65,167,142,25
E33012236,497,198,62,136,299,238,61
E33012237,494,61,24,37,433,374,59
E33012238,288,125,45,80,163,120,43
E33012239,458,97,29,68,361,319,42
E33012240,301,98,30,68,203,160,43
E33012241,273,63,6,57,210,179,31
E33012242,434,125,39,86,309,268,41
E33012243,310,124,47,77,186,139,47
E33012244,320,97,33,64,223,189,34
E33012245,446,82,28,54,364,303,61
E33012246,309,142,52,90,167,119,48
E33012247,524,92,25,67,432,354,78
E33012248,293,110,39,71,183,122,61
E33012249,372,80,39,41,292,212,80
E33012250,551,64,19,45,487,382,105
E33012251,268,99,40,59,169,130,39
E33012252,251,87,43,44,164,122,42
E33012253,282,79,36,43,203,130,73
E33012254,262,128,49,79,134,108,26
E33012255,307,122,47,75,185,144,41
E33012256,291,125,25,100,166,138,28
E33012257,345,102,33,69,243,186,57
E33012258,703,284,67,217,419,364,55
E33012259,283,112,36,76,171,136,35
E33012260,396,143,50,93,253,206,47
E33012261,505,166,68,98,339,262,77
E33012262,532,194,37,157,338,280,58
E33012263,458,168,50,118,290,233,57
E33012264,263,100,37,63,163,126,37
E33012265,293,98,32,66,195,157,38
E33012266,229,91,35,56,138,125,13
E33012267,345,133,37,96,212,178,34
E33012268,575,116,46,70,459,387,72
E33012269,444,87,34,53,357,302,55
E33012270,1347,234,59,175,1113,1048,65
E33012271,758,132,25,107,626,544,82
E33012272,330,133,23,110,197,176,21
E33012273,588,281,78,203,307,292,15
E33012274,304,130,36,94,174,158,16
E33012275,240,84,27,57,156,129,27
E33012276,268,67,24,43,201,159,42
E33012277,517,256,89,167,261,234,27
E33012278,409,150,54,96,259,207,52
E33012279,525,190,37,153,335,285,50
E33012280,479,133,33,100,346,277,69
E33012281,247,89,35,54,158,115,43
E33012282,381,128,40,88,253,197,56
E33012283,539,115,30,85,424,362,62
E33012284,232,92,34,58,140,106,34
E33012285,628,156,50,106,472,398,74
E33012286,265,92,18,74,173,122,51
E33012287,529,210,42,168,319,246,73
E33012288,601,178,37,141,423,352,71
E33012289,312,114,27,87,198,161,37
E33012290,430,161,35,126,269,232,37
E33012291,699,265,63,202,434,395,39
E33012292,647,201,59,142,446,405,41
E33012293,383,144,47,97,239,188,51
E33012294,278,117,30,87,161,141,20
E33012295,830,294,85,209,536,461,75
E33012296,488,156,35,121,332,299,33
E33012297,707,351,186,165,356,280,76
E33012298,418,248,128,120,170,129,41
E33012299,642,166,77,89,476,429,47
E33012300,554,295,170,125,259,199,60
E33012301,281,124,63,61,157,134,23
E33012302,303,117,39,78,186,157,29
E33012303,370,152,50,102,218,187,31
E33012304,304,134,46,88,170,116,54
E33012305,450,236,84,152,214,175,39
E33012306,330,120,31,89,210,159,51
E33012307,289,125,26,99,164,141,23
E33012308,308,129,42,87,179,136,43
E33012309,327,128,28,100,199,150,49
E33012310,265,121,31,90,144,113,31
E33012311,248,120,26,94,128,116,12
E33012312,497,251,51,200,246,213,33
E33012313,556,213,60,153,343,303,40
E33012314,375,162,47,115,213,178,35
E33012315,749,155,41,114,594,502,92
E33012316,326,140,51,89,186,154,32
E33012317,267,95,36,59,172,137,35
E33012318,275,58,21,37,217,169,48
E33012319,297,70,22,48,227,169,58
E33012320,312,67,25,42,245,186,59
E33012321,543,135,44,91,408,311,97
E33012322,299,107,37,70,192,152,40
E33012323,315,74,25,49,241,192,49
E33012324,377,94,30,64,283,230,53
E33012325,293,132,35,97,161,132,29
E33012326,517,279,74,205,238,202,36
E33012327,536,222,51,171,314,269,45
E33012328,549,298,131,167,251,197,54
E33012329,362,244,133,111,118,100,18
E33012330,466,128,34,94,338,283,55
E33012331,578,119,40,79,459,384,75
E33012332,428,161,46,115,267,210,57
E33012333,403,232,119,113,171,152,19
E33012334,422,103,28,75,319,289,30
E33012335,636,229,74,155,407,361,46
E33012336,221,105,39,66,116,90,26
E33012337,320,93,41,52,227,181,46
E33012338,327,145,73,72,182,147,35
E33012339,609,142,38,104,467,393,74
E33012340,491,172,67,105,319,266,53
E33012341,322,87,36,51,235,180,55
E33012342,472,212,73,139,260,191,69
E33012343,313,99,39,60,214,158,56
E33012344,284,89,28,61,195,145,50
E33012345,537,159,34,125,378,317,61
E33012346,603,134,42,92,469,360,109
E33012347,494,173,33,140,321,295,26
E33012348,313,110,24,86,203,169,34
E33012349,683,149,59,90,534,417,117
E33012350,338,106,28,78,232,193,39
E33012351,340,78,23,55,262,226,36
E33012352,400,197,45,152,203,167,36
E33012353,285,100,25,75,185,161,24
E33012354,291,103,33,70,188,154,34
E33012355,262,78,15,63,184,149,35
E33012356,500,165,40,125,335,291,44
E33012357,237,95,24,71,142,121,21
E33012358,283,110,42,68,173,136,37
E33012359,349,125,48,77,224,166,58
E33012360,477,176,45,131,301,256,45
E33012361,310,88,47,41,222,189,33
E33012362,329,121,32,89,208,190,18
E33012363,778,243,99,144,535,470,65
E33012364,233,97,37,60,136,117,19
E33012365,636,176,59,117,460,387,73
E33012366,7257,1978,360,1618,5279,4659,620
E33012367,370,117,32,85,253,213,40
E33012368,271,129,39,90,142,118,24
E33012369,287,94,25,69,193,176,17
E33012370,424,123,37,86,301,276,25
E33012371,313,126,23,103,187,165,22
E33012372,596,169,42,127,427,396,31
E33012373,1437,315,90,225,1122,1026,96
E33012374,1015,344,55,289,671,623,48
E33012375,281,61,24,37,220,180,40
E33012376,2093,417,89,328,1676,1543,133
E33012377,339,133,40,93,206,157,49
E33012378,627,156,47,109,471,371,100
E33012379,496,112,32,80,384,322,62
E33012380,274,86,23,63,188,154,34
E33012381,642,73,19,54,569,525,44
E33012382,1073,388,69,319,685,621,64
E33012383,350,121,36,85,229,188,41
E33012384,329,101,32,69,228,190,38
E33012385,358,101,21,80,257,234,23
E33012386,411,92,27,65,319,257,62
E33012387,331,148,60,88,183,151,32
E33012388,604,188,67,121,416,317,99
E33012389,371,125,32,93,246,197,49
E33012390,272,102,40,62,170,134,36
E33012391,444,143,51,92,301,254,47
E33012392,397,161,32,129,236,202,34
E33012393,884,329,69,260,555,501,54
E33012394,1091,263,63,200,828,775,53
E33012395,326,114,25,89,212,191,21
E33012396,522,191,29,162,331,284,47
E33012397,305,64,20,44,241,203,38
E33012398,365,145,26,119,220,178,42
E33012399,454,174,56,118,280,222,58
E33012400,324,129,34,95,195,156,39
E33012401,325,103,40,63,222,171,51
E33012402,368,174,79,95,194,159,35
E33012403,340,125,42,83,215,185,30
E33012404,583,244,67,177,339,267,72
E33012405,257,112,40,72,145,102,43
E33012406,389,185,64,121,204,157,47
E33012407,304,147,43,104,157,130,27
E33012408,380,169,48,121,211,178,33
E33012409,299,62,17,45,237,189,48
E33012410,247,88,20,68,159,139,20
E33012411,411,44,23,21,367,324,43
E33012412,285,104,42,62,181,143,38
E33012413,535,68,18,50,467,402,65
E33012414,377,148,39,109,229,187,42
E33012415,353,80,30,50,273,233,40
E33012416,259,62,15,47,197,154,43
E33012417,314,98,34,64,216,162,54
E33012418,355,125,38,87,230,175,55
E33012419,260,93,39,54,167,127,40
E33012420,510,93,34,59,417,371,46
E33012421,255,96,37,59,159,132,27
E33012422,330,81,26,55,249,184,65
E33012423,494,190,78,112,304,247,57
E33012424,284,115,52,63,169,139,30
E33012425,552,121,32,89,431,355,76
E33012426,519,189,55,134,330,268,62
E33012427,520,155,52,103,365,318,47
E33012428,276,121,20,101,155,140,15
E33012429,370,79,31,48,291,226,65
E33012430,334,100,24,76,234,196,38
E33012431,233,66,26,40,167,141,26
E33012432,352,101,30,71,251,210,41
E33012433,451,164,34,130,287,255,32
E33012434,487,154,41,113,333,271,62
E33012435,433,150,60,90,283,217,66
E33012436,300,102,41,61,198,168,30
E33012437,581,149,43,106,432,369,63
E33012438,467,150,41,109,317,277,40
E33012439,334,105,23,82,229,182,47
E33012440,236,25,8,17,211,171,40
E33012441,262,73,24,49,189,164,25
E33012442,985,103,30,73,882,808,74
E33012443,340,55,18,37,285,231,54
E33012444,364,32,7,25,332,279,53
E33012445,218,68,10,58,150,123,27
E33012446,964,109,36,73,855,694,161
E33012447,620,165,56,109,455,398,57
E33012448,717,140,34,106,577,478,99
E33012449,693,143,25,118,550,465,85
E33012450,866,120,40,80,746,617,129
E33012451,258,115,14,101,143,125,18
E33012452,396,98,37,61,298,233,65
E33012453,300,108,38,70,192,168,24
E33012454,481,155,29,126,326,305,21
E33012455,483,174,44,130,309,266,43
E33012456,307,133,34,99,174,151,23
E33012457,334,121,31,90,213,194,19
E33012458,609,64,25,39,545,514,31
E33012459,351,157,45,112,194,157,37
E33012460,319,80,17,63,239,189,50
E33012461,267,94,35,59,173,124,49
E33012462,471,133,40,93,338,265,73
E33012463,964,190,73,117,774,640,134
E33012464,558,189,62,127,369,309,60
E33012465,724,179,63,116,545,390,155
E33012466,317,63,23,40,254,193,61
E33012467,389,144,54,90,245,178,67
E33012468,422,161,53,108,261,197,64
E33012469,349,128,30,98,221,184,37
E33012470,541,183,43,140,358,259,99
E33012471,341,136,26,110,205,175,30
E33012472,1191,286,51,235,905,859,46
E33012473,356,96,32,64,260,207,53
E33012474,679,280,43,237,399,346,53
E33012475,359,96,21,75,263,190,73
E33012476,333,85,17,68,248,197,51
E33012477,493,147,56,91,346,286,60
E33012478,322,111,28,83,211,187,24
E33012479,253,120,41,79,133,102,31
E33012480,635,179,53,126,456,336,120
E33012481,319,110,36,74,209,174,35
E33012482,354,123,36,87,231,195,36
E33012483,385,90,38,52,295,218,77
E33012484,493,118,29,89,375,301,74
E33012485,483,150,62,88,333,247,86
E33012486,319,131,40,91,188,138,50
E33012487,459,63,13,50,396,302,94
E33012488,289,93,36,57,196,145,51
E33012489,511,111,36,75,400,281,119
E33012490,664,185,67,118,479,389,90
E33012491,386,81,19,62,305,253,52
E33012492,258,107,27,80,151,124,27
E33012493,510,215,101,114,295,222,73
E33012494,224,87,27,60,137,107,30
E33012495,248,111,35,76,137,98,39
E33012496,351,139,51,88,212,163,49
E33012497,365,117,38,79,248,196,52
E33012498,294,118,42,76,176,131,45
E33012499,434,195,50,145,239,212,27
E33012500,554,112,24,88,442,363,79
E33012501,253,65,31,34,188,148,40
E33012502,269,109,30,79,160,140,20
E33012503,325,117,33,84,208,160,48
E33012504,314,106,28,78,208,160,48
E33012505,385,164,43,121,221,192,29
E33012506,715,194,33,161,521,473,48
E33012507,295,78,30,48,217,178,39
E33012508,277,59,19,40,218,152,66
E33012509,299,124,33,91,175,145,30
E33012510,302,129,40,89,173,151,22
E33012511,414,163,31,132,251,217,34
E33012512,254,107,32,75,147,118,29
E33012513,347,149,43,106,198,165,33
E33012514,235,50,20,30,185,141,44
E33012515,348,97,26,71,251,186,65
E33012516,303,69,19,50,234,184,50
E33012517,769,262,64,198,507,436,71
E33012518,369,117,36,81,252,178,74
E33012519,298,97,22,75,201,154,47
E33012520,403,163,46,117,240,191,49
E33012521,337,134,38,96,203,175,28
E33012522,289,108,20,88,181,144,37
E33012523,444,163,49,114,281,238,43
E33012524,302,115,36,79,187,161,26
E33012525,262,72,23,49,190,153,37
E33012526,389,94,22,72,295,242,53
E33012527,417,79,22,57,338,269,69
E33012528,325,75,16,59,250,183,67
E33012529,504,105,43,62,399,311,88
E33012530,267,84,25,59,183,149,34
E33012531,368,89,25,64,279,204,75
E33012532,525,168,43,125,357,285,72
E33012533,260,91,35,56,169,130,39
E33012534,322,118,35,83,204,141,63
E33012535,477,139,48,91,338,245,93
E33012536,491,103,21,82,388,300,88
E33012537,371,103,27,76,268,240,28
E33012538,428,68,18,50,360,287,73
E33012539,245,47,13,34,198,157,41
E33012540,280,123,33,90,157,115,42
E33012541,327,98,37,61,229,193,36
E33012542,245,70,25,45,175,136,39
E33012543,275,101,32,69,174,137,37
E33012544,366,81,16,65,285,231,54
E33012545,283,101,38,63,182,136,46
E33012546,464,139,45,94,325,237,88
E33012547,266,63,20,43,203,177,26
E33012548,254,109,29,80,145,126,19
E33012549,307,141,36,105,166,151,15
E33012550,385,126,28,98,259,237,22
E33012551,1395,233,56,177,1162,987,175
E33012552,735,160,51,109,575,464,111
E33012553,711,227,59,168,484,435,49
E33012554,323,155,50,105,168,116,52
E33012555,263,109,33,76,154,125,29
E33012556,305,58,14,44,247,191,56
E33012557,756,275,83,192,481,383,98
E33012558,287,86,23,63,201,165,36
E33012559,599,111,24,87,488,421,67
E33012560,404,111,38,73,293,243,50
E33012561,306,88,27,61,218,179,39
E33012562,251,60,20,40,191,165,26
E33012563,743,260,57,203,483,440,43
E33012564,372,123,35,88,249,194,55
E33012565,264,115,41,74,149,128,21
E33012566,316,68,29,39,248,180,68
E33012567,268,91,36,55,177,139,38
E33012568,402,64,26,38,338,249,89
E33012569,1519,401,77,324,1118,1017,101
E33012570,388,159,50,109,229,181,48
E33012571,481,155,45,110,326,269,57
E33012572,297,100,31,69,197,163,34
E33012573,286,39,9,30,247,195,52
E33012574,470,116,37,79,354,274,80
E33012575,407,195,45,150,212,179,33
E33012576,332,143,46,97,189,143,46
E33012577,317,65,28,37,252,193,59
E33012578,295,85,19,66,210,176,34
E33012579,387,164,57,107,223,164,59
E33012580,325,106,32,74,219,164,55
E33012581,441,73,25,48,368,277,91
E33012582,453,177,38,139,276,238,38
E33012583,388,136,30,106,252,217,35
E33012584,387,132,39,93,255,207,48
E33012585,478,98,28,70,380,317,63
E33012586,521,94,35,59,427,335,92
E33012587,626,80,25,55,546,456,90
E33012588,250,63,30,33,187,142,45
E33012589,254,97,26,71,157,119,38
E33012590,703,118,26,92,585,470,115
E33012591,270,92,22,70,178,148,30
E33012592,272,69,21,48,203,150,53
E33012593,289,101,32,69,188,133,55
E33012594,403,121,33,88,282,209,73
E33012595,970,197,48,149,773,672,101
E33012596,472,128,18,110,344,304,40
E33012597,511,142,42,100,369,291,78
E33012598,368,116,41,75,252,177,75
E33012599,597,129,44,85,468,375,93
E33012600,312,107,42,65,205,166,39
E33012601,597,211,65,146,386,264,122
E33012602,332,92,21,71,240,197,43
E33012603,343,79,24,55,264,225,39
E33012604,261,82,16,66,179,145,34
E33012605,256,97,13,84,159,138,21
E33012606,803,367,51,316,436,408,28
E33012607,595,188,41,147,407,338,69
E33012608,370,164,71,93,206,153,53
E33012609,286,35,10,25,251,207,44
E33012610,322,140,26,114,182,150,32
E33012611,949,252,65,187,697,625,72
E33012612,378,97,22,75,281,238,43
E33012613,297,75,18,57,222,175,47
E33012614,391,185,62,123,206,166,40
E33012615,280,147,39,108,133,108,25
E33012616,827,438,158,280,389,352,37
E33012617,279,85,32,53,194,174,20
E33012618,4692,1482,258,1224,3210,2815,395
E33012619,511,201,49,152,310,265,45
E33012620,635,141,28,113,494,434,60
E33012621,979,312,78,234,667,564,103
E33012622,558,272,66,206,286,231,55
E33012623,456,132,27,105,324,263,61
E33012624,300,116,35,81,184,154,30
E33012625,690,212,62,150,478,450,28
E33012626,1176,237,55,182,939,861,78
E33012627,426,97,25,72,329,289,40
E33012628,774,285,66,219,489,417,72
E33012629,272,86,15,71,186,157,29
E33012630,397,107,36,71,290,239,51
E33012631,688,268,61,207,420,340,80
E33012632,463,84,29,55,379,294,85
E33012633,327,103,30,73,224,182,42
E33012634,294,74,17,57,220,179,41
E33012635,315,100,35,65,215,164,51
E33012636,403,110,34,76,293,233,60
E33012637,382,100,20,80,282,218,64
E33012638,505,166,58,108,339,258,81
E33012639,327,137,40,97,190,154,36
E33012640,426,162,54,108,264,204,60
E33012641,349,157,22,135,192,150,42
E33012642,233,113,22,91,120,96,24
E33012643,438,170,61,109,268,201,67
E33012644,310,75,14,61,235,188,47
E33012645,359,129,44,85,230,164,66
E33012646,382,155,67,88,227,183,44
E33012647,271,101,40,61,170,131,39
E33012648,649,251,70,181,398,297,101
E33012649,320,82,35,47,238,187,51
E33012650,366,62,22,40,304,257,47
E33012651,403,120,35,85,283,220,63
E33012652,435,145,57,88,290,230,60
E33012653,303,109,22,87,194,155,39
E33012654,256,102,25,77,154,127,27
E33012655,374,187,26,161,187,160,27
E33012656,357,126,36,90,231,184,47
E33012657,368,93,17,76,275,221,54
E33012658,290,120,42,78,170,129,41
E33012659,356,121,39,82,235,202,33
E33012660,300,121,34,87,179,148,31
E33012661,257,99,29,70,158,122,36
E33012662,540,117,38,79,423,346,77
E33012663,892,238,87,151,654,547,107
E33012664,747,316,96,220,431,370,61
E33012665,443,144,51,93,299,238,61
E33012666,338,75,28,47,263,232,31
E33012667,1119,140,48,92,979,797,182
E33012668,314,118,52,66,196,155,41
E33012669,249,65,19,46,184,137,47
E33012670,274,116,52,64,158,119,39
E33012671,502,115,43,72,387,325,62
E33012672,346,143,50,93,203,146,57
E33012673,476,64,23,41,412,305,107
E33012674,347,109,32,77,238,188,50
E33012675,314,128,41,87,186,152,34
E33012676,395,180,51,129,215,176,39
E33012677,356,162,39,123,194,142,52
E33012678,652,112,27,85,540,413,127
E33012679,562,244,86,158,318,268,50
E33012680,274,64,23,41,210,170,40
E33012681,286,141,60,81,145,119,26
E33012682,378,187,69,118,191,154,37
E33012683,285,73,25,48,212,176,36
E33012684,294,136,44,92,158,121,37
E33012685,246,55,12,43,191,163,28
E33012686,293,131,52,79,162,117,45
E33012687,363,162,76,86,201,134,67
E33012688,527,206,60,146,321,262,59
E33012689,335,119,33,86,216,162,54
E33012690,298,137,47,90,161,118,43
E33012691,253,92,38,54,161,116,45
E33012692,340,150,48,102,190,142,48
E33012693,292,123,56,67,169,116,53
E33012694,309,106,43,63,203,162,41
E33012695,241,87,29,58,154,108,46
E33012696,382,141,53,88,241,172,69
E33012697,325,134,46,88,191,155,36
E33012698,314,88,38,50,226,154,72
E33012699,312,137,63,74,175,127,48
E33012700,358,156,59,97,202,152,50
E33012701,354,109,33,76,245,175,70
E33012702,511,153,43,110,358,291,67
E33012703,355,104,20,84,251,233,18
E33012704,633,262,73,189,371,279,92
E33012705,367,80,29,51,287,208,79
E33012706,356,103,42,61,253,200,53
E33012707,431,175,74,101,256,191,65
E33012708,758,287,108,179,471,390,81
E33012709,317,135,61,74,182,148,34
E33012710,721,209,67,142,512,405,107
E33012711,541,225,71,154,316,261,55
E33012712,455,154,41,113,301,227,74
E33012713,445,174,49,125,271,215,56
E33012714,480,164,45,119,316,231,85
E33012715,370,132,37,95,238,193,45
E33012716,532,165,50,115,367,291,76
E33012717,388,141,41,100,247,171,76
E33012718,686,376,68,308,310,280,30
E33012719,336,120,23,97,216,178,38
E33012720,253,95,30,65,158,124,34
E33012721,314,151,22,129,163,141,22
E33012722,297,88,27,61,209,161,48
E33012723,214,97,20,77,117,91,26
E33012724,513,240,75,165,273,207,66
E33012725,297,138,27,111,159,134,25
E33012726,701,260,61,199,441,361,80
E33012727,396,147,28,119,249,210,39
E33012728,515,217,76,141,298,219,79
E33012729,480,270,88,182,210,175,35
E33012730,855,132,32,100,723,671,52
E33012731,1325,816,268,548,509,415,94
E33012732,583,218,37,181,365,314,51
E33012733,307,92,23,69,215,175,40
E33012734,255,99,29,70,156,114,42
E33012735,360,142,38,104,218,167,51
E33012736,751,335,87,248,416,357,59
E33012737,328,115,20,95,213,186,27
E33012738,407,156,54,102,251,199,52
E33012739,400,195,19,176,205,191,14
E33012740,448,189,30,159,259,220,39
E33012741,417,158,41,117,259,213,46
E33012742,525,243,74,169,282,236,46
E33012743,759,337,116,221,422,313,109
E33012744,390,172,51,121,218,185,33
E33012745,256,107,24,83,149,123,26
E33012746,409,142,44,98,267,233,34
E33012747,284,84,30,54,200,168,32
E33012748,316,138,28,110,178,135,43
E33012749,534,220,59,161,314,243,71
E33012750,600,394,102,292,206,180,26
E33012751,443,188,37,151,255,212,43
E33012752,463,140,34,106,323,245,78
E33012753,288,133,28,105,155,124,31
E33012754,576,225,61,164,351,269,82
E33012755,558,218,57,161,340,286,54
E33012756,603,263,65,198,340,298,42
E33012757,327,161,48,113,166,123,43
E33012758,424,136,46,90,288,220,68
E33012759,501,141,48,93,360,291,69
E33012760,316,167,83,84,149,118,31
E33012761,2685,837,361,476,1848,1544,304
E33012762,441,102,28,74,339,294,45
E33012763,398,133,49,84,265,197,68
E33012764,747,118,40,78,629,567,62
E33012765,567,173,40,133,394,335,59
E33012766,343,160,56,104,183,143,40
E33012767,398,140,46,94,258,199,59
E33012768,310,87,33,54,223,181,42
E33012769,302,125,37,88,177,142,35
E33012770,362,139,35,104,223,187,36
E33012771,278,151,45,106,127,105,22
E33012772,258,130,52,78,128,91,37
E33012773,275,131,40,91,144,112,32
E33012774,272,126,28,98,146,118,28
E33012775,258,126,64,62,132,102,30
E33012776,266,91,29,62,175,154,21
E33012777,277,158,35,123,119,96,23
E33012778,256,107,49,58,149,108,41
E33012779,245,118,47,71,127,108,19
E33012780,432,208,77,131,224,185,39
E33012781,268,122,40,82,146,117,29
E33012782,348,155,46,109,193,155,38
E33012783,397,157,37,120,240,201,39
E33012784,302,75,21,54,227,196,31
E33012785,541,197,39,158,344,294,50
E33012786,424,133,44,89,291,237,54
E33012787,287,108,44,64,179,152,27
E33012788,294,130,50,80,164,127,37
E33012789,259,119,37,82,140,117,23
E33012790,341,150,39,111,191,167,24
E33012791,732,295,95,200,437,345,92
E33012792,261,105,29,76,156,123,33
E33012793,634,216,63,153,418,373,45
E33012794,440,161,38,123,279,220,59
E33012795,254,133,25,108,121,99,22
E33012796,534,239,43,196,295,261,34
E33012797,309,130,34,96,179,143,36
E33012798,263,114,30,84,149,117,32
E33012799,343,127,26,101,216,176,40
E33012800,270,96,23,73,174,148,26
E33012801,325,115,34,81,210,183,27
E33012802,279,107,39,68,172,139,33
E33012803,409,210,81,129,199,160,39
E33012804,288,109,27,82,179,141,38
E33012805,308,130,39,91,178,147,31
E33012806,265,123,37,86,142,122,20
E33012807,527,121,31,90,406,324,82
E33012808,296,108,20,88,188,146,42
E33012809,248,71,18,53,177,163,14
E33012810,259,107,17,90,152,131,21
E33012811,300,87,17,70,213,189,24
E33012812,291,133,42,91,158,131,27
E33012813,526,236,64,172,290,256,34
E33012814,299,139,46,93,160,133,27
E33012815,324,117,42,75,207,159,48
E33012816,426,208,78,130,218,181,37
E33012817,319,61,14,47,258,204,54
E33012818,478,100,27,73,378,300,78
E33012819,464,128,40,88,336,273,63
E33012820,358,85,25,60,273,226,47
E33012821,675,402,89,313,273,232,41
E33012822,394,206,53,153,188,156,32
E33012823,275,131,48,83,144,124,20
E33012824,237,110,24,86,127,107,20
E33012825,466,150,64,86,316,247,69
E33012826,864,173,55,118,691,545,146
E33012827,454,196,46,150,258,223,35
E33012828,330,124,40,84,206,161,45
E33012829,347,128,41,87,219,178,41
E33012830,327,108,36,72,219,180,39
E33012831,340,146,52,94,194,151,43
E33012832,293,161,31,130,132,116,16
E33012833,298,95,25,70,203,173,30
E33012834,388,131,43,88,257,202,55
E33012835,853,195,32,163,658,583,75
E33012836,401,45,14,31,356,314,42
E33012837,623,223,63,160,400,323,77
E33012838,465,132,31,101,333,307,26
E33012839,1407,449,122,327,958,852,106
E33012840,591,151,35,116,440,405,35
E33012841,250,115,25,90,135,119,16
E33012842,1159,405,163,242,754,672,82
E33012843,411,189,38,151,222,189,33
E33012844,256,64,16,48,192,166,26
E33012845,253,75,21,54,178,161,17
E33012846,284,98,29,69,186,157,29
E33012847,416,163,31,132,253,227,26
E33012848,259,86,17,69,173,132,41
E33012849,279,109,29,80,170,133,37
E33012850,309,127,39,88,182,156,26
E33012851,446,114,18,96,332,261,71
E33012852,240,85,35,50,155,106,49
E33012853,297,95,37,58,202,156,46
E33012854,366,157,51,106,209,159,50
E33012855,503,214,84,130,289,209,80
E33012856,246,67,21,46,179,128,51
E33012857,381,135,56,79,246,180,66
E33012858,435,158,64,94,277,185,92
E33012859,689,275,74,201,414,331,83
E33012860,252,98,35,63,154,117,37
E33012861,342,153,34,119,189,142,47
E33012862,824,299,68,231,525,460,65
E33012863,399,151,35,116,248,197,51
E33012864,309,161,36,125,148,125,23
E33012865,288,119,40,79,169,126,43
E33012866,573,287,113,174,286,223,63
E33012867,293,116,26,90,177,96,81
E33012868,585,161,35,126,424,384,40
E33012869,257,111,23,88,146,119,27
E33012870,247,103,26,77,144,104,40
E33012871,249,114,40,74,135,91,44
E33012872,812,228,71,157,584,491,93
E33012873,351,135,40,95,216,162,54
E33012874,467,236,72,164,231,187,44
E33012875,378,192,64,128,186,143,43
E33012876,414,149,67,82,265,170,95
E33012877,373,134,48,86,239,148,91
E33012878,270,98,45,53,172,98,74
E33012879,330,141,46,95,189,152,37
E33012880,355,143,63,80,212,141,71
E33012881,373,104,44,60,269,193,76
E33012882,369,114,49,65,255,161,94
E33012883,264,74,28,46,190,122,68
E33012884,273,97,29,68,176,114,62
E33012885,535,133,51,82,402,287,115
E33012886,296,104,54,50,192,95,97
E33012887,313,108,53,55,205,145,60
E33012888,581,166,70,96,415,329,86
E33012889,1161,219,62,157,942,849,93
E33012890,608,106,41,65,502,362,140
E33012891,289,103,44,59,186,129,57
E33012892,729,113,46,67,616,445,171
E33012893,288,101,32,69,187,142,45
E33012894,405,129,37,92,276,178,98
E33012895,410,138,57,81,272,185,87
E33012896,243,73,34,39,170,111,59
E33012897,334,106,47,59,228,139,89
E33012898,225,56,28,28,169,123,46
E33012899,326,116,34,82,210,164,46
E33012900,310,123,36,87,187,154,33
E33012901,564,233,90,143,331,249,82
E33012902,251,93,44,49,158,91,67
E33012903,258,82,24,58,176,111,65
E33012904,483,208,69,139,275,219,56
E33012905,248,87,40,47,161,98,63
E33012906,290,118,35,83,172,141,31
E33012907,454,180,47,133,274,205,69
E33012908,281,105,37,68,176,126,50
E33012909,265,95,34,61,170,135,35
E33012910,523,265,88,177,258,198,60
E33012911,255,119,54,65,136,101,35
E33012912,287,102,43,59,185,142,43
E33012913,370,159,41,118,211,160,51
E33012914,355,93,37,56,262,174,88
E33012915,234,111,47,64,123,91,32
E33012916,293,73,39,34,220,149,71
E33012917,1697,198,61,137,1499,1189,310
E33012918,351,102,51,51,249,164,85
E33012919,324,122,63,59,202,134,68
E33012920,306,134,54,80,172,115,57
E33012921,441,153,47,106,288,233,55
E33012922,284,80,27,53,204,157,47
E33012923,298,103,32,71,195,149,46
E33012924,275,108,25,83,167,126,41
E33012925,297,121,54,67,176,126,50
E33012926,329,116,48,68,213,147,66
E33012927,412,89,23,66,323,234,89
E33012928,368,170,57,113,198,138,60
E33012929,535,254,86,168,281,214,67
E33012930,514,89,31,58,425,342,83
E33012931,389,158,59,99,231,167,64
E33012932,318,137,66,71,181,132,49
E33012933,403,155,47,108,248,187,61
E33012934,469,154,60,94,315,252,63
E33012935,497,220,76,144,277,236,41
E33012936,302,101,25,76,201,174,27
E33012937,575,238,92,146,337,277,60
E33012938,665,310,61,249,355,316,39
E33012939,326,158,49,109,168,141,27
E33012940,221,73,35,38,148,84,64
E33012941,237,62,17,45,175,112,63
E33012942,253,103,34,69,150,116,34
E33012943,307,91,40,51,216,137,79
E33012944,461,122,53,69,339,235,104
E33012945,284,77,39,38,207,127,80
E33012946,361,81,17,64,280,213,67
E33012947,299,68,26,42,231,135,96
E33012948,436,118,47,71,318,234,84
E33012949,398,85,31,54,313,247,66
E33012950,459,80,25,55,379,293,86
E33012951,319,127,52,75,192,158,34
E33012952,235,103,33,70,132,113,19
E33012953,319,105,28,77,214,178,36
E33012954,419,227,99,128,192,158,34
E33012955,348,134,47,87,214,169,45
E33012956,425,198,59,139,227,174,53
E33012957,274,122,39,83,152,113,39
E33012958,247,110,45,65,137,100,37
E33012959,333,44,13,31,289,233,56
E33012960,347,157,86,71,190,142,48
E33012961,535,228,89,139,307,240,67
E33012962,797,164,54,110,633,562,71
E33012963,511,219,76,143,292,246,46
E33012964,359,163,73,90,196,168,28
E33012965,720,150,59,91,570,441,129
E33012966,321,129,64,65,192,134,58
E33012967,256,57,24,33,199,138,61
E33012968,384,174,68,106,210,161,49
E33012969,271,92,43,49,179,142,37
E33012970,294,123,46,77,171,111,60
E33012971,640,239,64,175,401,349,52
E33012972,462,172,72,100,290,231,59
E33012973,325,161,76,85,164,138,26
E33012974,278,59,20,39,219,170,49
E33012975,294,94,30,64,200,172,28
E33012976,297,101,31,70,196,144,52
E33012977,963,194,64,130,769,685,84
E33012978,397,128,38,90,269,218,51
E33012979,269,102,42,60,167,104,63
E33012980,428,218,100,118,210,164,46
E33012981,317,93,42,51,224,145,79
E33012982,339,115,58,57,224,159,65
E33012983,264,123,48,75,141,111,30
E33012984,1162,340,89,251,822,748,74
E33012985,320,145,58,87,175,140,35
E33012986,364,196,72,124,168,132,36
E33012987,658,340,127,213,318,261,57
E33012988,395,212,88,124,183,150,33
E33012989,221,75,28,47,146,112,34
E33012990,850,121,41,80,729,608,121
E33012991,336,81,27,54,255,187,68
E33012992,309,89,37,52,220,125,95
E33012993,265,93,37,56,172,122,50
E33012994,431,137,50,87,294,227,67
E33012995,393,194,59,135,199,134,65
E33012996,238,97,35,62,141,116,25
E33012997,432,139,43,96,293,269,24
E33012998,329,121,46,75,208,162,46
E33012999,301,154,67,87,147,113,34
E33013000,314,134,37,97,180,151,29
E33013001,443,123,59,64,320,279,41
E33013002,282,109,42,67,173,136,37
E33013003,470,157,55,102,313,227,86
E33013004,276,129,68,61,147,127,20
E33013005,468,202,76,126,266,182,84
E33013006,315,152,34,118,163,138,25
E33013007,1098,129,36,93,969,679,290
E33013008,644,258,96,162,386,304,82
E33013009,586,244,61,183,342,286,56
E33013010,548,206,88,118,342,268,74
E33013011,274,52,22,30,222,156,66
E33013012,617,259,82,177,358,306,52
E33013013,543,138,46,92,405,321,84
E33013014,449,152,66,86,297,214,83
E33013015,398,133,57,76,265,198,67
E33013016,301,83,34,49,218,148,70
E33013017,795,319,140,179,476,339,137
E33013018,301,77,31,46,224,185,39
E33013019,486,195,85,110,291,232,59
E33013020,524,157,44,113,367,291,76
E33013021,248,118,42,76,130,100,30
E33013022,1973,169,64,105,1804,1701,103
E33013023,483,220,82,138,263,215,48
E33013024,618,158,70,88,460,359,101
E33013025,391,167,57,110,224,170,54
E33013026,321,101,40,61,220,163,57
E33013027,322,85,32,53,237,177,60
E33013028,241,57,24,33,184,157,27
E33013029,527,272,63,209,255,231,24
E33013030,371,153,53,100,218,173,45
E33013031,322,169,46,123,153,125,28
E33013032,287,126,41,85,161,124,37
E33013033,231,75,30,45,156,122,34
E33013034,419,192,54,138,227,181,46
E33013035,320,141,53,88,179,128,51
E33013036,329,137,59,78,192,138,54
E33013037,264,131,58,73,133,95,38
E33013038,470,218,96,122,252,180,72
E33013039,299,122,57,65,177,138,39
E33013040,315,106,30,76,209,182,27
E33013041,268,106,40,66,162,130,32
E33013042,434,175,43,132,259,221,38
E33013043,306,91,31,60,215,175,40
E33013044,529,190,47,143,339,267,72
E33013045,408,113,38,75,295,210,85
E33013046,598,162,69,93,436,352,84
E33013047,452,165,64,101,287,202,85
E33013048,312,94,34,60,218,136,82
E33013049,899,157,53,104,742,631,111
E33013050,223,58,18,40,165,116,49
E33013051,456,165,57,108,291,206,85
E33013052,364,156,59,97,208,163,45
E33013053,638,286,87,199,352,279,73
E33013054,261,93,35,58,168,108,60
E33013055,358,179,35,144,179,143,36
E33013056,495,184,71,113,311,228,83
E33013057,436,137,48,89,299,257,42
E33013058,271,137,40,97,134,115,19
E33013059,553,87,31,56,466,410,56
E33013060,347,145,28,117,202,164,38
E33013061,763,375,110,265,388,340,48
E33013062,480,84,15,69,396,302,94
E33013063,255,117,55,62,138,98,40
E33013064,245,29,10,19,216,122,94
E33013065,1306,196,73,123,1110,883,227
E33013066,326,147,32,115,179,156,23
E33013067,341,159,49,110,182,129,53
E33013068,263,110,34,76,153,120,33
E33013069,859,294,71,223,565,439,126
E33013070,242,80,25,55,162,136,26
E33013071,223,63,18,45,160,105,55
E33013072,293,135,62,73,158,125,33
E33013073,285,100,28,72,185,130,55
E33013074,259,81,22,59,178,128,50
E33013075,640,94,32,62,546,366,180
E33013076,362,121,38,83,241,173,68
E33013077,264,96,28,68,168,115,53
E33013078,351,171,46,125,180,134,46
E33013079,330,142,35,107,188,150,38
E33013080,357,160,53,107,197,170,27
E33013081,455,154,42,112,301,244,57
E33013082,401,82,21,61,319,241,78
E33013083,451,203,42,161,248,195,53
E33013084,602,146,39,107,456,378,78
E33013085,291,111,34,77,180,149,31
E33013086,262,96,32,64,166,130,36
E33013087,543,154,60,94,389,314,75
E33013088,318,138,42,96,180,136,44
E33013089,424,177,40,137,247,192,55
E33013090,315,141,48,93,174,129,45
E33013091,564,216,51,165,348,282,66
E33013092,388,152,38,114,236,182,54
E33013093,370,192,51,141,178,129,49
E33013094,521,190,56,134,331,258,73
E33013095,532,194,62,132,338,246,92
E33013096,837,412,200,212,425,346,79
E33013097,330,104,37,67,226,171,55
E33013098,334,121,50,71,213,160,53
E33013099,281,118,46,72,163,117,46
E33013100,264,122,40,82,142,110,32
E33013101,596,240,45,195,356,300,56
E33013102,339,153,61,92,186,145,41
E33013103,286,102,28,74,184,162,22
E33013104,454,173,44,129,281,230,51
E33013105,328,135,47,88,193,178,15
E33013106,489,165,31,134,324,264,60
E33013107,326,151,36,115,175,141,34
E33013108,304,137,31,106,167,142,25
E33013109,409,186,66,120,223,182,41
E33013110,489,196,62,134,293,243,50
E33013111,510,257,88,169,253,193,60
E33013112,445,172,46,126,273,207,66
E33013113,448,153,40,113,295,274,21
E33013114,392,140,44,96,252,189,63
E33013115,442,154,38,116,288,227,61
E33013116,688,248,84,164,440,301,139
E33013117,555,194,36,158,361,304,57
E33013118,722,261,82,179,461,335,126
E33013119,245,104,31,73,141,119,22
E33013120,379,147,32,115,232,173,59
E33013121,324,144,55,89,180,143,37
E33013122,436,169,48,121,267,235,32
E33013123,332,133,34,99,199,170,29
E33013124,606,231,82,149,375,290,85
E33013125,349,146,56,90,203,162,41
E33013126,553,238,80,158,315,240,75
E33013127,2990,1084,242,842,1906,1744,162
E33013128,261,124,36,88,137,117,20
E33013129,610,282,76,206,328,295,33
E33013130,281,101,22,79,180,155,25
E33013131,537,286,130,156,251,222,29
E33013132,701,399,109,290,302,242,60
E33013133,358,154,50,104,204,151,53
E33013134,356,184,81,103,172,125,47
E33013135,550,227,92,135,323,250,73
E33013136,310,138,39,99,172,126,46
E33013137,265,118,22,96,147,128,19
E33013138,269,122,30,92,147,120,27
E33013139,375,163,40,123,212,170,42
E33013140,317,123,29,94,194,140,54
E33013141,500,215,78,137,285,222,63
E33013142,769,343,105,238,426,329,97
E33013143,325,93,34,59,232,170,62
E33013144,590,249,73,176,341,269,72
E33013145,431,187,70,117,244,198,46
E33013146,288,94,32,62,194,157,37
E33013147,377,144,56,88,233,164,69
E33013148,367,192,57,135,175,130,45
E33013149,261,108,23,85,153,121,32
E33013150,315,94,38,56,221,140,81
E33013151,275,131,45,86,144,121,23
E33013152,769,308,104,204,461,340,121
E33013153,428,215,72,143,213,152,61
E33013154,485,238,78,160,247,187,60
E33013155,380,154,64,90,226,171,55
E33013156,456,247,73,174,209,171,38
E33013157,347,108,38,70,239,180,59
E33013158,402,125,47,78,277,231,46
E33013159,235,37,9,28,198,158,40
E33013160,379,206,47,159,173,129,44
E33013161,599,209,47,162,390,330,60
E33013162,423,85,43,42,338,208,130
E33013163,308,121,44,77,187,144,43
E33013164,519,150,64,86,369,217,152
E33013165,445,72,22,50,373,322,51
E33013166,417,198,47,151,219,166,53
E33013167,454,159,59,100,295,199,96
E33013168,561,141,54,87,420,298,122
E33013169,350,90,27,63,260,213,47
E33013170,275,68,19,49,207,163,44
E33013171,793,81,29,52,712,550,162
E33013172,313,91,37,54,222,171,51
E33013173,258,105,39,66,153,103,50
E33013174,460,68,26,42,392,240,152
E33013175,448,62,13,49,386,251,135
E33013176,1130,620,248,372,510,424,86
E33013177,541,200,75,125,341,255,86
E33013178,392,206,94,112,186,161,25
E33013179,359,46,17,29,313,204,109
E33013180,404,208,63,145,196,157,39
E33013181,357,135,38,97,222,164,58
E33013182,770,287,112,175,483,379,104
E33013183,282,88,27,61,194,133,61
E33013184,423,122,44,78,301,234,67
E33013185,353,131,47,84,222,141,81
E33013186,582,123,30,93,459,392,67
E33013187,604,178,50,128,426,378,48
E33013188,353,127,43,84,226,185,41
E33013189,292,119,18,101,173,146,27
E33013190,695,204,49,155,491,372,119
E33013191,437,207,48,159,230,198,32
E33013192,835,449,120,329,386,329,57
E33013193,305,113,37,76,192,150,42
E33013194,293,90,23,67,203,188,15
E33013195,297,175,58,117,122,91,31
E33013196,321,120,54,66,201,158,43
E33013197,277,85,23,62,192,165,27
E33013198,277,135,59,76,142,112,30
E33013199,2684,1041,177,864,1643,1502,141
E33013200,330,125,52,73,205,165,40
E33013201,353,137,45,92,216,174,42
E33013202,352,126,35,91,226,196,30
E33013203,564,280,32,248,284,270,14
E33013204,263,115,48,67,148,104,44
E33013205,763,317,74,243,446,364,82
E33013206,381,123,56,67,258,167,91
E33013207,567,178,65,113,389,319,70
E33013208,535,204,52,152,331,275,56
E33013209,293,121,33,88,172,146,26
E33013210,508,225,71,154,283,237,46
E33013211,382,150,48,102,232,181,51
E33013212,308,144,55,89,164,117,47
E33013213,365,94,28,66,271,198,73
E33013214,477,115,47,68,362,282,80
E33013215,397,196,67,129,201,174,27
E33013216,355,160,55,105,195,162,33
E33013217,356,138,51,87,218,179,39
E33013218,240,117,28,89,123,98,25
E33013219,323,87,21,66,236,204,32
E33013220,811,427,165,262,384,334,50
E33013221,396,134,37,97,262,212,50
E33013222,912,573,144,429,339,298,41
E33013223,313,115,40,75,198,160,38
E33013224,251,123,28,95,128,111,17
E33013225,594,305,96,209,289,252,37
E33013226,399,190,42,148,209,183,26
E33013227,330,159,57,102,171,133,38
E33013228,481,218,74,144,263,202,61
E33013229,290,118,36,82,172,146,26
E33013230,370,138,35,103,232,191,41
E33013231,418,70,28,42,348,265,83
E33013232,310,99,43,56,211,168,43
E33013233,378,148,43,105,230,181,49
E33013234,245,64,27,37,181,125,56
E33013235,311,120,50,70,191,144,47
E33013236,781,136,38,98,645,439,206
E33013237,429,176,61,115,253,200,53
E33013238,573,83,30,53,490,356,134
E33013239,327,183,67,116,144,109,35
E33013240,266,99,39,60,167,108,59
E33013241,267,62,23,39,205,160,45
E33013242,453,143,55,88,310,238,72
E33013243,309,124,52,72,185,139,46
E33013244,270,100,45,55,170,122,48
E33013245,567,185,63,122,382,287,95
E33013246,300,51,16,35,249,200,49
E33013247,345,85,29,56,260,156,104
E33013248,267,97,37,60,170,118,52
E33013249,443,162,57,105,281,210,71
E33013250,227,68,35,33,159,132,27
E33013251,374,93,40,53,281,201,80
E33013252,425,163,62,101,262,183,79
E33013253,269,90,39,51,179,132,47
E33013254,254,73,29,44,181,129,52
E33013255,335,100,36,64,235,153,82
E33013256,657,141,58,83,516,373,143
E33013257,316,107,36,71,209,162,47
E33013258,402,159,53,106,243,178,65
E33013259,276,119,44,75,157,123,34
E33013260,270,113,48,65,157,130,27
E33013261,548,264,78,186,284,238,46
E33013262,333,131,61,70,202,160,42
E33013263,378,174,54,120,204,171,33
E33013264,410,141,74,67,269,190,79
E33013265,384,174,71,103,210,165,45
E33013266,243,103,30,73,140,118,22
E33013267,330,127,46,81,203,169,34
E33013268,489,238,58,180,251,196,55
E33013269,252,105,20,85,147,127,20
E33013270,488,117,36,81,371,331,40
E33013271,274,103,48,55,171,127,44
E33013272,340,101,26,75,239,186,53
E33013273,287,89,28,61,198,159,39
E33013274,598,252,99,153,346,295,51
E33013275,270,114,22,92,156,129,27
E33013276,536,122,38,84,414,361,53
E33013277,536,144,41,103,392,329,63
E33013278,463,133,37,96,330,291,39
E33013279,570,218,55,163,352,252,100
E33013280,289,94,26,68,195,149,46
E33013281,429,165,45,120,264,223,41
E33013282,418,163,39,124,255,227,28
E33013283,230,91,37,54,139,90,49
E33013284,260,90,40,50,170,130,40
E33013285,308,124,57,67,184,134,50
E33013286,310,123,43,80,187,138,49
E33013287,269,102,43,59,167,130,37
E33013288,451,108,28,80,343,307,36
E33013289,417,186,60,126,231,172,59
E33013290,3943,1324,239,1085,2619,2386,233
E33013291,287,100,25,75,187,150,37
E33013292,301,130,39,91,171,133,38
E33013293,329,140,34,106,189,151,38
E33013294,257,118,52,66,139,109,30
E33013295,372,102,36,66,270,218,52
E33013296,443,161,51,110,282,241,41
E33013297,865,270,77,193,595,527,68
E33013298,246,101,50,51,145,118,27
E33013299,1942,393,114,279,1549,1305,244
E33013300,298,122,63,59,176,138,38
E33013301,269,72,27,45,197,126,71
E33013302,257,91,40,51,166,137,29
E33013303,692,207,61,146,485,393,92
E33013304,398,61,29,32,337,298,39
E33013305,478,205,68,137,273,219,54
E33013306,386,157,57,100,229,183,46
E33013307,406,116,30,86,290,228,62
E33013308,232,53,15,38,179,158,21
E33013309,618,318,155,163,300,247,53
E33013310,617,284,71,213,333,310,23
E33013311,263,114,43,71,149,107,42
E33013312,369,133,44,89,236,213,23
E33013313,250,97,20,77,153,118,35
E33013314,377,151,73,78,226,186,40
E33013315,469,63,15,48,406,343,63
E33013316,408,152,53,99,256,209,47
E33013317,335,125,51,74,210,155,55
E33013318,534,153,52,101,381,333,48
E33013319,1122,440,180,260,682,582,100
E33013320,281,120,39,81,161,124,37
E33013321,339,127,40,87,212,183,29
E33013322,440,190,103,87,250,187,63
E33013323,329,139,45,94,190,152,38
E33013324,349,175,62,113,174,138,36
E33013325,314,135,62,73,179,141,38
E33013326,259,139,50,89,120,104,16
E33013327,308,148,61,87,160,131,29
E33013328,1277,287,89,198,990,885,105
E33013329,370,155,37,118,215,183,32
E33013330,431,172,44,128,259,212,47
E33013331,441,211,52,159,230,201,29
E33013332,654,349,99,250,305,255,50
E33013333,323,116,48,68,207,171,36
E33013334,457,149,46,103,308,240,68
E33013335,520,135,47,88,385,318,67
E33013336,335,137,43,94,198,133,65
E33013337,294,126,59,67,168,130,38
E33013338,446,117,44,73,329,291,38
E33013339,233,90,37,53,143,120,23
E33013340,741,337,84,253,404,338,66
E33013341,559,213,64,149,346,265,81
E33013342,488,235,89,146,253,204,49
E33013343,519,198,72,126,321,251,70
E33013344,247,102,43,59,145,117,28
E33013345,309,141,53,88,168,134,34
E33013346,609,106,32,74,503,455,48
E33013347,283,126,63,63,157,119,38
E33013348,206,52,20,32,154,101,53
E33013349,436,163,71,92,273,196,77
E33013350,433,167,62,105,266,206,60
E33013351,475,150,51,99,325,252,73
E33013352,351,132,50,82,219,184,35
E33013353,213,57,12,45,156,139,17
E33013354,273,125,43,82,148,118,30
E33013355,276,121,46,75,155,118,37
E33013356,257,85,19,66,172,127,45
E33013357,337,96,41,55,241,183,58
E33013358,289,129,51,78,160,120,40
E33013359,404,142,46,96,262,203,59
E33013360,517,113,54,59,404,331,73
E33013361,444,181,81,100,263,209,54
E33013362,281,106,58,48,175,135,40
E33013363,242,54,23,31,188,118,70
E33013364,364,161,56,105,203,167,36
E33013365,265,121,45,76,144,110,34
E33013366,285,153,60,93,132,99,33
E33013367,559,210,80,130,349,263,86
E33013368,497,174,65,109,323,232,91
E33013369,315,109,44,65,206,150,56
E33013370,250,87,32,55,163,109,54
E33013371,317,100,40,60,217,159,58
E33013372,352,112,51,61,240,126,114
E33013373,270,94,44,50,176,102,74
E33013374,318,79,23,56,239,117,122
E33013375,583,173,63,110,410,343,67
E33013376,393,121,51,70,272,201,71
E33013377,240,79,47,32,161,97,64
E33013378,294,150,59,91,144,108,36
E33013379,248,90,33,57,158,121,37
E33013380,236,63,34,29,173,100,73
E33013381,316,105,32,73,211,137,74
E33013382,445,151,53,98,294,198,96
E33013383,1077,264,68,196,813,712,101
E33013384,277,75,34,41,202,94,108
E33013385,641,247,88,159,394,225,169
E33013386,530,173,75,98,357,222,135
E33013387,572,242,78,164,330,240,90
E33013388,219,73,34,39,146,70,76
E33013389,589,231,69,162,358,287,71
E33013390,216,48,19,29,168,64,104
E33013391,419,86,29,57,333,232,101
E33013392,387,154,57,97,233,172,61
E33013393,359,107,56,51,252,165,87
E33013394,266,83,32,51,183,114,69
E33013395,469,178,64,114,291,211,80
E33013396,318,105,51,54,213,104,109
E33013397,588,212,54,158,376,334,42
E33013398,290,89,31,58,201,159,42
E33013399,367,129,40,89,238,206,32
E33013400,313,89,42,47,224,170,54
E33013401,426,182,59,123,244,197,47
E33013402,1647,251,91,160,1396,1134,262
E33013403,505,152,54,98,353,277,76
E33013404,278,119,24,95,159,132,27
E33013405,565,120,46,74,445,370,75
E33013406,543,252,76,176,291,258,33
E33013407,281,101,31,70,180,142,38
E33013408,355,112,37,75,243,153,90
E33013409,802,177,56,121,625,537,88
E33013410,333,124,40,84,209,148,61
E33013411,445,125,43,82,320,230,90
E33013412,668,237,80,157,431,318,113
E33013413,893,154,61,93,739,581,158
E33013414,358,139,44,95,219,175,44
E33013415,290,111,41,70,179,118,61
E33013416,390,71,33,38,319,244,75
E33013417,560,175,62,113,385,301,84
E33013418,859,138,60,78,721,578,143
E33013419,320,137,49,88,183,143,40
E33013420,346,189,68,121,157,118,39
E33013421,790,201,74,127,589,477,112
E33013422,696,306,126,180,390,315,75
E33013423,257,93,45,48,164,95,69
E33013424,363,97,37,60,266,191,75
E33013425,255,92,41,51,163,93,70
E33013426,259,98,41,57,161,127,34
E33013427,321,123,68,55,198,116,82
E33013428,603,211,81,130,392,295,97
E33013429,266,121,63,58,145,91,54
E33013430,549,182,88,94,367,187,180
E33013431,438,121,58,63,317,165,152
E33013432,267,80,38,42,187,100,87
E33013433,212,60,27,33,152,107,45
E33013434,365,117,54,63,248,169,79
E33013435,282,97,21,76,185,143,42
E33013436,345,118,31,87,227,197,30
E33013437,326,120,32,88,206,146,60
E33013438,513,173,42,131,340,298,42
E33013439,330,83,22,61,247,186,61
E33013440,423,109,31,78,314,269,45
E33013441,1731,596,107,489,1135,1015,120
E33013442,215,54,27,27,161,86,75
E33013443,327,129,43,86,198,140,58
E33013444,286,96,47,49,190,102,88
E33013445,417,170,62,108,247,168,79
E33013446,285,146,47,99,139,109,30
E33013447,368,86,34,52,282,176,106
E33013448,322,123,35,88,199,152,47
E33013449,327,93,41,52,234,140,94
E33013450,406,118,41,77,288,178,110
E33013451,288,91,47,44,197,116,81
E33013452,2423,185,89,96,2238,1811,427
E33013453,640,155,63,92,485,301,184
E33013454,312,96,49,47,216,120,96
E33013455,287,92,39,53,195,123,72
E33013456,330,87,33,54,243,147,96
E33013457,242,70,28,42,172,108,64
E33013458,258,130,32,98,128,107,21
E33013459,965,390,134,256,575,498,77
E33013460,484,107,37,70,377,309,68
E33013461,264,77,30,47,187,106,81
E33013462,272,67,25,42,205,140,65
E33013463,338,95,33,62,243,160,83
E33013464,348,96,34,62,252,160,92
E33013465,378,124,36,88,254,158,96
E33013466,275,62,20,42,213,143,70
E33013467,628,71,30,41,557,297,260
E33013468,316,101,36,65,215,119,96
E33013469,330,123,53,70,207,146,61
E33013470,946,164,53,111,782,627,155
E33013471,570,144,66,78,426,319,107
E33013472,382,136,42,94,246,171,75
E33013473,338,149,70,79,189,118,71
E33013474,575,118,42,76,457,325,132
E33013475,258,72,34,38,186,98,88
E33013476,619,153,53,100,466,325,141
E33013477,553,202,52,150,351,282,69
E33013478,383,159,59,100,224,173,51
E33013479,405,127,49,78,278,200,78
E33013480,232,67,25,42,165,113,52
E33013481,260,83,36,47,177,106,71
E33013482,403,90,30,60,313,216,97
E33013483,275,92,42,50,183,122,61
E33013484,1001,84,30,54,917,774,143
E33013485,360,120,48,72,240,143,97
E33013486,308,71,31,40,237,127,110
E33013487,478,142,59,83,336,241,95
E33013488,253,57,28,29,196,123,73
E33013489,267,81,33,48,186,96,90
E33013490,428,133,63,70,295,179,116
E33013491,323,111,54,57,212,155,57
E33013492,447,138,48,90,309,232,77
E33013493,254,103,32,71,151,100,51
E33013494,1182,120,52,68,1062,693,369
E33013495,251,80,20,60,171,141,30
E33013496,256,80,33,47,176,139,37
E33013497,438,197,70,127,241,157,84
E33013498,570,107,46,61,463,311,152
E33013499,823,120,51,69,703,485,218
E33013500,420,118,33,85,302,181,121
E33013501,699,140,51,89,559,420,139
E33013502,453,155,64,91,298,194,104
E33013503,302,104,50,54,198,109,89
E33013504,706,250,64,186,456,397,59
E33013505,1147,139,41,98,1008,751,257
E33013506,451,112,37,75,339,251,88
E33013507,324,110,42,68,214,174,40
E33013508,289,80,26,54,209,171,38
E33013509,263,110,39,71,153,116,37
E33013510,523,243,74,169,280,225,55
E33013511,326,119,57,62,207,123,84
E33013512,295,86,34,52,209,161,48
E33013513,280,58,24,34,222,146,76
E33013514,316,85,37,48,231,144,87
E33013515,243,56,20,36,187,111,76
E33013516,630,262,79,183,368,272,96
E33013517,475,185,80,105,290,231,59
E33013518,209,68,31,37,141,66,75
E33013519,372,120,55,65,252,136,116
E33013520,463,173,68,105,290,202,88
E33013521,365,131,51,80,234,131,103
E33013522,341,133,63,70,208,141,67
E33013523,427,142,40,102,285,197,88
E33013524,251,56,29,27,195,154,41
E33013525,377,91,29,62,286,221,65
E33013526,368,140,56,84,228,166,62
E33013527,465,146,51,95,319,227,92
E33013528,299,72,31,41,227,178,49
E33013529,254,50,24,26,204,136,68
E33013530,321,107,46,61,214,104,110
E33013531,445,157,43,114,288,212,76
E33013532,424,131,49,82,293,217,76
E33013533,376,123,43,80,253,173,80
E33013534,401,122,52,70,279,209,70
E33013535,350,143,42,101,207,172,35
E33013536,285,80,17,63,205,161,44
E33013537,239,101,28,73,138,114,24
E33013538,470,221,69,152,249,198,51
E33013539,310,123,47,76,187,144,43
E33013540,405,127,57,70,278,214,64
E33013541,365,152,48,104,213,174,39
E33013542,457,146,47,99,311,244,67
E33013543,375,143,51,92,232,186,46
E33013544,260,87,30,57,173,131,42
E33013545,365,122,44,78,243,184,59
E33013546,416,125,36,89,291,242,49
E33013547,299,78,27,51,221,162,59
E33013548,346,112,33,79,234,199,35
E33013549,323,132,50,82,191,128,63
E33013550,408,125,62,63,283,211,72
E33013551,560,146,55,91,414,305,109
E33013552,336,125,39,86,211,157,54
E33013553,321,103,31,72,218,185,33
E33013554,377,119,38,81,258,216,42
E33013555,254,84,22,62,170,146,24
E33013556,467,183,61,122,284,242,42
E33013557,576,112,27,85,464,346,118
E33013558,276,67,25,42,209,165,44
E33013559,447,192,62,130,255,203,52
E33013560,711,259,63,196,452,389,63
E33013561,454,173,47,126,281,230,51
E33013562,526,106,21,85,420,333,87
E33013563,373,92,37,55,281,203,78
E33013564,358,125,47,78,233,189,44
E33013565,423,138,48,90,285,229,56
E33013566,382,137,42,95,245,199,46
E33013567,489,167,67,100,322,245,77
E33013568,595,272,112,160,323,275,48
E33013569,478,101,32,69,377,342,35
E33013570,231,73,25,48,158,132,26
E33013571,453,108,34,74,345,241,104
E33013572,276,120,32,88,156,123,33
E33013573,219,82,33,49,137,93,44
E33013574,224,62,30,32,162,99,63
E33013575,447,81,26,55,366,321,45
E33013576,387,108,44,64,279,169,110
E33013577,259,80,38,42,179,128,51
E33013578,341,97,36,61,244,168,76
E33013579,264,69,31,38,195,128,67
E33013580,307,100,38,62,207,164,43
E33013581,362,89,38,51,273,228,45
E33013582,272,91,25,66,181,132,49
E33013583,349,133,46,87,216,158,58
E33013584,764,276,103,173,488,420,68
E33013585,341,127,38,89,214,175,39
E33013586,1216,305,114,191,911,805,106
E33013587,374,99,28,71,275,217,58
E33013588,3199,438,129,309,2761,2393,368
E33013589,276,74,28,46,202,101,101
E33013590,603,201,94,107,402,309,93
E33013591,254,63,25,38,191,136,55
E33013592,248,73,25,48,175,116,59
E33013593,393,130,45,85,263,185,78
E33013594,300,102,49,53,198,113,85
E33013595,250,112,16,96,138,104,34
E33013596,205,106,41,65,99,84,15
E33013597,310,135,51,84,175,131,44
E33013598,243,97,32,65,146,110,36
E33013599,345,58,29,29,287,249,38
E33013600,322,150,59,91,172,138,34
E33013601,631,198,55,143,433,373,60
E33013602,287,125,42,83,162,131,31
E33013603,566,224,86,138,342,277,65
E33013604,296,64,29,35,232,206,26
E33013605,259,98,38,60,161,124,37
E33013606,1149,379,147,232,770,556,214
E33013607,409,114,33,81,295,198,97
E33013608,321,132,38,94,189,143,46
E33013609,412,168,75,93,244,183,61
E33013610,326,130,60,70,196,115,81
E33013611,336,117,54,63,219,146,73
E33013612,233,96,39,57,137,95,42
E33013613,363,67,26,41,296,213,83
E33013614,378,99,42,57,279,166,113
E33013615,389,150,64,86,239,180,59
E33013616,338,112,59,53,226,129,97
E33013617,343,112,35,77,231,155,76
E33013618,239,68,26,42,171,127,44
E33013619,301,87,30,57,214,136,78
E33013620,362,97,42,55,265,159,106
E33013621,233,78,37,41,155,94,61
E33013622,390,139,62,77,251,187,64
E33013623,299,108,34,74,191,148,43
E33013624,344,96,22,74,248,181,67
E33013625,422,167,52,115,255,180,75
E33013626,219,93,24,69,126,101,25
E33013627,666,94,43,51,572,436,136
E33013628,342,127,38,89,215,161,54
E33013629,1139,102,42,60,1037,595,442
E33013630,340,107,30,77,233,152,81
E33013631,345,91,34,57,254,197,57
E33013632,308,109,30,79,199,128,71
E33013633,293,111,44,67,182,120,62
E33013634,1668,114,35,79,1554,862,692
E33013635,454,122,30,92,332,271,61
E33013636,447,65,15,50,382,254,128
E33013637,847,128,34,94,719,487,232
E33013638,2177,196,60,136,1981,838,1143
E33013639,451,154,48,106,297,211,86
E33013640,1051,161,32,129,890,449,441
E33013641,326,105,46,59,221,113,108
E33013642,655,111,54,57,544,334,210
E33013643,360,133,49,84,227,117,110
E33013644,630,195,69,126,435,325,110
E33013645,221,55,28,27,166,77,89
E33013646,252,83,36,47,169,95,74
E33013647,455,151,49,102,304,163,141
E33013648,284,66,25,41,218,138,80
E33013649,360,103,50,53,257,127,130
E33013650,313,82,35,47,231,165,66
E33013651,408,137,37,100,271,216,55
E33013652,319,109,38,71,210,140,70
E33013653,394,127,45,82,267,180,87
E33013654,279,90,39,51,189,87,102
E33013655,317,61,33,28,256,139,117
E33013656,291,92,47,45,199,113,86
E33013657,269,79,21,58,190,106,84
E33013658,252,91,30,61,161,103,58
E33013659,597,118,44,74,479,375,104
E33013660,457,108,41,67,349,278,71
E33013661,397,176,59,117,221,177,44
E33013662,227,68,30,38,159,71,88
E33013663,234,79,35,44,155,116,39
E33013664,287,84,32,52,203,105,98
E33013665,396,106,44,62,290,217,73
E33013666,473,226,75,151,247,210,37
E33013667,343,169,71,98,174,120,54
E33013668,315,147,41,106,168,133,35
E33013669,325,106,52,54,219,133,86
E33013670,691,346,119,227,345,284,61
E33013671,383,127,56,71,256,184,72
E33013672,609,101,33,68,508,386,122
E33013673,471,79,30,49,392,330,62
E33013674,501,96,39,57,405,348,57
E33013675,263,102,40,62,161,135,26
E33013676,613,247,102,145,366,252,114
E33013677,435,142,38,104,293,229,64
E33013678,332,96,42,54,236,131,105
E33013679,431,96,34,62,335,201,134
E33013680,257,90,39,51,167,93,74
E33013681,224,71,20,51,153,81,72
E33013682,292,106,42,64,186,110,76
E33013683,310,129,47,82,181,120,61
E33013684,254,84,37,47,170,103,67
E33013685,265,102,32,70,163,140,23
E33013686,249,70,26,44,179,113,66
E33013687,338,67,26,41,271,179,92
E33013688,289,86,34,52,203,108,95
E33013689,284,81,33,48,203,113,90
E33013690,585,69,24,45,516,409,107
E33013691,394,133,44,89,261,180,81
E33013692,738,165,70,95,573,461,112
E33013693,321,118,43,75,203,147,56
E33013694,229,65,28,37,164,92,72
E33013695,255,65,30,35,190,132,58
E33013696,233,87,30,57,146,95,51
E33013697,329,72,33,39,257,175,82
E33013698,300,115,44,71,185,119,66
E33013699,528,119,45,74,409,301,108
E33013700,366,122,55,67,244,166,78
E33013701,234,83,45,38,151,100,51
E33013702,554,119,44,75,435,322,113
E33013703,220,80,44,36,140,98,42
E33013704,294,100,20,80,194,160,34
E33013705,456,210,64,146,246,188,58
E33013706,321,159,53,106,162,120,42
E33013707,312,144,46,98,168,127,41
E33013708,442,189,45,144,253,224,29
E33013709,264,74,22,52,190,129,61
E33013710,616,298,102,196,318,259,59
E33013711,389,138,50,88,251,153,98
E33013712,449,182,69,113,267,183,84
E33013713,238,109,36,73,129,83,46
E33013714,236,85,37,48,151,95,56
E33013715,299,100,47,53,199,112,87
E33013716,343,98,31,67,245,118,127
E33013717,316,119,55,64,197,116,81
E33013718,565,277,102,175,288,213,75
E33013719,413,162,75,87,251,184,67
E33013720,551,204,56,148,347,268,79
E33013721,624,271,87,184,353,300,53
E33013722,285,119,49,70,166,114,52
E33013723,366,124,51,73,242,149,93
E33013724,394,181,63,118,213,149,64
E33013725,340,116,45,71,224,167,57
E33013726,277,82,32,50,195,126,69
E33013727,446,140,58,82,306,208,98
E33013728,280,146,53,93,134,86,48
E33013729,601,142,54,88,459,373,86
E33013730,385,138,53,85,247,185,62
E33013731,320,152,33,119,168,144,24
E33013732,258,128,42,86,130,110,20
E33013733,480,197,45,152,283,262,21
E33013734,495,187,57,130,308,260,48
E33013735,274,105,41,64,169,104,65
E33013736,435,175,48,127,260,197,63
E33013737,462,215,83,132,247,172,75
E33013738,267,87,20,67,180,120,60
E33013739,289,114,39,75,175,130,45
E33013740,265,108,32,76,157,115,42
E33013741,249,69,22,47,180,147,33
E33013742,263,85,24,61,178,143,35
E33013743,377,89,23,66,288,261,27
E33013744,325,151,33,118,174,136,38
E33013745,280,118,36,82,162,123,39
E33013746,295,142,42,100,153,111,42
E33013747,486,189,37,152,297,245,52
E33013748,379,128,21,107,251,213,38
E33013749,250,86,25,61,164,126,38
E33013750,521,231,45,186,290,242,48
E33013751,384,175,55,120,209,154,55
E33013752,597,240,61,179,357,312,45
E33013753,253,107,30,77,146,121,25
E33013754,2097,713,143,570,1384,1255,129
E33013755,283,103,24,79,180,148,32
E33013756,245,117,34,83,128,108,20
E33013757,408,165,40,125,243,204,39
E33013758,411,111,24,87,300,261,39
E33013759,349,149,51,98,200,150,50
E33013760,349,134,43,91,215,187,28
E33013761,352,159,64,95,193,151,42
E33013762,392,194,54,140,198,149,49
E33013763,296,128,38,90,168,131,37
E33013764,311,150,49,101,161,133,28
E33013765,416,102,31,71,314,253,61
E33013766,253,98,21,77,155,115,40
E33013767,298,128,27,101,170,133,37
E33013768,241,98,38,60,143,99,44
E33013769,323,140,47,93,183,125,58
E33013770,254,84,25,59,170,122,48
E33013771,532,235,100,135,297,233,64
E33013772,299,151,29,122,148,119,29
E33013773,313,121,38,83,192,151,41
E33013774,418,167,58,109,251,190,61
E33013775,357,123,50,73,234,169,65
E33013776,257,104,37,67,153,108,45
E33013777,238,63,22,41,175,157,18
E33013778,503,179,66,113,324,220,104
E33013779,255,73,26,47,182,122,60
E33013780,472,183,49,134,289,234,55
E33013781,421,214,55,159,207,160,47
E33013782,327,119,42,77,208,161,47
E33013783,309,86,31,55,223,135,88
E33013784,240,84,26,58,156,116,40
E33013785,302,110,36,74,192,142,50
E33013786,623,146,59,87,477,352,125
E33013787,445,186,54,132,259,189,70
E33013788,611,269,99,170,342,260,82
E33013789,491,184,63,121,307,236,71
E33013790,300,84,26,58,216,170,46
E33013791,330,112,41,71,218,163,55
E33013792,278,102,46,56,176,106,70
E33013793,455,151,62,89,304,201,103
E33013794,348,126,54,72,222,166,56
E33013795,315,106,43,63,209,160,49
E33013796,267,72,28,44,195,155,40
E33013797,422,137,52,85,285,209,76
E33013798,426,105,57,48,321,195,126
E33013799,239,59,33,26,180,126,54
E33013800,438,178,62,116,260,179,81
E33013801,284,51,19,32,233,161,72
E33013802,350,168,57,111,182,134,48
E33013803,247,69,27,42,178,129,49
E33013804,494,129,33,96,365,277,88
E33013805,488,173,54,119,315,235,80
E33013806,314,98,42,56,216,149,67
E33013807,256,114,43,71,142,95,47
E33013808,341,134,39,95,207,160,47
E33013809,278,116,36,80,162,128,34
E33013810,325,117,38,79,208,153,55
E33013811,463,181,71,110,282,204,78
E33013812,446,214,57,157,232,183,49
E33013813,885,430,117,313,455,380,75
E33013814,291,92,26,66,199,144,55
E33013815,591,117,29,88,474,396,78
E33013816,431,208,67,141,223,185,38
E33013817,290,39,13,26,251,210,41
E33013818,1067,130,46,84,937,823,114
E33013819,337,66,26,40,271,196,75
E33013820,503,198,55,143,305,243,62
E33013821,551,238,54,184,313,254,59
E33013822,342,120,51,69,222,154,68
E33013823,573,181,69,112,392,292,100
E33013824,392,188,64,124,204,143,61
E33013825,329,99,43,56,230,172,58
E33013826,583,77,29,48,506,427,79
E33013827,267,89,25,64,178,117,61
E33013828,332,70,33,37,262,180,82
E33013829,341,77,27,50,264,195,69
E33013830,457,168,51,117,289,210,79
E33013831,624,193,72,121,431,302,129
E33013832,261,77,25,52,184,123,61
E33013833,295,80,35,45,215,165,50
E33013834,271,102,31,71,169,129,40
E33013835,415,191,67,124,224,177,47
E33013836,380,135,46,89,245,179,66
E33013837,261,44,14,30,217,151,66
E33013838,246,95,29,66,151,99,52
E33013839,267,93,33,60,174,112,62
E33013840,555,99,34,65,456,303,153
E33013841,800,56,26,30,744,510,234
E33013842,611,59,14,45,552,466,86
E33013843,438,105,30,75,333,253,80
E33013844,638,120,41,79,518,452,66
E33013845,424,126,39,87,298,226,72
E33013846,553,208,61,147,345,257,88
E33013847,394,139,49,90,255,193,62
E33013848,266,103,32,71,163,137,26
E33013849,700,390,110,280,310,294,16
E33013850,642,158,28,130,484,416,68
E33013851,496,180,60,120,316,248,68
E33013852,273,114,49,65,159,124,35
E33013853,314,120,37,83,194,146,48
E33013854,285,113,42,71,172,131,41
E33013855,1305,487,144,343,818,674,144
E33013856,510,115,37,78,395,356,39
E33013857,249,72,23,49,177,172,5
E33013858,266,71,22,49,195,178,17
E33013859,686,250,74,176,436,378,58
E33013860,1668,414,52,362,1254,1203,51
E33013861,624,134,42,92,490,423,67
E33013862,645,212,99,113,433,398,35
E33013863,1818,435,84,351,1383,1269,114
E33013864,905,95,26,69,810,748,62
E33013865,386,147,70,77,239,210,29
E33013866,317,168,68,100,149,127,22
E33013867,776,359,123,236,417,378,39
E33013868,330,129,66,63,201,173,28
E33013869,240,96,37,59,144,128,16
E33013870,675,304,116,188,371,341,30
E33013871,344,161,69,92,183,151,32
E33013872,323,112,33,79,211,173,38
E33013873,417,131,42,89,286,224,62
E33013874,323,140,67,73,183,149,34
E33013875,503,278,150,128,225,196,29
E33013876,580,201,80,121,379,296,83
E33013877,284,132,67,65,152,120,32
E33013878,261,109,57,52,152,123,29
E33013879,272,124,46,78,148,121,27
E33013880,282,128,56,72,154,115,39
E33013881,363,139,54,85,224,187,37
E33013882,722,209,57,152,513,441,72
E33013883,828,303,100,203,525,470,55
E33013884,251,93,33,60,158,117,41
E33013885,636,239,89,150,397,357,40
E33013886,266,145,77,68,121,101,20
E33013887,299,97,45,52,202,175,27
E33013888,286,99,31,68,187,155,32
E33013889,418,97,31,66,321,247,74
E33013890,1418,201,58,143,1217,1151,66
E33013891,307,101,28,73,206,176,30
E33013892,681,257,121,136,424,347,77
E33013893,327,75,26,49,252,229,23
E33013894,418,123,32,91,295,232,63
E33013895,456,197,68,129,259,216,43
E33013896,440,81,24,57,359,269,90
E33013897,572,213,68,145,359,279,80
E33013898,271,76,19,57,195,181,14
E33013899,404,196,55,141,208,167,41
E33013900,360,131,38,93,229,164,65
E33013901,343,115,26,89,228,183,45
E33013902,737,73,32,41,664,583,81
E33013903,256,82,25,57,174,146,28
E33013904,596,201,44,157,395,358,37
E33013905,539,120,52,68,419,338,81
E33013906,357,123,39,84,234,189,45
E33013907,283,134,47,87,149,117,32
E33013908,236,65,29,36,171,142,29
E33013909,266,81,26,55,185,138,47
E33013910,374,95,32,63,279,220,59
E33013911,482,205,64,141,277,232,45
E33013912,498,86,25,61,412,351,61
E33013913,477,119,51,68,358,301,57
E33013914,489,91,24,67,398,344,54
E33013915,866,89,18,71,777,696,81
E33013916,473,158,37,121,315,280,35
E33013917,687,147,47,100,540,477,63
E33013918,598,93,18,75,505,389,116
E33013919,630,100,30,70,530,421,109
E33013920,244,93,18,75,151,132,19
E33013921,483,44,15,29,439,356,83
E33013922,500,255,66,189,245,221,24
E33013923,1085,81,29,52,1004,890,114
E33013924,372,52,11,41,320,270,50
E33013925,293,130,27,103,163,131,32
E33013926,379,126,56,70,253,146,107
E33013927,229,38,14,24,191,126,65
E33013928,594,223,110,113,371,284,87
E33013929,400,170,71,99,230,166,64
E33013930,461,202,59,143,259,203,56
E33013931,194,107,33,74,87,66,21
E33013932,468,192,67,125,276,223,53
E33013933,529,182,58,124,347,282,65
E33013934,280,94,23,71,186,161,25
E33013935,1209,393,148,245,816,681,135
E33013936,526,61,15,46,465,401,64
E33013937,761,122,31,91,639,512,127
E33013938,720,124,39,85,596,532,64
E33013939,774,104,19,85,670,584,86
E33013940,277,44,8,36,233,215,18
E33013941,758,135,25,110,623,537,86
E33013942,518,139,49,90,379,343,36
E33013943,1885,164,47,117,1721,1516,205
E33013944,767,135,22,113,632,556,76
E33013945,332,70,19,51,262,206,56
E33013946,566,93,27,66,473,407,66
E33013947,899,212,69,143,687,612,75
E33013948,633,62,15,47,571,441,130
E33013949,2705,165,56,109,2540,2178,362
E33013950,228,87,25,62,141,118,23
E33013951,403,116,21,95,287,263,24
E33013952,244,102,36,66,142,128,14
E33013953,305,166,59,107,139,127,12
E33013954,628,152,44,108,476,428,48
E33013955,202,119,49,70,83,71,12
E33013956,355,181,55,126,174,162,12
E33013957,327,146,56,90,181,158,23
E33013958,122,30,5,25,92,80,12
E33013959,315,152,52,100,163,145,18
E33013960,453,111,22,89,342,315,27
E33013961,624,125,21,104,499,431,68
E33013962,518,283,117,166,235,199,36
E33013963,569,154,28,126,415,390,25
E33013964,2346,1377,633,744,969,909,60
E33013965,272,152,61,91,120,109,11
E33013966,723,385,159,226,338,331,7
E33013967,243,72,15,57,171,155,16
E33013968,340,162,43,119,178,152,26
E33013969,1867,238,44,194,1629,1458,171
E33013970,329,125,44,81,204,174,30
E33013971,1579,298,50,248,1281,1164,117
E33013972,642,271,116,155,371,308,63
E33013973,211,77,18,59,134,117,17
E33013974,386,115,40,75,271,234,37
E33013975,331,57,9,48,274,228,46
E33013976,402,31,9,22,371,331,40
E33013977,524,110,32,78,414,348,66
E33013978,510,84,16,68,426,371,55
E33013979,1483,436,100,336,1047,937,110
E33013980,356,120,53,67,236,190,46
E33013981,284,37,16,21,247,189,58
E33013982,265,85,25,60,180,143,37
E33013983,360,47,12,35,313,251,62
E33013984,322,162,43,119,160,137,23
E33013985,305,43,5,38,262,218,44
E33013986,203,27,7,20,176,151,25
E33013987,419,79,20,59,340,282,58
E33013988,373,90,32,58,283,216,67
E33013989,751,97,27,70,654,532,122
E33013990,1236,233,87,146,1003,808,195
E33013991,724,117,31,86,607,517,90
E33013992,910,297,80,217,613,564,49
E33013993,1024,319,77,242,705,662,43
E33013994,7450,2577,425,2152,4873,4422,451
E33013995,604,205,47,158,399,351,48
E33013996,296,61,15,46,235,204,31
E33013997,1964,102,43,59,1862,1760,102
E33013998,155,64,19,45,91,83,8
E33013999,512,43,13,30,469,429,40
E33014000,337,24,8,16,313,268,45
E33014001,925,67,25,42,858,754,104
E33014002,3253,403,92,311,2850,2492,358
E33014003,580,92,27,65,488,462,26
E33014004,430,163,34,129,267,242,25
E33014005,471,158,57,101,313,253,60
E33014006,401,214,118,96,187,159,28
E33014007,1040,473,221,252,567,499,68
E33014008,872,355,72,283,517,491,26
E33014009,257,66,22,44,191,164,27
E33014010,256,102,23,79,154,140,14
E33014011,254,46,7,39,208,188,20
E33014012,374,95,31,64,279,257,22
E33014013,358,172,75,97,186,176,10
E33014014,599,165,30,135,434,413,21
E33014015,540,210,75,135,330,282,48
E33014016,233,98,16,82,135,115,20
E33014017,356,81,39,42,275,250,25
E33014018,253,156,19,137,97,83,14
E33014019,363,186,24,162,177,169,8
E33014020,395,203,34,169,192,162,30
E33014021,693,158,33,125,535,494,41
E33014022,3415,1106,191,915,2309,2106,203
E33014023,402,72,17,55,330,248,82
E33014024,244,50,15,35,194,150,44
E33014025,378,87,31,56,291,238,53
E33014026,358,80,21,59,278,235,43
E33014027,364,87,23,64,277,260,17
E33014028,923,445,238,207,478,431,47
E33014029,619,133,50,83,486,427,59
E33014030,1518,271,66,205,1247,1083,164
E33014031,204,21,4,17,183,161,22
E33014032,1259,151,53,98,1108,932,176
E33014033,466,50,13,37,416,352,64
E33014034,261,30,11,19,231,212,19
E33014035,605,33,10,23,572,526,46
E33014036,1066,131,34,97,935,837,98
E33014037,643,95,20,75,548,481,67
E33014038,350,40,11,29,310,279,31
E33014039,399,78,13,65,321,282,39
E33014040,201,30,8,22,171,151,20
E33014041,698,47,10,37,651,551,100
E33014042,528,89,18,71,439,392,47
E33014043,319,38,13,25,281,226,55
E33014044,669,65,17,48,604,566,38
E33014045,300,33,6,27,267,229,38
E33014046,592,49,9,40,543,466,77
E33014047,1257,139,29,110,1118,926,192
E33014048,395,185,78,107,210,177,33
E33014049,202,41,8,33,161,139,22
E33014050,381,129,46,83,252,221,31
E33014051,418,99,26,73,319,274,45
E33014052,245,122,39,83,123,111,12
E33014053,921,715,234,481,206,201,5
E33014054,236,111,20,91,125,107,18
E33014055,415,202,31,171,213,183,30
E33014056,305,74,22,52,231,176,55
E33014057,447,128,44,84,319,208,111
E33014058,278,110,34,76,168,131,37
E33014059,351,158,34,124,193,165,28
E33014060,1045,360,95,265,685,618,67
E33014061,381,158,52,106,223,170,53
E33014062,284,38,13,25,246,214,32
E33014063,2046,576,219,357,1470,1275,195
E33014064,177,45,13,32,132,118,14
E33014065,697,219,63,156,478,425,53
E33014066,236,55,10,45,181,162,19
E33014067,653,124,29,95,529,474,55
E33014068,547,200,54,146,347,315,32
E33014069,934,291,69,222,643,584,59
E33014070,398,102,31,71,296,248,48
E33014071,485,162,25,137,323,300,23
E33014072,499,154,30,124,345,296,49
E33014073,214,20,5,15,194,156,38
E33014074,490,68,14,54,422,386,36
E33014075,433,136,50,86,297,253,44
E33014076,939,97,12,85,842,754,88
E33014077,697,115,17,98,582,468,114
E33014078,1553,251,67,184,1302,1124,178
E33014079,368,54,12,42,314,233,81
E33014080,697,47,11,36,650,532,118
E33014081,433,60,18,42,373,335,38
E33014082,613,289,127,162,324,285,39
E33014083,808,58,15,43,750,658,92
E33014084,1074,379,133,246,695,635,60
E33014085,282,66,25,41,216,158,58
E33014086,540,93,18,75,447,365,82
E33014087,1059,85,30,55,974,810,164
E33014088,132,15,7,8,117,100,17
E33014089,343,182,38,144,161,139,22
E33014090,376,242,62,180,134,121,13
E33014091,210,62,17,45,148,103,45
E33014092,353,163,49,114,190,164,26
E33014093,966,207,21,186,759,687,72
E33014094,274,118,28,90,156,149,7
E33014095,703,134,54,80,569,502,67
E33014096,1081,134,28,106,947,858,89
E33014097,301,36,15,21,265,232,33
E33014098,288,37,14,23,251,235,16
E33014099,276,37,14,23,239,215,24
E33014100,854,58,16,42,796,651,145
E33014101,400,40,14,26,360,313,47
E33014102,720,211,84,127,509,435,74
E33014103,452,33,10,23,419,347,72
E33014104,1897,430,116,314,1467,1283,184
E33014105,515,98,21,77,417,329,88
E33014106,564,54,16,38,510,437,73
E33014107,7240,1955,392,1563,5285,4645,640
E33014108,272,42,5,37,230,218,12
E33014109,729,268,76,192,461,408,53
E33014110,267,58,11,47,209,172,37
E33014111,304,68,22,46,236,216,20
E33014112,378,117,33,84,261,238,23
E33014113,822,163,31,132,659,576,83
E33014114,1250,586,224,362,664,654,10
E33014115,6752,2152,298,1854,4600,4201,399
E33014116,418,71,18,53,347,306,41
E33014117,398,136,38,98,262,219,43
E33014118,254,63,18,45,191,149,42
E33014119,205,71,17,54,134,122,12
E33014120,547,250,85,165,297,265,32
E33014121,237,93,18,75,144,128,16
E33014122,980,554,166,388,426,381,45
E33014123,607,257,86,171,350,298,52
E33014124,622,62,14,48,560,509,51
E33014125,499,214,84,130,285,239,46
E33014126,215,94,30,64,121,97,24
E33014127,821,465,167,298,356,312,44
E33014128,494,62,23,39,432,359,73
E33014129,174,93,16,77,81,63,18
E33014130,321,168,40,128,153,138,15
E33014131,565,264,45,219,301,272,29
E33014132,242,130,42,88,112,100,12
E33014133,213,133,54,79,80,67,13
E33014134,219,113,44,69,106,84,22
E33014135,273,104,33,71,169,153,16
E33014136,671,234,78,156,437,400,37
E33014137,324,96,36,60,228,188,40
E33014138,682,61,13,48,621,528,93
E33014139,450,39,9,30,411,338,73
E33014140,525,93,20,73,432,395,37
E33014141,1142,127,44,83,1015,853,162
E33014142,207,55,24,31,152,131,21
E33014143,833,50,23,27,783,604,179
E33014144,2035,236,58,178,1799,1649,150
E33014145,427,114,54,60,313,254,59
E33014146,1626,275,85,190,1351,1141,210
E33014147,664,262,58,204,402,378,24
E33014148,925,105,29,76,820,665,155
E33014149,835,106,35,71,729,603,126
E33014150,1606,312,102,210,1294,1025,269
E33014151,319,49,18,31,270,213,57
E33014152,1678,250,94,156,1428,1239,189
E33014153,447,93,25,68,354,293,61
E33014154,1562,141,55,86,1421,1087,334
E33014155,259,100,53,47,159,105,54
E33014156,292,85,27,58,207,174,33
E33014157,371,139,23,116,232,220,12
E33014158,270,75,20,55,195,173,22
E33014159,319,116,36,80,203,181,22
E33014160,442,170,26,144,272,243,29
E33014161,838,294,78,216,544,516,28
E33014162,314,130,39,91,184,159,25
E33014163,260,99,20,79,161,146,15
E33014164,217,80,20,60,137,126,11
E33014165,917,162,33,129,755,668,87
E33014166,672,129,27,102,543,461,82
E33014167,1498,241,60,181,1257,1023,234
E33014168,418,58,14,44,360,332,28
E33014169,364,61,15,46,303,243,60
E33014170,173,33,14,19,140,111,29
E33014171,832,293,82,211,539,465,74
E33014172,500,80,24,56,420,285,135
E33014173,456,245,80,165,211,195,16
E33014174,294,129,21,108,165,147,18
E33014175,166,50,19,31,116,90,26
E33014176,982,497,163,334,485,427,58
E33014177,201,50,16,34,151,112,39
E33014178,347,51,8,43,296,235,61
E33014179,207,68,28,40,139,112,27
E33014180,366,48,15,33,318,230,88
E33014181,649,82,20,62,567,456,111
E33014182,221,27,8,19,194,168,26
E33014183,499,110,26,84,389,278,111
E33014184,237,40,13,27,197,161,36
E33014185,389,46,13,33,343,285,58
E33014186,1146,86,26,60,1060,893,167
E33014187,346,72,15,57,274,251,23
E33014188,609,112,27,85,497,449,48
E33014189,1257,503,144,359,754,686,68
E33014190,909,146,37,109,763,690,73
E33014191,301,68,9,59,233,170,63
E33014192,908,260,57,203,648,606,42
E33014193,781,402,86,316,379,364,15
E33014194,2047,225,67,158,1822,1397,425
E33014195,599,266,111,155,333,279,54
E33014196,618,263,103,160,355,297,58
E33014197,343,59,21,38,284,225,59
E33014198,233,78,33,45,155,103,52
E33014199,223,90,32,58,133,92,41
E33014200,315,60,30,30,255,170,85
E33014201,532,134,34,100,398,360,38
E33014202,259,96,29,67,163,131,32
E33014203,609,213,60,153,396,355,41
E33014204,350,145,72,73,205,171,34
E33014205,331,142,42,100,189,163,26
E33014206,259,121,26,95,138,115,23
E33014207,269,133,47,86,136,111,25
E33014208,1065,124,36,88,941,751,190
E33014209,237,104,25,79,133,109,24
E33014210,532,198,62,136,334,289,45
E33014211,861,108,35,73,753,611,142
E33014212,1500,203,69,134,1297,1056,241
E33014213,644,287,107,180,357,304,53
E33014214,574,284,89,195,290,262,28
E33014215,327,111,48,63,216,186,30
E33014216,271,82,21,61,189,170,19
E33014217,321,126,46,80,195,181,14
E33014218,219,103,36,67,116,105,11
E33014219,408,200,57,143,208,182,26
E33014220,404,128,36,92,276,217,59
E33014221,1014,160,32,128,854,753,101
E33014222,938,93,33,60,845,777,68
E33014223,220,47,14,33,173,126,47
E33014224,947,97,31,66,850,745,105
E33014225,968,509,107,402,459,433,26
E33014226,376,166,68,98,210,180,30
E33014227,427,229,82,147,198,186,12
E33014228,234,98,39,59,136,123,13
E33014229,923,154,43,111,769,659,110
E33014230,295,140,46,94,155,137,18
E33014231,228,124,46,78,104,91,13
E33014232,232,97,21,76,135,110,25
E33014233,235,76,26,50,159,140,19
E33014234,739,436,185,251,303,280,23
E33014235,216,102,35,67,114,87,27
E33014236,414,181,54,127,233,203,30
E33014237,679,73,29,44,606,559,47
E33014238,246,51,16,35,195,151,44
E33014239,621,216,87,129,405,358,47
E33014240,272,65,17,48,207,180,27
E33014241,479,107,46,61,372,293,79
E33014242,428,179,61,118,249,219,30
E33014243,394,110,37,73,284,213,71
E33014244,435,216,80,136,219,185,34
E33014245,288,120,38,82,168,135,33
E33014246,327,127,36,91,200,182,18
E33014247,672,63,25,38,609,467,142
E33014248,336,156,58,98,180,143,37
E33014249,755,126,25,101,629,562,67
E33014250,224,49,17,32,175,138,37
E33014251,200,86,13,73,114,102,12
E33014252,222,55,17,38,167,147,20
E33014253,224,35,7,28,189,169,20
E33014254,943,85,33,52,858,594,264
E33014255,341,138,37,101,203,168,35
E33014256,314,142,54,88,172,162,10
E33014257,236,87,41,46,149,128,21
E33014258,681,118,39,79,563,485,78
E33014259,322,147,54,93,175,152,23
E33014260,814,80,15,65,734,591,143
E33014261,262,32,7,25,230,192,38
E33014262,880,200,49,151,680,612,68
E33014263,705,181,48,133,524,464,60
E33014264,795,84,21,63,711,507,204
E33014265,330,13,4,9,317,267,50
E33014266,574,172,40,132,402,340,62
E33014267,326,31,16,15,295,199,96
E33014268,933,181,53,128,752,638,114
E33014269,396,128,41,87,268,232,36
E33014270,596,85,40,45,511,353,158
E33014271,1116,87,32,55,1029,899,130
E33014272,478,88,27,61,390,310,80
E33014273,341,115,46,69,226,183,43
E33014274,684,287,82,205,397,336,61
E33014275,743,407,117,290,336,316,20
E33014276,755,220,46,174,535,485,50
E33014277,580,310,106,204,270,236,34
E33014278,776,97,36,61,679,539,140
E33014279,1148,105,33,72,1043,913,130
E33014280,577,101,25,76,476,416,60
E33014281,631,374,156,218,257,243,14
E33014282,2507,526,134,392,1981,1765,216
E33014283,626,93,17,76,533,451,82
E33014284,1051,701,302,399,350,333,17
E33014285,638,345,110,235,293,264,29
E33014286,544,63,21,42,481,417,64
E33014287,2245,326,52,274,1919,1787,132
E33014288,851,129,27,102,722,605,117
E33014289,3307,856,248,608,2451,2176,275
E33014290,492,87,17,70,405,364,41
E33014291,289,31,11,20,258,185,73
E33014292,484,176,36,140,308,286,22
E33014293,363,81,29,52,282,242,40
E33014294,2476,693,136,557,1783,1679,104
E33014295,1161,165,47,118,996,835,161
E33014296,241,68,21,47,173,135,38
E33014297,1963,414,68,346,1549,1432,117
E33014298,694,165,31,134,529,429,100
E33014299,508,107,22,85,401,328,73
E33014300,309,47,7,40,262,215,47
E33014301,209,50,8,42,159,142,17
E33014302,1076,126,28,98,950,721,229
E33014303,328,24,5,19,304,261,43
E33014304,877,123,37,86,754,635,119
E33014305,215,41,8,33,174,168,6
E33014306,831,139,43,96,692,588,104
E33014307,379,98,22,76,281,267,14
E33014308,578,236,85,151,342,286,56
E33014309,151,27,6,21,124,109,15
E33014310,407,50,8,42,357,297,60
E33014311,287,45,11,34,242,205,37
E33014312,707,128,26,102,579,490,89
E33014313,114,14,7,7,100,60,40
E33014314,1196,128,21,107,1068,960,108
E33014315,450,83,30,53,367,303,64
E33014316,234,15,5,10,219,165,54
E33014317,791,69,23,46,722,634,88
E33014318,529,95,23,72,434,337,97
E33014319,355,82,29,53,273,216,57
E33014320,515,84,17,67,431,379,52
E33014321,441,57,21,36,384,339,45
E33014322,262,14,4,10,248,208,40
E33014323,679,250,73,177,429,366,63
E33014324,551,85,34,51,466,428,38
E33014325,579,327,147,180,252,227,25
E33014326,372,200,104,96,172,150,22
E33014327,312,148,40,108,164,139,25
E33014328,701,391,179,212,310,261,49
E33014329,997,309,86,223,688,604,84
E33014330,1126,98,34,64,1028,782,246
E33014331,798,89,19,70,709,591,118
E33014332,291,34,13,21,257,200,57
E33014333,565,190,68,122,375,299,76
E33014334,961,480,189,291,481,425,56
E33014335,263,60,23,37,203,178,25
E33014336,872,197,35,162,675,603,72
E33014337,553,59,18,41,494,421,73
E33014338,1726,421,99,322,1305,1086,219
E33014339,574,211,64,147,363,277,86
E33014340,506,108,37,71,398,332,66
E33014341,382,206,102,104,176,146,30
E33014342,312,116,31,85,196,168,28
E33014343,472,54,14,40,418,336,82
E33014344,438,81,29,52,357,305,52
E33014345,306,122,34,88,184,151,33
E33014346,370,156,59,97,214,190,24
E33014347,464,112,31,81,352,309,43
E33014348,879,117,43,74,762,604,158
E33014349,357,68,15,53,289,256,33
E33014350,455,82,28,54,373,313,60
E33014351,822,454,193,261,368,319,49
E33014352,253,76,29,47,177,141,36
E33014353,356,181,65,116,175,157,18
E33014354,355,189,67,122,166,148,18
E33014355,781,234,68,166,547,475,72
E33014356,200,56,15,41,144,120,24
E33014357,336,60,25,35,276,221,55
E33014358,7377,758,187,571,6619,5679,940
E33014359,1034,221,77,144,813,694,119
E33014360,295,51,19,32,244,210,34
E33014361,741,289,68,221,452,418,34
E33014362,281,92,23,69,189,177,12
E33014363,354,130,40,90,224,177,47
E33014364,390,179,71,108,211,180,31
E33014365,460,287,110,177,173,155,18
E33014366,479,88,24,64,391,306,85
E33014367,404,128,32,96,276,238,38
E33014368,397,149,56,93,248,205,43
E33014369,1284,250,76,174,1034,931,103
E33014370,699,166,70,96,533,490,43
E33014371,263,123,42,81,140,110,30
E33014372,268,80,30,50,188,156,32
E33014373,240,118,34,84,122,101,21
E33014374,386,60,18,42,326,265,61
E33014375,1604,271,68,203,1333,1177,156
E33014376,516,111,23,88,405,358,47
E33014377,710,357,137,220,353,306,47
E33014378,290,141,45,96,149,131,18
E33014379,268,116,31,85,152,142,10
E33014380,658,86,25,61,572,502,70
E33014381,864,88,31,57,776,687,89
E33014382,442,228,89,139,214,190,24
E33014383,241,46,12,34,195,112,83
E33014384,634,88,19,69,546,451,95
E33014385,282,100,27,73,182,155,27
E33014386,236,112,49,63,124,107,17
E33014387,287,121,41,80,166,131,35
E33014388,699,97,23,74,602,518,84
E33014389,201,99,18,81,102,91,11
E33014390,217,89,29,60,128,112,16
E33014391,540,244,75,169,296,246,50
E33014392,281,36,13,23,245,200,45
E33014393,427,64,13,51,363,336,27
E33014394,829,59,17,42,770,620,150
E33014395,228,41,15,26,187,119,68
E33014396,484,133,41,92,351,322,29
E33014397,1045,118,27,91,927,802,125
E33014398,1210,215,52,163,995,850,145
E33014399,877,74,17,57,803,624,179
E33014400,324,15,4,11,309,271,38
E33014401,310,30,12,18,280,227,53
E33014402,344,36,15,21,308,264,44
E33014403,412,44,14,30,368,276,92
E33014404,259,54,17,37,205,156,49
E33014405,741,141,35,106,600,528,72
E33014406,358,148,47,101,210,154,56
E33014407,219,109,46,63,110,101,9
E33014408,609,89,28,61,520,415,105
E33014409,436,57,12,45,379,313,66
E33014410,316,167,44,123,149,141,8
E33014411,775,376,125,251,399,359,40
E33014412,599,72,28,44,527,427,100
E33014413,269,141,43,98,128,117,11
E33014414,240,52,24,28,188,163,25
E33014415,886,201,62,139,685,592,93
E33014416,456,49,13,36,407,341,66
E33014417,601,70,20,50,531,466,65
E33014418,776,58,19,39,718,618,100
E33014419,529,26,6,20,503,371,132
E33014420,380,57,8,49,323,268,55
E33014421,685,40,8,32,645,553,92
E33014422,329,25,7,18,304,224,80
E33014423,546,66,18,48,480,412,68
E33014424,569,58,25,33,511,405,106
E33014425,753,87,38,49,666,586,80
E33014426,227,63,21,42,164,133,31
E33014427,456,66,16,50,390,357,33
E33014428,809,87,31,56,722,579,143
E33014429,220,91,42,49,129,109,20
E33014430,224,76,13,63,148,123,25
E33014431,349,104,39,65,245,200,45
E33014432,208,76,30,46,132,99,33
E33014433,1060,509,211,298,551,487,64
E33014434,657,106,31,75,551,444,107
E33014435,452,202,52,150,250,209,41
E33014436,749,114,30,84,635,580,55
E33014437,672,309,97,212,363,329,34
E33014438,860,117,21,96,743,639,104
E33014439,334,42,10,32,292,260,32
E33014440,538,235,83,152,303,261,42
E33014441,969,385,88,297,584,518,66
E33014442,363,188,57,131,175,142,33
E33014443,287,44,15,29,243,172,71
E33014444,329,43,16,27,286,239,47
E33014445,2671,1017,154,863,1654,1495,159
E33014446,230,103,38,65,127,109,18
E33014447,708,437,169,268,271,241,30
E33014448,415,210,59,151,205,181,24
E33014449,453,157,48,109,296,246,50
E33014450,523,110,33,77,413,365,48
E33014451,259,79,21,58,180,138,42
E33014452,244,75,33,42,169,144,25
E33014453,372,43,16,27,329,254,75
E33014454,892,124,26,98,768,628,140
E33014455,233,35,8,27,198,148,50
E33014456,228,37,12,25,191,175,16
E33014457,274,70,22,48,204,127,77
E33014458,370,144,45,99,226,206,20
E33014459,385,185,60,125,200,174,26
E33014460,217,96,29,67,121,109,12
E33014461,435,220,62,158,215,185,30
E33014462,258,47,11,36,211,169,42
E33014463,850,290,65,225,560,507,53
E33014464,420,94,9,85,326,294,32
E33014465,731,169,44,125,562,521,41
E33014466,579,277,105,172,302,246,56
E33014467,1291,253,61,192,1038,892,146
E33014468,933,153,37,116,780,629,151
E33014469,459,118,30,88,341,289,52
E33014470,267,39,9,30,228,178,50
E33014471,289,16,3,13,273,199,74
E33014472,255,102,37,65,153,125,28
E33014473,358,233,70,163,125,117,8
E33014474,267,149,51,98,118,98,20
E33014475,305,165,55,110,140,116,24
E33014476,373,212,76,136,161,138,23
E33014477,236,100,38,62,136,118,18
E33014478,231,72,14,58,159,152,7
E33014479,296,119,29,90,177,160,17
E33014480,301,172,61,111,129,106,23
E33014481,310,114,48,66,196,124,72
E33014482,415,187,44,143,228,186,42
E33014483,283,100,27,73,183,159,24
E33014484,337,90,24,66,247,215,32
E33014485,907,244,79,165,663,568,95
E33014486,567,95,35,60,472,392,80
E33014487,423,115,38,77,308,233,75
E33014488,822,371,99,272,451,374,77
E33014489,1378,371,101,270,1007,914,93
E33014490,248,126,64,62,122,95,27
E33014491,222,65,17,48,157,133,24
E33014492,414,232,111,121,182,164,18
E33014493,271,173,82,91,98,87,11
E33014494,299,161,67,94,138,116,22
E33014495,551,183,43,140,368,335,33
E33014496,698,164,39,125,534,501,33
E33014497,502,204,64,140,298,251,47
E33014498,353,102,36,66,251,229,22
E33014499,766,151,29,122,615,594,21
E33014500,445,91,30,61,354,271,83
E33014501,537,246,91,155,291,237,54
E33014502,736,166,49,117,570,448,122
E33014503,818,171,46,125,647,523,124
E33014504,624,64,21,43,560,513,47
E33014505,416,76,21,55,340,299,41
E33014506,838,441,106,335,397,360,37
E33014507,339,133,52,81,206,190,16
E33014508,344,68,25,43,276,219,57
E33014509,855,244,76,168,611,570,41
E33014510,1634,126,29,97,1508,1351,157
E33014511,329,177,84,93,152,139,13
E33014512,212,139,72,67,73,69,4
E33014513,895,151,25,126,744,651,93
E33014514,357,199,54,145,158,133,25
E33014515,498,77,22,55,421,378,43
E33014516,240,79,17,62,161,132,29
E33014517,767,280,72,208,487,440,47
E33014518,524,133,32,101,391,335,56
E33014519,201,66,21,45,135,86,49
E33014520,413,84,24,60,329,302,27
E33014521,424,90,27,63,334,269,65
E33014522,218,45,20,25,173,100,73
E33014523,2500,281,94,187,2219,1877,342
E33014524,1615,99,30,69,1516,1332,184
E33014525,782,88,23,65,694,587,107
E33014526,749,127,30,97,622,447,175
E33014527,247,51,17,34,196,151,45
E33014528,523,70,19,51,453,357,96
E33014529,859,147,32,115,712,608,104
E33014530,628,108,24,84,520,395,125
E33014531,426,84,19,65,342,299,43
E33014532,349,156,55,101,193,144,49
E33014533,906,535,163,372,371,308,63
E33014534,224,70,18,52,154,141,13
E33014535,393,129,52,77,264,234,30
E33014536,351,177,54,123,174,150,24
E33014537,264,111,44,67,153,133,20
E33014538,246,144,45,99,102,91,11
E33014539,491,122,24,98,369,320,49
E33014540,419,69,12,57,350,239,111
E33014541,479,142,34,108,337,302,35
E33014542,363,133,26,107,230,212,18
E33014543,805,176,65,111,629,521,108
E33014544,584,188,74,114,396,294,102
E33014545,265,55,17,38,210,142,68
E33014546,348,126,56,70,222,180,42
E33014547,674,296,99,197,378,305,73
E33014548,1081,128,26,102,953,687,266
E33014549,361,146,33,113,215,189,26
E33014550,443,41,10,31,402,335,67
E33014551,656,44,10,34,612,511,101
E33014552,207,38,13,25,169,119,50
E33014553,1386,225,64,161,1161,767,394
E33014554,513,72,27,45,441,352,89
E33014555,254,86,25,61,168,149,19
E33014556,374,145,50,95,229,188,41
E33014557,244,127,40,87,117,90,27
E33014558,300,134,38,96,166,145,21
E33014559,263,105,35,70,158,127,31
E33014560,220,88,17,71,132,117,15
E33014561,387,92,21,71,295,273,22
E33014562,227,84,36,48,143,118,25
E33014563,232,98,43,55,134,105,29
E33014564,249,70,29,41,179,130,49
E33014565,390,57,14,43,333,254,79
E33014566,858,118,47,71,740,647,93
E33014567,338,52,20,32,286,246,40
E33014568,547,53,10,43,494,420,74
E33014569,356,53,18,35,303,170,133
E33014570,271,78,35,43,193,138,55
E33014571,287,44,11,33,243,198,45
E33014572,1285,220,53,167,1065,936,129
E33014573,947,308,101,207,639,562,77
E33014574,1193,317,83,234,876,763,113
E33014575,1120,215,68,147,905,793,112
E33014576,284,126,53,73,158,122,36
E33014577,797,405,137,268,392,353,39
E33014578,284,79,21,58,205,190,15
E33014579,398,135,24,111,263,239,24
E33014580,128,42,8,34,86,70,16
E33014581,320,140,45,95,180,159,21
E33014582,874,306,68,238,568,522,46
E33014583,212,39,9,30,173,147,26
E33014584,698,381,91,290,317,278,39
E33014585,249,143,47,96,106,88,18
E33014586,237,83,27,56,154,128,26
E33014587,259,62,12,50,197,168,29
E33014588,322,47,21,26,275,225,50
E33014589,518,45,15,30,473,404,69
E33014590,299,53,18,35,246,205,41
E33014591,398,59,12,47,339,285,54
E33014592,1147,365,116,249,782,668,114
E33014593,639,255,93,162,384,327,57
E33014594,219,97,23,74,122,114,8
E33014595,352,105,36,69,247,149,98
E33014596,299,125,59,66,174,142,32
E33014597,479,259,99,160,220,195,25
E33014598,245,81,19,62,164,131,33
E33014599,248,106,48,58,142,119,23
E33014600,218,98,31,67,120,103,17
E33014601,244,118,48,70,126,104,22
E33014602,347,107,31,76,240,179,61
E33014603,361,204,82,122,157,139,18
E33014604,339,142,58,84,197,163,34
E33014605,757,273,96,177,484,418,66
E33014606,278,56,21,35,222,186,36
E33014607,303,156,42,114,147,136,11
E33014608,1369,574,119,455,795,703,92
E33014609,498,47,17,30,451,302,149
E33014610,346,62,25,37,284,252,32
E33014611,416,225,64,161,191,173,18
E33014612,690,85,18,67,605,519,86
E33014613,345,161,48,113,184,148,36
E33014614,201,100,28,72,101,84,17
E33014615,197,69,23,46,128,98,30
E33014616,220,115,38,77,105,96,9
E33014617,207,82,27,55,125,104,21
E33014618,279,124,33,91,155,134,21
E33014619,1105,546,193,353,559,515,44
E33014620,684,200,78,122,484,432,52
E33014621,314,96,29,67,218,204,14
E33014622,637,389,155,234,248,223,25
E33014623,312,138,36,102,174,146,28
E33014624,330,122,39,83,208,194,14
E33014625,488,156,40,116,332,302,30
E33014626,337,186,56,130,151,128,23
E33014627,347,44,17,27,303,154,149
E33014628,367,74,11,63,293,218,75
E33014629,302,64,6,58,238,213,25
E33014630,295,96,28,68,199,176,23
E33014631,593,75,17,58,518,445,73
E33014632,480,33,11,22,447,382,65
E33014633,563,63,13,50,500,426,74
E33014634,628,48,21,27,580,438,142
E33014635,465,49,7,42,416,359,57
E33014636,787,66,18,48,721,638,83
E33014637,449,32,12,20,417,356,61
E33014638,292,37,9,28,255,223,32
E33014639,479,45,13,32,434,399,35
E33014640,384,53,9,44,331,298,33
E33014641,1366,698,219,479,668,621,47
E33014642,367,66,22,44,301,275,26
E33014643,657,233,67,166,424,364,60
E33014644,270,121,40,81,149,121,28
E33014645,201,99,23,76,102,87,15
E33014646,499,270,117,153,229,208,21
E33014647,266,119,36,83,147,121,26
E33014648,673,207,70,137,466,419,47
E33014649,1456,99,31,68,1357,1099,258
E33014650,364,71,31,40,293,226,67
E33014651,300,79,34,45,221,166,55
E33014652,999,89,24,65,910,647,263
E33014653,473,73,31,42,400,336,64
E33014654,1313,129,30,99,1184,988,196
E33014655,717,84,30,54,633,516,117
E33014656,586,52,15,37,534,370,164
E33014657,126,38,12,26,88,79,9
E33014658,244,37,9,28,207,142,65
E33014659,307,39,15,24,268,209,59
E33014660,947,294,93,201,653,484,169
E33014661,471,229,108,121,242,182,60
E33014662,241,48,12,36,193,153,40
E33014663,383,190,68,122,193,151,42
E33014664,352,103,47,56,249,211,38
E33014665,555,269,67,202,286,249,37
E33014666,1176,179,44,135,997,804,193
E33014667,428,193,54,139,235,203,32
E33014668,339,166,62,104,173,130,43
E33014669,1047,65,19,46,982,863,119
E33014670,904,155,20,135,749,657,92
E33014671,229,88,42,46,141,93,48
E33014672,200,50,15,35,150,122,28
E33014673,223,75,24,51,148,126,22
E33014674,223,64,17,47,159,130,29
E33014675,302,97,29,68,205,187,18
E33014676,282,65,12,53,217,190,27
E33014677,699,298,114,184,401,349,52
E33014678,460,161,51,110,299,240,59
E33014679,1233,366,86,280,867,770,97
E33014680,283,96,22,74,187,174,13
E33014681,3489,1256,186,1070,2233,2019,214
E33014682,293,20,5,15,273,235,38
E33014683,1403,187,53,134,1216,1021,195
E33014684,263,77,20,57,186,165,21
E33014685,313,39,7,32,274,245,29
E33014686,1230,140,38,102,1090,883,207
E33014687,220,71,34,37,149,121,28
E33014688,700,366,155,211,334,303,31
E33014689,553,49,12,37,504,320,184
E33014690,578,171,39,132,407,372,35
E33014691,260,81,19,62,179,132,47
E33014692,320,34,8,26,286,216,70
E33014693,240,55,27,28,185,147,38
E33014694,361,28,11,17,333,267,66
E33014695,637,259,153,106,378,297,81
E33014696,452,99,23,76,353,312,41
E33014697,967,202,39,163,765,680,85
E33014698,231,42,21,21,189,138,51
E33014699,257,41,21,20,216,179,37
E33014700,690,112,39,73,578,469,109
E33014701,1243,605,230,375,638,566,72
E33014702,309,127,46,81,182,147,35
E33014703,406,82,20,62,324,268,56
E33014704,785,129,19,110,656,607,49
E33014705,778,97,25,72,681,578,103
E33014706,483,45,11,34,438,297,141
E33014707,1257,124,36,88,1133,973,160
E33014708,787,112,25,87,675,595,80
E33014709,527,73,25,48,454,355,99
E33014710,856,94,25,69,762,686,76
E33014711,679,115,36,79,564,477,87
E33014712,435,53,10,43,382,336,46
E33014713,3968,584,128,456,3384,3038,346
E33014714,1045,108,21,87,937,786,151
E33014715,509,64,13,51,445,372,73
E33014716,450,64,23,41,386,290,96
E33014717,756,109,33,76,647,555,92
E33014718,1133,174,23,151,959,875,84
E33014719,450,106,26,80,344,290,54
E33014720,568,98,23,75,470,369,101
E33014721,2489,521,80,441,1968,1872,96
E33014722,475,106,22,84,369,320,49
E33014723,537,62,18,44,475,359,116
E33014724,1405,267,59,208,1138,1030,108
E33014725,302,64,22,42,238,208,30
E33014726,285,37,7,30,248,219,29
E33014727,422,109,33,76,313,264,49
E33014728,264,107,30,77,157,126,31
E33014729,518,125,30,95,393,379,14
E33014730,368,116,28,88,252,243,9
E33014731,873,281,56,225,592,525,67
E33014732,285,65,20,45,220,201,19
E33014733,968,524,203,321,444,418,26
E33014734,202,81,35,46,121,103,18
E33014735,345,99,23,76,246,205,41
E33014736,324,137,57,80,187,168,19
E33014737,682,116,40,76,566,491,75
E33014738,568,63,12,51,505,366,139
E33014739,420,54,10,44,366,319,47
E33014740,804,96,16,80,708,610,98
E33014741,1154,69,10,59,1085,904,181
E33014742,482,113,46,67,369,324,45
E33014743,351,80,26,54,271,223,48
E33014744,398,49,18,31,349,262,87
E33014745,421,51,12,39,370,290,80
E33014746,387,28,9,19,359,327,32
E33014747,654,90,28,62,564,497,67
E33014748,1665,177,50,127,1488,1246,242
E33014749,944,221,26,195,723,599,124
E33014750,1776,417,89,328,1359,1249,110
E33014751,1477,216,56,160,1261,1071,190
E33014752,577,57,18,39,520,331,189
E33014753,384,100,37,63,284,249,35
E33014754,501,41,11,30,460,351,109
E33014755,817,77,28,49,740,658,82
E33014756,831,72,26,46,759,607,152
E33014757,630,126,62,64,504,365,139
E33014758,451,97,35,62,354,313,41
E33014759,355,130,60,70,225,188,37
E33014760,684,271,54,217,413,336,77
E33014761,366,151,39,112,215,190,25
E33014762,532,110,48,62,422,371,51
E33014763,291,67,25,42,224,185,39
E33014764,405,69,25,44,336,300,36
E33014765,559,118,28,90,441,386,55
E33014766,345,28,14,14,317,275,42
E33014767,852,69,25,44,783,680,103
E33014768,270,23,6,17,247,197,50
E33014769,219,23,5,18,196,160,36
E33014770,294,38,12,26,256,188,68
E33014771,666,95,32,63,571,439,132
E33014772,361,36,13,23,325,244,81
E33014773,349,43,15,28,306,254,52
E33014774,1431,126,30,96,1305,1117,188
E33014775,492,52,5,47,440,383,57
E33014776,728,61,14,47,667,554,113
E33014777,1616,148,45,103,1468,1134,334
E33014778,393,42,6,36,351,326,25
E33014779,244,41,12,29,203,154,49
E33014780,313,34,4,30,279,198,81
E33014781,448,73,14,59,375,318,57
E33014782,280,43,11,32,237,187,50
E33014783,515,152,52,100,363,318,45
E33014784,474,160,45,115,314,245,69
E33014785,244,73,21,52,171,142,29
E33014786,565,278,78,200,287,256,31
E33014787,297,77,20,57,220,188,32
E33014788,329,83,19,64,246,216,30
E33014789,664,394,138,256,270,247,23
E33014790,231,90,45,45,141,122,19
E33014791,208,87,34,53,121,109,12
E33014792,299,137,54,83,162,133,29
E33014793,207,83,37,46,124,107,17
E33014794,333,152,62,90,181,153,28
E33014795,813,273,61,212,540,483,57
E33014796,1281,81,25,56,1200,1104,96
E33014797,506,66,19,47,440,331,109
E33014798,272,55,17,38,217,168,49
E33014799,308,53,20,33,255,228,27
E33014800,703,112,28,84,591,406,185
E33014801,897,53,14,39,844,792,52
E33014802,321,43,7,36,278,131,147
E33014803,299,93,25,68,206,173,33
E33014804,464,198,48,150,266,246,20
E33014805,423,97,13,84,326,318,8
E33014806,318,76,25,51,242,212,30
E33014807,296,125,40,85,171,153,18
E33014808,638,315,91,224,323,293,30
E33014809,720,109,28,81,611,579,32
E33014810,502,203,74,129,299,256,43
E33014811,245,131,56,75,114,88,26
E33014812,3115,998,144,854,2117,1893,224
E33014813,1298,121,32,89,1177,998,179
E33014814,219,18,9,9,201,160,41
E33014815,2266,209,57,152,2057,1669,388
E33014816,4978,600,117,483,4378,3900,478
E33014817,217,37,8,29,180,159,21
E33014818,1380,153,33,120,1227,1087,140
E33014819,509,63,18,45,446,388,58
E33014820,489,80,17,63,409,238,171
E33014821,666,59,20,39,607,479,128
E33014822,258,106,23,83,152,136,16
E33014823,578,324,127,197,254,223,31
E33014824,251,104,37,67,147,120,27
E33014825,545,88,27,61,457,336,121
E33014826,212,52,14,38,160,143,17
E33014827,232,95,33,62,137,107,30
E33014828,230,96,38,58,134,110,24
E33014829,278,130,32,98,148,126,22
E33014830,580,30,12,18,550,491,59
E33014831,615,105,28,77,510,370,140
E33014832,593,69,22,47,524,396,128
E33014833,247,78,24,54,169,138,31
E33014834,1348,618,89,529,730,681,49
E33014835,592,259,75,184,333,308,25
E33014836,343,152,43,109,191,167,24
E33014837,332,160,45,115,172,158,14
E33014838,333,98,29,69,235,200,35
E33014839,729,435,147,288,294,264,30
E33014840,239,95,20,75,144,116,28
E33014841,215,97,26,71,118,110,8
E33014842,309,92,16,76,217,191,26
E33014843,326,126,30,96,200,185,15
E33014844,262,115,30,85,147,127,20
E33014845,836,306,75,231,530,496,34
E33014846,391,72,19,53,319,247,72
E33014847,722,292,148,144,430,376,54
E33014848,259,89,35,54,170,153,17
E33014849,1080,218,35,183,862,766,96
E33014850,1098,139,35,104,959,831,128
E33014851,400,169,81,88,231,184,47
E33014852,430,217,53,164,213,193,20
E33014853,248,87,33,54,161,128,33
E33014854,571,71,6,65,500,422,78
E33014855,544,254,81,173,290,247,43
E33014856,1382,704,331,373,678,612,66
E33014857,719,133,31,102,586,512,74
E33014858,951,263,86,177,688,586,102
E33014859,1166,636,227,409,530,462,68
E33014860,155,33,9,24,122,97,25
E33014861,484,81,26,55,403,347,56
E33014862,508,229,70,159,279,251,28
E33014863,431,157,21,136,274,251,23
E33014864,421,130,48,82,291,235,56
E33014865,832,271,76,195,561,522,39
E33014866,623,62,17,45,561,492,69
E33014867,396,38,10,28,358,298,60
E33014868,301,67,18,49,234,158,76
E33014869,1825,227,47,180,1598,1438,160
E33014870,432,169,63,106,263,185,78
E33014871,1139,159,45,114,980,776,204
E33014872,2341,474,105,369,1867,1577,290
E33014873,536,316,94,222,220,195,25
E33014874,280,116,37,79,164,152,12
E33014875,881,280,107,173,601,524,77
E33014876,239,121,24,97,118,98,20
E33014877,292,93,48,45,199,141,58
E33014878,312,132,38,94,180,163,17
E33014879,128,52,21,31,76,59,17
E33014880,336,114,19,95,222,193,29
E33014881,236,56,20,36,180,141,39
E33014882,488,41,14,27,447,374,73
E33014883,344,51,20,31,293,236,57
E33014884,644,85,17,68,559,438,121
E33014885,405,127,24,103,278,252,26
E33014886,245,110,39,71,135,122,13
E33014887,362,132,33,99,230,209,21
E33014888,332,108,22,86,224,217,7
E33014889,238,98,36,62,140,118,22
E33014890,268,106,32,74,162,144,18
E33014891,212,45,9,36,167,148,19
E33014892,614,244,90,154,370,314,56
E33014893,204,69,19,50,135,123,12
E33014894,838,243,83,160,595,531,64
E33014895,687,264,70,194,423,381,42
E33014896,323,56,12,44,267,213,54
E33014897,399,44,13,31,355,321,34
E33014898,1139,153,36,117,986,887,99
E33014899,774,99,28,71,675,541,134
E33014900,286,28,9,19,258,226,32
E33014901,942,220,57,163,722,579,143
E33014902,244,44,10,34,200,162,38
E33014903,519,287,78,209,232,208,24
E33014904,420,179,52,127,241,217,24
E33014905,316,145,60,85,171,146,25
E33014906,296,99,23,76,197,171,26
E33014907,225,78,19,59,147,128,19
E33014908,473,248,74,174,225,205,20
E33014909,277,129,42,87,148,133,15
E33014910,297,102,25,77,195,174,21
E33014911,894,570,230,340,324,304,20
E33014912,453,216,53,163,237,210,27
E33014913,384,225,90,135,159,143,16
E33014914,320,177,74,103,143,119,24
E33014915,357,139,38,101,218,201,17
E33014916,1283,678,291,387,605,552,53
E33014917,684,106,43,63,578,475,103
E33014918,294,53,19,34,241,179,62
E33014919,3815,455,85,370,3360,2987,373
E33014920,655,40,13,27,615,505,110
E33014921,445,65,12,53,380,317,63
E33014922,291,77,30,47,214,180,34
E33014923,685,270,70,200,415,375,40
E33014924,815,226,90,136,589,496,93
E33014925,517,268,85,183,249,222,27
E33014926,249,130,47,83,119,96,23
E33014927,280,157,54,103,123,107,16
E33014928,273,67,15,52,206,181,25
E33014929,202,85,29,56,117,95,22
E33014930,366,162,52,110,204,170,34
E33014931,278,133,50,83,145,132,13
E33014932,236,98,35,63,138,114,24
E33014933,558,173,36,137,385,337,48
E33014934,228,82,35,47,146,120,26
E33014935,425,66,22,44,359,283,76
E33014936,472,81,21,60,391,302,89
E33014937,668,292,80,212,376,340,36
E33014938,646,280,104,176,366,325,41
E33014939,240,67,13,54,173,145,28
E33014940,995,342,85,257,653,597,56
E33014941,560,232,89,143,328,301,27
E33014942,337,130,37,93,207,144,63
E33014943,652,305,135,170,347,269,78
E33014944,1416,132,35,97,1284,1133,151
E33014945,603,290,79,211,313,270,43
E33014946,450,127,35,92,323,279,44
E33014947,282,110,35,75,172,142,30
E33014948,918,329,84,245,589,553,36
E33014949,420,113,47,66,307,249,58
E33014950,825,75,17,58,750,644,106
E33014951,755,404,92,312,351,311,40
E33014952,1776,184,52,132,1592,1468,124
E33014953,252,107,26,81,145,116,29
E33014954,1462,112,25,87,1350,1119,231
E33014955,215,91,30,61,124,104,20
E33014956,477,203,85,118,274,232,42
E33014957,536,174,70,104,362,307,55
E33014958,471,228,126,102,243,188,55
E33014959,613,170,60,110,443,415,28
E33014960,711,213,62,151,498,473,25
E33014961,618,111,29,82,507,474,33
E33014962,2159,608,191,417,1551,1417,134
E33014963,459,62,16,46,397,304,93
E33014964,776,121,42,79,655,512,143
E33014965,285,135,40,95,150,122,28
E33014966,231,72,23,49,159,128,31
E33014967,107,28,17,11,79,58,21
E33014968,597,165,30,135,432,383,49
E33014969,603,233,67,166,370,328,42
E33014970,535,165,74,91,370,314,56
E33014971,393,31,9,22,362,310,52
E33014972,449,137,69,68,312,260,52
E33014973,1133,266,63,203,867,774,93
E33014974,449,45,11,34,404,342,62
E33014975,254,12,3,9,242,186,56
E33014976,1712,192,57,135,1520,1347,173
E33014977,365,41,12,29,324,297,27
E33014978,292,47,13,34,245,225,20
E33014979,244,44,11,33,200,164,36
E33014980,923,66,24,42,857,748,109
E33014981,1622,244,43,201,1378,1268,110
E33014982,233,52,14,38,181,158,23
E33014983,413,53,13,40,360,318,42
E33014984,934,128,38,90,806,698,108
E33014985,219,28,9,19,191,147,44
E33014986,415,43,9,34,372,313,59
E33014987,337,35,4,31,302,234,68
E33014988,909,56,10,46,853,712,141
E33014989,814,67,19,48,747,659,88
E33014990,528,232,82,150,296,270,26
E33014991,604,299,104,195,305,267,38
E33014992,794,66,14,52,728,640,88
E33014993,918,315,116,199,603,500,103
E33014994,391,123,66,57,268,211,57
E33014995,481,267,131,136,214,176,38
E33014996,299,109,54,55,190,139,51
E33014997,315,95,25,70,220,180,40
E33014998,685,78,18,60,607,521,86
E33014999,812,50,14,36,762,620,142
E33015000,431,95,16,79,336,325,11
E33015001,313,95,35,60,218,180,38
E33015002,246,27,4,23,219,181,38
E33015003,214,109,55,54,105,89,16
E33015004,599,290,114,176,309,267,42
E33015005,232,77,34,43,155,111,44
E33015006,421,199,88,111,222,188,34
E33015007,200,49,8,41,151,130,21
E33015008,319,72,25,47,247,229,18
E33015009,376,96,19,77,280,265,15
E33015010,360,99,30,69,261,221,40
E33015011,218,88,31,57,130,99,31
E33015012,1373,427,109,318,946,875,71
E33015013,300,99,34,65,201,176,25
E33015014,489,121,43,78,368,317,51
E33015015,3828,1196,232,964,2632,2375,257
E33015016,341,80,19,61,261,239,22
E33015017,417,203,82,121,214,185,29
E33015018,518,121,27,94,397,339,58
E33015019,220,111,44,67,109,98,11
E33015020,616,352,175,177,264,246,18
E33015021,1527,518,209,309,1009,850,159
E33015022,667,104,32,72,563,430,133
E33015023,477,90,25,65,387,365,22
E33015024,943,261,98,163,682,627,55
E33015025,205,87,40,47,118,96,22
E33015026,555,31,9,22,524,446,78
E33015027,261,52,15,37,209,200,9
E33015028,663,162,45,117,501,465,36
E33015029,436,133,50,83,303,289,14
E33015030,1219,237,72,165,982,929,53
E33015031,584,233,74,159,351,329,22
E33015032,200,94,35,59,106,95,11
E33015033,772,277,86,191,495,446,49
E33015034,311,50,13,37,261,232,29
E33015035,259,86,15,71,173,166,7
E33015036,532,73,17,56,459,398,61
E33015037,422,224,105,119,198,178,20
E33015038,202,90,22,68,112,92,20
E33015039,222,38,6,32,184,172,12
E33015040,436,114,29,85,322,297,25
E33015041,791,198,65,133,593,527,66
E33015042,490,163,59,104,327,313,14
E33015043,2075,486,108,378,1589,1530,59
E33015044,389,136,43,93,253,225,28
E33015045,281,115,31,84,166,144,22
E33015046,352,84,26,58,268,239,29
E33015047,670,325,186,139,345,323,22
E33015048,197,59,12,47,138,125,13
E33015049,365,132,42,90,233,196,37
E33015050,225,79,22,57,146,129,17
E33015051,298,130,47,83,168,152,16
E33015052,831,211,52,159,620,597,23
E33015053,325,110,18,92,215,199,16
E33015054,754,146,40,106,608,584,24
E33015055,460,73,16,57,387,332,55
E33015056,319,79,17,62,240,206,34
E33015057,207,23,7,16,184,144,40
E33015058,606,119,41,78,487,426,61
E33015059,669,271,73,198,398,341,57
E33015060,444,62,9,53,382,360,22
E33015061,755,232,33,199,523,458,65
E33015062,266,136,66,70,130,96,34
E33015063,399,113,46,67,286,244,42
E33015064,843,325,48,277,518,505,13
E33015065,941,464,200,264,477,455,22
E33015066,367,68,19,49,299,274,25
E33015067,602,202,41,161,400,325,75
E33015068,598,63,19,44,535,463,72
E33015069,224,100,49,51,124,104,20
E33015070,197,103,37,66,94,73,21
E33015071,624,211,62,149,413,374,39
E33015072,346,155,65,90,191,176,15
E33015073,216,57,21,36,159,133,26
E33015074,1288,475,160,315,813,690,123
E33015075,933,513,245,268,420,397,23
E33015076,792,484,280,204,308,298,10
E33015077,331,112,38,74,219,177,42
E33015078,378,164,68,96,214,200,14
E33015079,268,117,45,72,151,136,15
E33015080,383,164,59,105,219,191,28
E33015081,448,63,6,57,385,364,21
E33015082,269,124,44,80,145,129,16
E33015083,737,526,284,242,211,172,39
E33015084,401,128,51,77,273,224,49
E33015085,654,238,86,152,416,375,41
E33015086,693,411,143,268,282,272,10
E33015087,672,163,42,121,509,441,68
E33015088,687,128,24,104,559,514,45
E33015089,700,231,40,191,469,447,22
E33015090,486,96,17,79,390,357,33
E33015091,1125,229,55,174,896,826,70
E33015092,922,173,28,145,749,659,90
E33015093,805,246,64,182,559,497,62
E33015094,1788,213,67,146,1575,1299,276
E33015095,216,44,14,30,172,143,29
E33015096,992,102,24,78,890,717,173
E33015097,458,63,16,47,395,316,79
E33015098,640,274,96,178,366,307,59
E33015099,497,63,15,48,434,372,62
E33015100,711,103,43,60,608,392,216
E33015101,816,279,44,235,537,459,78
E33015102,2118,345,53,292,1773,1593,180
E33015103,468,270,91,179,198,182,16
E33015104,440,70,12,58,370,301,69
E33015105,211,102,33,69,109,88,21
E33015106,448,191,30,161,257,233,24
E33015107,868,127,44,83,741,632,109
E33015108,123,41,11,30,82,66,16
E33015109,168,60,14,46,108,100,8
E33015110,576,203,45,158,373,350,23
E33015111,248,81,21,60,167,142,25
E33015112,420,31,7,24,389,342,47
E33015113,307,147,38,109,160,132,28
E33015114,252,112,52,60,140,111,29
E33015115,530,311,152,159,219,193,26
E33015116,307,143,36,107,164,137,27
E33015117,274,107,36,71,167,142,25
E33015118,248,98,29,69,150,125,25
E33015119,425,163,59,104,262,211,51
E33015120,421,156,29,127,265,237,28
E33015121,240,124,53,71,116,88,28
E33015122,611,259,90,169,352,306,46
E33015123,527,207,35,172,320,307,13
E33015124,412,174,76,98,238,222,16
E33015125,227,65,28,37,162,131,31
E33015126,213,113,34,79,100,91,9
E33015127,307,129,49,80,178,165,13
E33015128,205,73,28,45,132,113,19
E33015129,301,116,47,69,185,165,20
E33015130,921,240,51,189,681,653,28
E33015131,474,130,35,95,344,296,48
E33015132,352,108,24,84,244,237,7
E33015133,832,447,187,260,385,350,35
E33015134,886,156,40,116,730,633,97
E33015135,523,157,73,84,366,324,42
E33015136,276,103,28,75,173,138,35
E33015137,246,85,8,77,161,161,0
E33015138,202,48,18,30,154,127,27
E33015139,1130,408,200,208,722,606,116
E33015140,273,30,3,27,243,197,46
E33015141,540,37,11,26,503,412,91
E33015142,1445,122,37,85,1323,1218,105
E33015143,315,108,43,65,207,118,89
E33015144,853,328,88,240,525,487,38
E33015145,863,253,65,188,610,570,40
E33015146,730,80,18,62,650,572,78
E33015147,299,125,31,94,174,151,23
E33015148,276,131,67,64,145,120,25
E33015149,223,96,29,67,127,101,26
E33015150,256,110,28,82,146,128,18
E33015151,200,66,18,48,134,115,19
E33015152,394,55,16,39,339,283,56
E33015153,291,175,76,99,116,105,11
E33015154,268,133,42,91,135,104,31
E33015155,421,198,61,137,223,198,25
E33015156,465,240,88,152,225,210,15
E33015157,251,100,27,73,151,129,22
E33015158,450,121,24,97,329,300,29
E33015159,455,281,86,195,174,165,9
E33015160,611,373,156,217,238,223,15
E33015161,591,322,98,224,269,251,18
E33015162,361,196,61,135,165,154,11
E33015163,167,47,13,34,120,112,8
E33015164,503,162,22,140,341,334,7
E33015165,306,137,34,103,169,148,21
E33015166,223,99,35,64,124,101,23
E33015167,295,134,28,106,161,153,8
E33015168,301,132,40,92,169,155,14
E33015169,378,175,65,110,203,176,27
E33015170,392,144,51,93,248,203,45
E33015171,201,60,23,37,141,112,29
E33015172,441,146,24,122,295,269,26
E33015173,316,76,13,63,240,201,39
E33015174,668,99,24,75,569,490,79
E33015175,472,61,24,37,411,300,111
E33015176,158,57,31,26,101,93,8
E33015177,651,52,20,32,599,556,43
E33015178,620,146,51,95,474,406,68
E33015179,293,89,21,68,204,168,36
E33015180,574,116,11,105,458,380,78
E33015181,504,110,48,62,394,357,37
E33015182,270,74,32,42,196,170,26
E33015183,587,166,36,130,421,377,44
E33015184,312,106,26,80,206,194,12
E33015185,437,129,49,80,308,283,25
E33015186,314,49,10,39,265,244,21
E33015187,669,284,76,208,385,348,37
E33015188,572,148,53,95,424,376,48
E33015189,273,54,15,39,219,192,27
E33015190,599,314,175,139,285,262,23
E33015191,626,245,91,154,381,306,75
E33015192,312,86,28,58,226,201,25
E33015193,449,156,49,107,293,268,25
E33015194,571,208,76,132,363,334,29
E33015195,551,93,13,80,458,420,38
E33015196,209,77,21,56,132,113,19
E33015197,333,196,79,117,137,131,6
E33015198,217,78,28,50,139,120,19
E33015199,488,65,19,46,423,358,65
E33015200,410,113,25,88,297,221,76
E33015201,2197,388,51,337,1809,1725,84
E33015202,161,38,6,32,123,111,12
E33015203,647,111,15,96,536,512,24
E33015204,406,147,43,104,259,243,16
E33015205,671,433,231,202,238,199,39
E33015206,649,220,90,130,429,404,25
E33015207,294,112,47,65,182,159,23
E33015208,273,123,69,54,150,135,15
E33015209,410,248,101,147,162,145,17
E33015210,414,161,75,86,253,220,33
E33015211,177,75,31,44,102,95,7
E33015212,590,138,42,96,452,408,44
E33015213,368,169,69,100,199,192,7
E33015214,540,123,16,107,417,408,9
E33015215,350,153,62,91,197,177,20
E33015216,598,101,26,75,497,431,66
E33015217,502,149,56,93,353,287,66
E33015218,224,138,66,72,86,76,10
E33015219,889,206,54,152,683,623,60
E33015220,395,111,25,86,284,216,68
E33015221,245,37,14,23,208,192,16
E33015222,674,216,35,181,458,439,19
E33015223,1212,168,42,126,1044,914,130
E33015224,414,212,112,100,202,184,18
E33015225,139,54,17,37,85,73,12
E33015226,217,95,35,60,122,109,13
E33015227,212,78,30,48,134,104,30
E33015228,316,109,27,82,207,186,21
E33015229,876,176,42,134,700,677,23
E33015230,125,28,11,17,97,76,21
E33015231,270,59,14,45,211,179,32
E33015232,638,148,18,130,490,416,74
E33015233,317,42,9,33,275,207,68
E33015234,301,78,24,54,223,175,48
E33015235,431,162,47,115,269,246,23
E33015236,700,151,41,110,549,485,64
E33015237,1345,162,24,138,1183,1115,68
E33015238,207,104,21,83,103,97,6
E33015239,365,49,19,30,316,292,24
E33015240,115,61,22,39,54,45,9
E33015241,821,277,117,160,544,457,87
E33015242,348,109,32,77,239,206,33
E33015243,242,31,4,27,211,191,20
E33015244,527,156,66,90,371,313,58
E33015245,4780,1477,785,692,3303,2647,656
E33015246,483,183,70,113,300,275,25
E33015247,268,69,18,51,199,152,47
E33015248,656,288,110,178,368,302,66
E33015249,310,155,69,86,155,131,24
E33015250,519,221,88,133,298,279,19
E33015251,661,251,82,169,410,375,35
E33015252,246,88,15,73,158,132,26
E33015253,842,509,256,253,333,303,30
E33015254,287,109,31,78,178,150,28
E33015255,302,167,68,99,135,124,11
E33015256,271,106,27,79,165,141,24
E33015257,696,81,24,57,615,553,62
E33015258,648,171,73,98,477,377,100
E33015259,729,439,187,252,290,267,23
E33015260,442,272,132,140,170,156,14
E33015261,325,125,47,78,200,164,36
E33015262,1257,423,228,195,834,684,150
E33015263,379,204,75,129,175,158,17
E33015264,259,125,56,69,134,125,9
E33015265,611,48,15,33,563,535,28
E33015266,226,37,11,26,189,155,34
E33015267,427,83,27,56,344,272,72
E33015268,405,49,16,33,356,297,59
E33015269,277,84,35,49,193,163,30
E33015270,224,72,14,58,152,144,8
E33015271,224,65,28,37,159,119,40
E33015272,204,72,25,47,132,99,33
E33015273,211,93,36,57,118,87,31
E33015274,471,192,70,122,279,242,37
E33015275,434,262,134,128,172,157,15
E33015276,781,263,83,180,518,474,44
E33015277,128,43,15,28,85,72,13
E33015278,982,443,192,251,539,490,49
E33015279,478,146,40,106,332,267,65
E33015280,316,135,65,70,181,135,46
E33015281,277,113,44,69,164,130,34
E33015282,259,112,41,71,147,107,40
E33015283,257,110,40,70,147,112,35
E33015284,343,132,64,68,211,151,60
E33015285,731,349,139,210,382,303,79
E33015286,428,136,53,83,292,222,70
E33015287,433,166,54,112,267,206,61
E33015288,422,120,50,70,302,216,86
E33015289,328,149,24,125,179,146,33
E33015290,404,46,14,32,358,279,79
E33015291,356,117,43,74,239,189,50
E33015292,251,109,44,65,142,110,32
E33015293,521,196,83,113,325,247,78
E33015294,248,123,46,77,125,103,22
E33015295,523,224,79,145,299,263,36
E33015296,278,129,34,95,149,121,28
E33015297,291,119,40,79,172,131,41
E33015298,410,144,43,101,266,212,54
E33015299,375,118,40,78,257,220,37
E33015300,348,134,34,100,214,175,39
E33015301,325,66,28,38,259,210,49
E33015302,631,214,40,174,417,361,56
E33015303,510,209,78,131,301,258,43
E33015304,239,72,29,43,167,133,34
E33015305,436,146,46,100,290,240,50
E33015306,253,131,65,66,122,98,24
E33015307,684,104,41,63,580,466,114
E33015308,238,38,15,23,200,159,41
E33015309,520,223,69,154,297,251,46
E33015310,361,140,47,93,221,178,43
E33015311,519,207,96,111,312,245,67
E33015312,509,204,74,130,305,251,54
E33015313,290,139,56,83,151,118,33
E33015314,303,107,48,59,196,160,36
E33015315,270,75,31,44,195,159,36
E33015316,669,187,45,142,482,424,58
E33015317,1014,497,178,319,517,478,39
E33015318,438,163,58,105,275,209,66
E33015319,599,222,87,135,377,315,62
E33015320,471,157,57,100,314,244,70
E33015321,1052,140,35,105,912,754,158
E33015322,249,110,39,71,139,110,29
E33015323,404,158,65,93,246,201,45
E33015324,275,98,32,66,177,150,27
E33015325,357,133,63,70,224,194,30
E33015326,675,264,41,223,411,379,32
E33015327,311,96,23,73,215,174,41
E33015328,392,127,31,96,265,234,31
E33015329,259,81,29,52,178,150,28
E33015330,356,105,36,69,251,199,52
E33015331,501,67,16,51,434,388,46
E33015332,264,114,55,59,150,106,44
E33015333,289,111,33,78,178,143,35
E33015334,1009,664,180,484,345,300,45
E33015335,910,215,66,149,695,580,115
E33015336,343,83,14,69,260,227,33
E33015337,300,109,41,68,191,146,45
E33015338,465,184,81,103,281,218,63
E33015339,359,136,53,83,223,175,48
E33015340,260,115,35,80,145,120,25
E33015341,546,245,55,190,301,269,32
E33015342,360,142,30,112,218,188,30
E33015343,325,146,52,94,179,143,36
E33015344,294,134,32,102,160,141,19
E33015345,439,159,57,102,280,217,63
E33015346,293,122,26,96,171,138,33
E33015347,647,137,36,101,510,443,67
E33015348,248,95,26,69,153,115,38
E33015349,397,199,74,125,198,153,45
E33015350,252,98,31,67,154,125,29
E33015351,394,90,21,69,304,261,43
E33015352,358,172,38,134,186,145,41
E33015353,275,117,32,85,158,126,32
E33015354,910,468,156,312,442,397,45
E33015355,253,101,33,68,152,140,12
E33015356,294,83,23,60,211,202,9
E33015357,292,121,40,81,171,137,34
E33015358,363,158,53,105,205,165,40
E33015359,307,133,46,87,174,149,25
E33015360,224,122,43,79,102,90,12
E33015361,234,116,46,70,118,85,33
E33015362,411,148,46,102,263,228,35
E33015363,265,119,30,89,146,126,20
E33015364,327,148,37,111,179,149,30
E33015365,404,192,66,126,212,178,34
E33015366,451,199,54,145,252,188,64
E33015367,343,110,50,60,233,168,65
E33015368,476,173,60,113,303,226,77
E33015369,389,91,24,67,298,253,45
E33015370,385,214,61,153,171,139,32
E33015371,493,195,53,142,298,240,58
E33015372,414,131,49,82,283,223,60
E33015373,455,157,42,115,298,248,50
E33015374,478,215,64,151,263,227,36
E33015375,399,179,50,129,220,189,31
E33015376,2734,260,65,195,2474,2106,368
E33015377,411,87,31,56,324,264,60
E33015378,394,174,51,123,220,173,47
E33015379,1294,244,85,159,1050,905,145
E33015380,339,61,20,41,278,255,23
E33015381,358,69,24,45,289,229,60
E33015382,506,112,39,73,394,301,93
E33015383,266,111,26,85,155,125,30
E33015384,478,201,68,133,277,200,77
E33015385,487,179,55,124,308,256,52
E33015386,425,204,53,151,221,185,36
E33015387,278,62,23,39,216,165,51
E33015388,256,105,34,71,151,126,25
E33015389,368,67,20,47,301,263,38
E33015390,1649,250,83,167,1399,1243,156
E33015391,258,118,28,90,140,112,28
E33015392,238,68,20,48,170,152,18
E33015393,255,106,32,74,149,129,20
E33015394,304,124,33,91,180,150,30
E33015395,269,116,55,61,153,111,42
E33015396,507,195,55,140,312,247,65
E33015397,449,158,58,100,291,228,63
E33015398,490,203,63,140,287,236,51
E33015399,532,311,68,243,221,194,27
E33015400,320,111,22,89,209,147,62
E33015401,2250,369,74,295,1881,1620,261
E33015402,377,161,62,99,216,189,27
E33015403,430,77,29,48,353,308,45
E33015404,284,125,37,88,159,118,41
E33015405,408,141,57,84,267,183,84
E33015406,360,110,45,65,250,201,49
E33015407,314,133,45,88,181,150,31
E33015408,555,209,73,136,346,275,71
E33015409,441,200,68,132,241,191,50
E33015410,408,160,44,116,248,185,63
E33015411,266,44,11,33,222,166,56
E33015412,1051,188,50,138,863,714,149
E33015413,506,179,73,106,327,263,64
E33015414,814,203,66,137,611,513,98
E33015415,249,102,46,56,147,116,31
E33015416,277,106,25,81,171,142,29
E33015417,322,91,43,48,231,202,29
E33015418,301,104,27,77,197,150,47
E33015419,539,156,33,123,383,328,55
E33015420,1274,618,229,389,656,583,73
E33015421,978,267,58,209,711,647,64
E33015422,1365,185,41,144,1180,973,207
E33015423,370,164,41,123,206,167,39
E33015424,3419,1171,202,969,2248,2041,207
E33015425,246,103,25,78,143,124,19
E33015426,737,93,27,66,644,593,51
E33015427,326,115,42,73,211,169,42
E33015428,565,142,42,100,423,342,81
E33015429,258,106,26,80,152,132,20
E33015430,303,45,13,32,258,219,39
E33015431,405,160,55,105,245,197,48
E33015432,561,202,47,155,359,288,71
E33015433,541,205,53,152,336,285,51
E33015434,663,272,52,220,391,341,50
E33015435,488,83,23,60,405,360,45
E33015436,995,255,68,187,740,604,136
E33015437,295,122,30,92,173,145,28
E33015438,285,113,33,80,172,145,27
E33015439,388,157,43,114,231,190,41
E33015440,311,126,39,87,185,149,36
E33015441,394,83,20,63,311,225,86
E33015442,251,77,31,46,174,125,49
E33015443,768,128,26,102,640,534,106
E33015444,368,68,22,46,300,274,26
E33015445,298,44,11,33,254,210,44
E33015446,373,107,35,72,266,247,19
E33015447,408,144,53,91,264,204,60
E33015448,693,110,27,83,583,541,42
E33015449,389,135,51,84,254,195,59
E33015450,303,89,32,57,214,165,49
E33015451,581,144,44,100,437,416,21
E33015452,659,329,102,227,330,293,37
E33015453,527,213,68,145,314,251,63
E33015454,394,102,27,75,292,269,23
E33015455,522,223,76,147,299,249,50
E33015456,315,168,52,116,147,126,21
E33015457,598,221,84,137,377,327,50
E33015458,298,107,27,80,191,156,35
E33015459,325,107,22,85,218,171,47
E33015460,583,226,43,183,357,327,30
E33015461,547,131,24,107,416,369,47
E33015462,267,143,44,99,124,96,28
E33015463,331,113,30,83,218,178,40
E33015464,274,121,18,103,153,120,33
E33015465,574,220,58,162,354,296,58
E33015466,370,131,23,108,239,209,30
E33015467,433,161,51,110,272,228,44
E33015468,551,225,61,164,326,274,52
E33015469,312,71,25,46,241,198,43
E33015470,303,125,43,82,178,141,37
E33015471,292,94,34,60,198,165,33
E33015472,641,221,77,144,420,322,98
E33015473,377,141,49,92,236,197,39
E33015474,301,120,39,81,181,155,26
E33015475,228,101,27,74,127,109,18
E33015476,331,162,47,115,169,148,21
E33015477,278,144,36,108,134,105,29
E33015478,393,201,46,155,192,159,33
E33015479,303,176,29,147,127,115,12
E33015480,369,156,36,120,213,194,19
E33015481,383,178,48,130,205,177,28
E33015482,282,137,26,111,145,124,21
E33015483,337,140,24,116,197,185,12
E33015484,658,177,40,137,481,420,61
E33015485,319,152,40,112,167,147,20
E33015486,288,126,27,99,162,144,18
E33015487,265,103,22,81,162,149,13
E33015488,478,168,41,127,310,255,55
E33015489,625,265,54,211,360,311,49
E33015490,354,162,45,117,192,153,39
E33015491,322,177,52,125,145,109,36
E33015492,426,164,55,109,262,200,62
E33015493,271,104,35,69,167,132,35
E33015494,309,83,26,57,226,198,28
E33015495,266,103,29,74,163,138,25
E33015496,402,176,58,118,226,188,38
E33015497,336,170,25,145,166,144,22
E33015498,305,159,28,131,146,126,20
E33015499,571,328,44,284,243,208,35
E33015500,312,137,35,102,175,155,20
E33015501,266,55,12,43,211,185,26
E33015502,922,361,68,293,561,507,54
E33015503,282,145,38,107,137,120,17
E33015504,310,178,41,137,132,118,14
E33015505,406,186,69,117,220,183,37
E33015506,290,146,37,109,144,122,22
E33015507,304,154,59,95,150,126,24
E33015508,388,149,36,113,239,200,39
E33015509,409,179,29,150,230,198,32
E33015510,383,126,40,86,257,216,41
E33015511,449,202,72,130,247,184,63
E33015512,449,183,49,134,266,224,42
E33015513,310,146,43,103,164,148,16
E33015514,329,157,57,100,172,131,41
E33015515,512,122,32,90,390,343,47
E33015516,302,125,36,89,177,144,33
E33015517,901,361,125,236,540,424,116
E33015518,360,149,48,101,211,173,38
E33015519,271,116,33,83,155,125,30
E33015520,424,96,27,69,328,287,41
E33015521,667,206,46,160,461,396,65
E33015522,385,191,54,137,194,150,44
E33015523,335,168,64,104,167,141,26
E33015524,364,150,43,107,214,185,29
E33015525,289,95,27,68,194,162,32
E33015526,479,176,74,102,303,257,46
E33015527,259,135,40,95,124,93,31
E33015528,261,106,24,82,155,140,15
E33015529,244,103,16,87,141,122,19
E33015530,449,166,50,116,283,220,63
E33015531,279,100,38,62,179,155,24
E33015532,456,146,54,92,310,251,59
E33015533,283,111,35,76,172,145,27
E33015534,239,115,44,71,124,95,29
E33015535,282,75,24,51,207,163,44
E33015536,509,140,42,98,369,290,79
E33015537,255,94,23,71,161,143,18
E33015538,367,125,31,94,242,197,45
E33015539,3720,1212,702,510,2508,2025,483
E33015540,439,170,78,92,269,218,51
E33015541,315,120,59,61,195,140,55
E33015542,339,114,37,77,225,165,60
E33015543,290,113,49,64,177,149,28
E33015544,315,149,46,103,166,143,23
E33015545,496,227,98,129,269,213,56
E33015546,290,116,37,79,174,150,24
E33015547,453,99,25,74,354,295,59
E33015548,243,81,28,53,162,124,38
E33015549,271,47,20,27,224,191,33
E33015550,377,117,31,86,260,230,30
E33015551,246,46,12,34,200,172,28
E33015552,433,128,32,96,305,249,56
E33015553,257,93,26,67,164,147,17
E33015554,259,90,29,61,169,130,39
E33015555,295,134,46,88,161,135,26
E33015556,322,125,52,73,197,140,57
E33015557,293,122,40,82,171,135,36
E33015558,356,120,32,88,236,182,54
E33015559,321,125,40,85,196,161,35
E33015560,452,114,29,85,338,243,95
E33015561,399,144,46,98,255,209,46
E33015562,286,92,20,72,194,164,30
E33015563,398,136,37,99,262,223,39
E33015564,319,125,36,89,194,162,32
E33015565,390,165,55,110,225,177,48
E33015566,494,194,62,132,300,242,58
E33015567,374,166,35,131,208,179,29
E33015568,966,106,35,71,860,609,251
E33015569,1506,164,54,110,1342,1139,203
E33015570,244,76,30,46,168,130,38
E33015571,354,110,32,78,244,198,46
E33015572,549,174,88,86,375,266,109
E33015573,276,87,26,61,189,152,37
E33015574,644,190,67,123,454,303,151
E33015575,657,127,57,70,530,452,78
E33015576,303,103,47,56,200,138,62
E33015577,270,84,28,56,186,151,35
E33015578,388,106,45,61,282,234,48
E33015579,292,108,35,73,184,130,54
E33015580,555,127,52,75,428,367,61
E33015581,787,310,83,227,477,414,63
E33015582,286,121,51,70,165,112,53
E33015583,298,142,67,75,156,124,32
E33015584,818,330,128,202,488,411,77
E33015585,303,88,22,66,215,150,65
E33015586,647,122,50,72,525,356,169
E33015587,231,93,40,53,138,95,43
E33015588,261,92,35,57,169,121,48
E33015589,572,128,55,73,444,347,97
E33015590,331,82,27,55,249,190,59
E33015591,362,112,35,77,250,180,70
E33015592,415,112,45,67,303,240,63
E33015593,416,171,74,97,245,176,69
E33015594,607,240,92,148,367,235,132
E33015595,378,138,68,70,240,170,70
E33015596,348,126,53,73,222,148,74
E33015597,285,86,35,51,199,146,53
E33015598,581,199,90,109,382,285,97
E33015599,815,366,96,270,449,405,44
E33015600,249,60,29,31,189,159,30
E33015601,367,88,27,61,279,224,55
E33015602,259,66,16,50,193,152,41
E33015603,714,296,82,214,418,358,60
E33015604,612,246,84,162,366,318,48
E33015605,316,99,15,84,217,181,36
E33015606,410,128,28,100,282,227,55
E33015607,365,116,34,82,249,185,64
E33015608,583,197,29,168,386,356,30
E33015609,393,162,57,105,231,180,51
E33015610,658,163,30,133,495,434,61
E33015611,394,80,8,72,314,275,39
E33015612,371,105,44,61,266,218,48
E33015613,340,125,36,89,215,178,37
E33015614,607,210,59,151,397,335,62
E33015615,390,132,48,84,258,205,53
E33015616,427,192,62,130,235,200,35
E33015617,1003,216,62,154,787,732,55
E33015618,251,75,23,52,176,145,31
E33015619,441,106,28,78,335,272,63
E33015620,265,102,16,86,163,131,32
E33015621,573,107,27,80,466,360,106
E33015622,270,60,14,46,210,171,39
E33015623,447,168,65,103,279,224,55
E33015624,295,118,33,85,177,149,28
E33015625,532,127,29,98,405,340,65
E33015626,290,73,20,53,217,180,37
E33015627,549,195,53,142,354,316,38
E33015628,421,68,19,49,353,318,35
E33015629,737,165,31,134,572,518,54
E33015630,482,219,75,144,263,221,42
E33015631,274,83,26,57,191,157,34
E33015632,246,105,26,79,141,131,10
E33015633,370,147,57,90,223,181,42
E33015634,323,124,37,87,199,168,31
E33015635,304,123,38,85,181,128,53
E33015636,372,122,36,86,250,192,58
E33015637,295,131,45,86,164,123,41
E33015638,385,173,31,142,212,187,25
E33015639,253,75,23,52,178,135,43
E33015640,376,91,22,69,285,237,48
E33015641,330,61,20,41,269,209,60
E33015642,431,124,40,84,307,251,56
E33015643,558,149,36,113,409,356,53
E33015644,546,167,48,119,379,296,83
E33015645,557,145,44,101,412,345,67
E33015646,334,118,33,85,216,183,33
E33015647,675,279,83,196,396,321,75
E33015648,263,104,31,73,159,122,37
E33015649,1018,207,58,149,811,756,55
E33015650,310,111,23,88,199,167,32
E33015651,268,109,39,70,159,126,33
E33015652,244,84,18,66,160,129,31
E33015653,462,194,66,128,268,234,34
E33015654,325,120,29,91,205,182,23
E33015655,435,174,50,124,261,204,57
E33015656,222,89,28,61,133,106,27
E33015657,234,83,27,56,151,114,37
E33015658,644,180,38,142,464,410,54
E33015659,368,124,35,89,244,203,41
E33015660,382,150,48,102,232,191,41
E33015661,282,97,34,63,185,144,41
E33015662,304,120,27,93,184,159,25
E33015663,257,108,26,82,149,121,28
E33015664,320,111,30,81,209,189,20
E33015665,453,139,24,115,314,290,24
E33015666,691,274,41,233,417,369,48
E33015667,657,376,68,308,281,245,36
E33015668,535,194,70,124,341,279,62
E33015669,470,228,67,161,242,189,53
E33015670,349,112,33,79,237,202,35
E33015671,429,84,23,61,345,261,84
E33015672,821,243,52,191,578,527,51
E33015673,303,45,9,36,258,216,42
E33015674,427,140,40,100,287,255,32
E33015675,309,126,44,82,183,152,31
E33015676,331,155,62,93,176,148,28
E33015677,579,172,51,121,407,354,53
E33015678,223,108,27,81,115,89,26
E33015679,600,171,62,109,429,372,57
E33015680,350,98,21,77,252,224,28
E33015681,589,240,71,169,349,309,40
E33015682,408,187,49,138,221,179,42
E33015683,258,92,15,77,166,153,13
E33015684,274,94,19,75,180,159,21
E33015685,256,85,25,60,171,128,43
E33015686,398,127,24,103,271,247,24
E33015687,363,144,40,104,219,201,18
E33015688,581,181,69,112,400,279,121
E33015689,491,118,36,82,373,342,31
E33015690,500,160,49,111,340,290,50
E33015691,340,175,104,71,165,150,15
E33015692,206,78,15,63,128,107,21
E33015693,340,125,28,97,215,192,23
E33015694,399,173,51,122,226,194,32
E33015695,1097,590,249,341,507,467,40
E33015696,334,101,32,69,233,212,21
E33015697,304,150,43,107,154,139,15
E33015698,300,98,40,58,202,180,22
E33015699,379,140,46,94,239,179,60
E33015700,388,144,50,94,244,202,42
E33015701,270,110,24,86,160,136,24
E33015702,427,67,18,49,360,294,66
E33015703,249,92,22,70,157,134,23
E33015704,352,108,32,76,244,211,33
E33015705,517,186,62,124,331,268,63
E33015706,266,59,23,36,207,192,15
E33015707,225,52,24,28,173,145,28
E33015708,513,177,35,142,336,296,40
E33015709,718,303,101,202,415,365,50
E33015710,399,141,40,101,258,229,29
E33015711,511,164,47,117,347,301,46
E33015712,628,186,69,117,442,392,50
E33015713,268,125,69,56,143,133,10
E33015714,307,79,41,38,228,182,46
E33015715,333,129,33,96,204,150,54
E33015716,584,223,76,147,361,285,76
E33015717,769,203,85,118,566,455,111
E33015718,394,130,26,104,264,236,28
E33015719,526,259,104,155,267,226,41
E33015720,477,138,42,96,339,296,43
E33015721,434,124,47,77,310,256,54
E33015722,436,88,14,74,348,258,90
E33015723,334,138,53,85,196,158,38
E33015724,295,137,35,102,158,127,31
E33015725,2001,266,56,210,1735,1514,221
E33015726,365,123,37,86,242,190,52
E33015727,594,185,51,134,409,329,80
E33015728,359,111,40,71,248,206,42
E33015729,822,115,19,96,707,587,120
E33015730,288,125,38,87,163,141,22
E33015731,308,136,38,98,172,138,34
E33015732,432,185,72,113,247,195,52
E33015733,440,198,92,106,242,180,62
E33015734,269,125,56,69,144,121,23
E33015735,304,142,77,65,162,137,25
E33015736,614,137,50,87,477,434,43
E33015737,354,198,113,85,156,131,25
E33015738,293,170,88,82,123,98,25
E33015739,247,84,39,45,163,115,48
E33015740,370,190,110,80,180,157,23
E33015741,995,297,109,188,698,576,122
E33015742,215,92,23,69,123,90,33
E33015743,441,142,58,84,299,245,54
E33015744,308,124,35,89,184,152,32
E33015745,514,98,31,67,416,376,40
E33015746,626,310,80,230,316,268,48
E33015747,1018,317,136,181,701,590,111
E33015748,310,119,19,100,191,153,38
E33015749,532,161,40,121,371,304,67
E33015750,645,243,74,169,402,312,90
E33015751,328,95,19,76,233,196,37
E33015752,422,172,56,116,250,190,60
E33015753,320,110,27,83,210,170,40
E33015754,865,154,45,109,711,561,150
E33015755,722,151,49,102,571,453,118
E33015756,540,249,66,183,291,251,40
E33015757,307,140,50,90,167,103,64
E33015758,284,89,35,54,195,135,60
E33015759,674,218,79,139,456,346,110
E33015760,348,163,61,102,185,144,41
E33015761,1900,237,68,169,1663,1374,289
E33015762,291,100,24,76,191,146,45
E33015763,410,51,17,34,359,264,95
E33015764,342,146,42,104,196,154,42
E33015765,263,87,28,59,176,132,44
E33015766,631,55,7,48,576,455,121
E33015767,496,178,57,121,318,217,101
E33015768,374,125,36,89,249,202,47
E33015769,767,297,110,187,470,362,108
E33015770,281,100,40,60,181,129,52
E33015771,531,156,43,113,375,295,80
E33015772,785,173,48,125,612,500,112
E33015773,433,173,75,98,260,196,64
E33015774,263,113,44,69,150,116,34
E33015775,260,97,34,63,163,129,34
E33015776,769,215,72,143,554,423,131
E33015777,375,197,47,150,178,153,25
E33015778,981,176,82,94,805,512,293
E33015779,307,96,36,60,211,157,54
E33015780,276,107,42,65,169,95,74
E33015781,488,92,33,59,396,321,75
E33015782,485,114,48,66,371,287,84
E33015783,571,120,54,66,451,331,120
E33015784,443,125,29,96,318,257,61
E33015785,504,114,38,76,390,335,55
E33015786,382,141,64,77,241,170,71
E33015787,332,163,65,98,169,143,26
E33015788,608,215,49,166,393,335,58
E33015789,445,193,75,118,252,181,71
E33015790,441,133,59,74,308,234,74
E33015791,573,81,30,51,492,423,69
E33015792,255,113,48,65,142,115,27
E33015793,320,90,32,58,230,184,46
E33015794,281,104,15,89,177,154,23
E33015795,872,198,66,132,674,611,63
E33015796,254,98,37,61,156,135,21
E33015797,447,221,89,132,226,172,54
E33015798,352,115,52,63,237,182,55
E33015799,336,91,42,49,245,172,73
E33015800,456,217,86,131,239,191,48
E33015801,318,79,25,54,239,190,49
E33015802,259,104,34,70,155,119,36
E33015803,242,87,36,51,155,94,61
E33015804,477,98,30,68,379,287,92
E33015805,306,67,31,36,239,185,54
E33015806,662,92,28,64,570,480,90
E33015807,390,174,42,132,216,175,41
E33015808,390,181,67,114,209,168,41
E33015809,534,233,60,173,301,256,45
E33015810,472,179,52,127,293,245,48
E33015811,472,166,66,100,306,248,58
E33015812,614,169,75,94,445,402,43
E33015813,619,256,114,142,363,274,89
E33015814,340,133,40,93,207,143,64
E33015815,1067,160,58,102,907,797,110
E33015816,250,82,44,38,168,130,38
E33015817,825,195,70,125,630,500,130
E33015818,363,157,61,96,206,140,66
E33015819,257,117,45,72,140,106,34
E33015820,365,174,67,107,191,152,39
E33015821,222,105,57,48,117,82,35
E33015822,286,91,47,44,195,118,77
E33015823,796,129,35,94,667,565,102
E33015824,625,304,90,214,321,247,74
E33015825,349,129,44,85,220,151,69
E33015826,431,160,37,123,271,220,51
E33015827,319,55,15,40,264,211,53
E33015828,833,344,88,256,489,425,64
E33015829,221,62,17,45,159,120,39
E33015830,388,126,43,83,262,188,74
E33015831,368,104,47,57,264,203,61
E33015832,253,101,16,85,152,135,17
E33015833,244,102,29,73,142,120,22
E33015834,579,191,58,133,388,308,80
E33015835,516,153,51,102,363,292,71
E33015836,278,93,32,61,185,138,47
E33015837,291,89,26,63,202,156,46
E33015838,459,195,65,130,264,229,35
E33015839,255,119,40,79,136,115,21
E33015840,419,98,25,73,321,243,78
E33015841,307,97,31,66,210,172,38
E33015842,358,179,44,135,179,145,34
E33015843,310,111,40,71,199,146,53
E33015844,311,124,40,84,187,133,54
E33015845,392,158,38,120,234,181,53
E33015846,529,217,80,137,312,240,72
E33015847,224,52,21,31,172,141,31
E33015848,619,298,96,202,321,279,42
E33015849,464,117,40,77,347,273,74
E33015850,320,127,37,90,193,157,36
E33015851,535,103,21,82,432,367,65
E33015852,472,160,44,116,312,217,95
E33015853,270,100,33,67,170,136,34
E33015854,551,125,50,75,426,219,207
E33015855,401,176,52,124,225,172,53
E33015856,665,116,37,79,549,454,95
E33015857,382,148,42,106,234,169,65
E33015858,396,61,21,40,335,257,78
E33015859,434,192,66,126,242,195,47
E33015860,299,124,47,77,175,127,48
E33015861,282,66,32,34,216,168,48
E33015862,320,115,41,74,205,143,62
E33015863,291,87,25,62,204,141,63
E33015864,536,167,47,120,369,311,58
E33015865,713,172,60,112,541,445,96
E33015866,603,271,123,148,332,276,56
E33015867,386,161,57,104,225,179,46
E33015868,303,114,26,88,189,159,30
E33015869,401,168,63,105,233,180,53
E33015870,519,94,24,70,425,322,103
E33015871,523,162,48,114,361,302,59
E33015872,263,108,28,80,155,112,43
E33015873,194,43,14,29,151,115,36
E33015874,465,114,28,86,351,308,43
E33015875,518,161,46,115,357,262,95
E33015876,377,125,45,80,252,188,64
E33015877,342,135,44,91,207,150,57
E33015878,413,183,54,129,230,189,41
E33015879,357,87,27,60,270,225,45
E33015880,328,162,53,109,166,130,36
E33015881,901,141,32,109,760,682,78
E33015882,450,168,39,129,282,210,72
E33015883,632,294,94,200,338,259,79
E33015884,471,222,67,155,249,214,35
E33015885,272,88,34,54,184,153,31
E33015886,265,110,25,85,155,133,22
E33015887,306,124,43,81,182,140,42
E33015888,292,110,42,68,182,131,51
E33015889,477,200,58,142,277,225,52
E33015890,565,94,23,71,471,331,140
E33015891,376,157,46,111,219,185,34
E33015892,335,118,46,72,217,154,63
E33015893,339,133,56,77,206,151,55
E33015894,404,160,47,113,244,186,58
E33015895,349,142,57,85,207,144,63
E33015896,579,232,56,176,347,273,74
E33015897,1181,256,80,176,925,840,85
E33015898,256,110,29,81,146,117,29
E33015899,349,121,41,80,228,182,46
E33015900,245,98,36,62,147,121,26
E33015901,709,338,155,183,371,307,64
E33015902,608,227,67,160,381,351,30
E33015903,339,116,39,77,223,178,45
E33015904,383,131,46,85,252,197,55
E33015905,438,122,39,83,316,266,50
E33015906,286,108,28,80,178,147,31
E33015907,439,189,67,122,250,201,49
E33015908,370,131,37,94,239,185,54
E33015909,375,148,62,86,227,154,73
E33015910,509,168,72,96,341,257,84
E33015911,3584,1400,233,1167,2184,2014,170
E33015912,294,104,28,76,190,154,36
E33015913,239,74,23,51,165,132,33
E33015914,336,148,50,98,188,145,43
E33015915,244,52,12,40,192,170,22
E33015916,241,65,20,45,176,147,29
E33015917,326,65,21,44,261,179,82
E33015918,561,250,65,185,311,247,64
E33015919,312,111,34,77,201,161,40
E33015920,449,188,61,127,261,212,49
E33015921,454,180,63,117,274,197,77
E33015922,251,56,17,39,195,141,54
E33015923,402,160,66,94,242,204,38
E33015924,363,108,45,63,255,177,78
E33015925,289,109,55,54,180,131,49
E33015926,270,111,46,65,159,119,40
E33015927,248,91,39,52,157,106,51
E33015928,320,127,62,65,193,119,74
E33015929,420,123,62,61,297,218,79
E33015930,247,119,56,63,128,90,38
E33015931,309,122,56,66,187,160,27
E33015932,717,287,80,207,430,347,83
E33015933,340,142,66,76,198,120,78
E33015934,347,129,51,78,218,152,66
E33015935,293,137,71,66,156,104,52
E33015936,533,235,99,136,298,238,60
E33015937,211,84,39,45,127,73,54
E33015938,505,186,77,109,319,188,131
E33015939,396,143,71,72,253,166,87
E33015940,295,105,45,60,190,101,89
E33015941,307,134,38,96,173,135,38
E33015942,408,154,46,108,254,185,69
E33015943,859,308,73,235,551,479,72
E33015944,463,62,22,40,401,282,119
E33015945,274,119,51,68,155,122,33
E33015946,370,139,38,101,231,202,29
E33015947,553,209,93,116,344,240,104
E33015948,369,107,46,61,262,222,40
E33015949,510,135,44,91,375,313,62
E33015950,700,181,72,109,519,370,149
E33015951,581,239,94,145,342,267,75
E33015952,613,145,57,88,468,425,43
E33015953,540,145,52,93,395,348,47
E33015954,380,201,46,155,179,143,36
E33015955,336,171,55,116,165,145,20
E33015956,463,102,41,61,361,272,89
E33015957,2597,815,211,604,1782,1671,111
E33015958,510,159,51,108,351,316,35
E33015959,325,138,69,69,187,118,69
E33015960,258,79,28,51,179,140,39
E33015961,285,120,48,72,165,119,46
E33015962,266,110,48,62,156,95,61
E33015963,487,223,89,134,264,188,76
E33015964,239,75,28,47,164,98,66
E33015965,288,128,45,83,160,122,38
E33015966,311,89,42,47,222,151,71
E33015967,480,151,49,102,329,264,65
E33015968,321,84,34,50,237,172,65
E33015969,382,78,27,51,304,252,52
E33015970,301,98,37,61,203,127,76
E33015971,567,87,35,52,480,258,222
E33015972,717,323,128,195,394,320,74
E33015973,722,159,55,104,563,417,146
E33015974,242,77,38,39,165,82,83
E33015975,349,142,64,78,207,120,87
E33015976,254,77,37,40,177,86,91
E33015977,476,177,72,105,299,229,70
E33015978,547,239,82,157,308,244,64
E33015979,319,132,35,97,187,139,48
E33015980,277,133,48,85,144,116,28
E33015981,560,183,59,124,377,310,67
E33015982,315,135,54,81,180,119,61
E33015983,285,86,43,43,199,112,87
E33015984,264,73,39,34,191,96,95
E33015985,407,148,50,98,259,173,86
E33015986,348,100,48,52,248,137,111
E33015987,238,70,26,44,168,93,75
E33015988,336,103,45,58,233,146,87
E33015989,274,137,34,103,137,98,39
E33015990,452,167,52,115,285,226,59
E33015991,271,121,34,87,150,121,29
E33015992,422,85,31,54,337,264,73
E33015993,298,45,16,29,253,218,35
E33015994,690,233,81,152,457,366,91
E33015995,411,137,39,98,274,223,51
E33015996,549,223,68,155,326,296,30
E33015997,431,172,52,120,259,219,40
E33015998,294,123,38,85,171,143,28
E33015999,688,137,57,80,551,442,109
E33016000,274,102,39,63,172,138,34
E33016001,573,228,93,135,345,272,73
E33016002,402,161,67,94,241,187,54
E33016003,226,80,36,44,146,107,39
E33016004,321,140,51,89,181,137,44
E33016005,690,259,85,174,431,317,114
E33016006,245,91,17,74,154,134,20
E33016007,304,113,48,65,191,155,36
E33016008,358,113,26,87,245,204,41
E33016009,937,181,61,120,756,579,177
E33016010,332,92,42,50,240,165,75
E33016011,288,62,24,38,226,167,59
E33016012,263,111,33,78,152,120,32
E33016013,251,114,39,75,137,105,32
E33016014,286,119,44,75,167,140,27
E33016015,635,135,59,76,500,406,94
E33016016,552,146,49,97,406,322,84
E33016017,360,78,20,58,282,247,35
E33016018,629,186,79,107,443,347,96
E33016019,644,111,35,76,533,475,58
E33016020,349,111,51,60,238,197,41
E33016021,400,183,55,128,217,178,39
E33016022,310,130,46,84,180,136,44
E33016023,377,127,32,95,250,213,37
E33016024,443,187,82,105,256,177,79
E33016025,387,87,30,57,300,258,42
E33016026,346,172,74,98,174,130,44
E33016027,290,87,26,61,203,180,23
E33016028,231,97,34,63,134,113,21
E33016029,264,72,16,56,192,142,50
E33016030,546,131,41,90,415,352,63
E33016031,316,132,40,92,184,156,28
E33016032,486,170,69,101,316,254,62
E33016033,372,148,69,79,224,184,40
E33016034,702,256,72,184,446,327,119
E33016035,323,131,60,71,192,158,34
E33016036,430,94,30,64,336,272,64
E33016037,416,105,39,66,311,269,42
E33016038,561,179,48,131,382,331,51
E33016039,244,45,12,33,199,164,35
E33016040,370,192,70,122,178,150,28
E33016041,551,173,45,128,378,339,39
E33016042,228,57,27,30,171,113,58
E33016043,265,80,24,56,185,131,54
E33016044,230,98,39,59,132,100,32
E33016045,405,158,50,108,247,205,42
E33016046,322,71,14,57,251,183,68
E33016047,392,60,21,39,332,288,44
E33016048,388,101,34,67,287,224,63
E33016049,387,117,34,83,270,212,58
E33016050,424,164,53,111,260,198,62
E33016051,273,109,43,66,164,128,36
E33016052,468,103,35,68,365,318,47
E33016053,302,114,33,81,188,141,47
E33016054,264,124,51,73,140,107,33
E33016055,474,160,60,100,314,239,75
E33016056,287,68,22,46,219,168,51
E33016057,288,80,37,43,208,163,45
E33016058,465,165,40,125,300,244,56
E33016059,554,107,37,70,447,351,96
E33016060,341,159,70,89,182,137,45
E33016061,292,124,34,90,168,131,37
E33016062,596,169,47,122,427,359,68
E33016063,615,86,35,51,529,447,82
E33016064,498,92,31,61,406,300,106
E33016065,561,226,61,165,335,278,57
E33016066,248,107,49,58,141,104,37
E33016067,340,92,45,47,248,174,74
E33016068,246,83,18,65,163,131,32
E33016069,391,120,33,87,271,232,39
E33016070,271,117,36,81,154,118,36
E33016071,411,189,50,139,222,181,41
E33016072,432,142,59,83,290,232,58
E33016073,394,163,68,95,231,172,59
E33016074,292,94,26,68,198,155,43
E33016075,317,84,42,42,233,166,67
E33016076,309,91,28,63,218,152,66
E33016077,411,134,53,81,277,212,65
E33016078,516,232,85,147,284,205,79
E33016079,466,113,44,69,353,283,70
E33016080,293,93,29,64,200,166,34
E33016081,484,106,34,72,378,307,71
E33016082,241,109,37,72,132,98,34
E33016083,276,94,40,54,182,141,41
E33016084,280,54,17,37,226,164,62
E33016085,455,211,92,119,244,161,83
E33016086,486,105,41,64,381,300,81
E33016087,471,152,55,97,319,257,62
E33016088,255,111,37,74,144,105,39
E33016089,333,122,47,75,211,152,59
E33016090,410,212,78,134,198,158,40
E33016091,301,125,57,68,176,131,45
E33016092,260,91,31,60,169,116,53
E33016093,559,162,52,110,397,314,83
E33016094,387,94,35,59,293,251,42
E33016095,314,106,60,46,208,151,57
E33016096,580,243,87,156,337,295,42
E33016097,421,150,51,99,271,210,61
E33016098,286,96,47,49,190,127,63
E33016099,311,139,32,107,172,146,26
E33016100,266,128,36,92,138,116,22
E33016101,364,127,47,80,237,198,39
E33016102,589,265,72,193,324,277,47
E33016103,606,173,46,127,433,373,60
E33016104,409,172,29,143,237,214,23
E33016105,230,64,22,42,166,142,24
E33016106,265,111,41,70,154,103,51
E33016107,334,104,47,57,230,159,71
E33016108,822,132,51,81,690,570,120
E33016109,273,94,29,65,179,138,41
E33016110,469,198,71,127,271,205,66
E33016111,612,162,55,107,450,340,110
E33016112,341,116,38,78,225,165,60
E33016113,617,117,42,75,500,353,147
E33016114,638,241,64,177,397,320,77
E33016115,265,98,33,65,167,138,29
E33016116,505,201,86,115,304,237,67
E33016117,435,131,51,80,304,211,93
E33016118,748,310,121,189,438,354,84
E33016119,265,108,49,59,157,124,33
E33016120,319,121,36,85,198,173,25
E33016121,304,116,57,59,188,134,54
E33016122,766,271,76,195,495,394,101
E33016123,310,120,31,89,190,161,29
E33016124,602,275,132,143,327,207,120
E33016125,320,131,28,103,189,170,19
E33016126,425,165,66,99,260,192,68
E33016127,299,108,51,57,191,148,43
E33016128,1541,440,122,318,1101,972,129
E33016129,317,111,49,62,206,163,43
E33016130,356,78,23,55,278,234,44
E33016131,279,96,34,62,183,160,23
E33016132,308,102,37,65,206,162,44
E33016133,288,64,28,36,224,157,67
E33016134,258,99,23,76,159,134,25
E33016135,251,105,33,72,146,112,34
E33016136,371,115,54,61,256,178,78
E33016137,310,126,49,77,184,97,87
E33016138,401,172,72,100,229,164,65
E33016139,536,237,51,186,299,243,56
E33016140,298,107,36,71,191,145,46
E33016141,255,77,37,40,178,140,38
E33016142,444,184,69,115,260,204,56
E33016143,330,138,51,87,192,147,45
E33016144,279,36,9,27,243,211,32
E33016145,625,135,37,98,490,415,75
E33016146,265,94,47,47,171,108,63
E33016147,346,146,55,91,200,145,55
E33016148,381,162,69,93,219,151,68
E33016149,332,136,41,95,196,137,59
E33016150,374,135,42,93,239,169,70
E33016151,339,87,15,72,252,193,59
E33016152,561,189,54,135,372,276,96
E33016153,384,150,46,104,234,173,61
E33016154,289,124,45,79,165,136,29
E33016155,583,68,21,47,515,454,61
E33016156,382,145,36,109,237,206,31
E33016157,952,453,110,343,499,442,57
E33016158,442,101,27,74,341,270,71
E33016159,768,176,46,130,592,472,120
E33016160,390,151,38,113,239,219,20
E33016161,326,151,57,94,175,136,39
E33016162,310,145,31,114,165,142,23
E33016163,332,123,56,67,209,142,67
E33016164,452,123,40,83,329,249,80
E33016165,262,98,37,61,164,113,51
E33016166,3133,209,86,123,2924,2471,453
E33016167,707,88,34,54,619,550,69
E33016168,463,162,71,91,301,187,114
E33016169,781,109,46,63,672,549,123
E33016170,288,108,37,71,180,147,33
E33016171,421,148,38,110,273,193,80
E33016172,222,82,34,48,140,100,40
E33016173,258,74,31,43,184,118,66
E33016174,543,217,84,133,326,248,78
E33016175,336,137,68,69,199,142,57
E33016176,659,162,68,94,497,345,152
E33016177,398,76,26,50,322,225,97
E33016178,411,150,58,92,261,195,66
E33016179,268,71,25,46,197,150,47
E33016180,302,68,39,29,234,175,59
E33016181,290,112,40,72,178,115,63
E33016182,224,99,51,48,125,96,29
E33016183,388,172,66,106,216,162,54
E33016184,228,82,37,45,146,107,39
E33016185,266,88,39,49,178,119,59
E33016186,380,142,68,74,238,167,71
E33016187,546,218,92,126,328,246,82
E33016188,236,84,37,47,152,98,54
E33016189,480,195,76,119,285,160,125
E33016190,462,220,74,146,242,154,88
E33016191,452,148,50,98,304,180,124
E33016192,261,113,45,68,148,97,51
E33016193,273,123,61,62,150,113,37
E33016194,604,135,44,91,469,378,91
E33016195,509,205,75,130,304,204,100
E33016196,229,73,27,46,156,109,47
E33016197,308,154,65,89,154,107,47
E33016198,761,270,102,168,491,378,113
E33016199,372,147,64,83,225,169,56
E33016200,342,118,43,75,224,157,67
E33016201,317,123,42,81,194,133,61
E33016202,339,116,33,83,223,164,59
E33016203,550,201,76,125,349,292,57
E33016204,513,152,53,99,361,278,83
E33016205,200,85,25,60,115,86,29
E33016206,285,102,38,64,183,119,64
E33016207,332,79,23,56,253,194,59
E33016208,433,179,75,104,254,169,85
E33016209,371,141,54,87,230,163,67
E33016210,397,194,58,136,203,161,42
E33016211,321,79,27,52,242,169,73
E33016212,447,157,49,108,290,241,49
E33016213,332,123,46,77,209,160,49
E33016214,253,104,29,75,149,111,38
E33016215,315,118,60,58,197,143,54
E33016216,265,111,33,78,154,119,35
E33016217,289,82,44,38,207,154,53
E33016218,306,160,60,100,146,122,24
E33016219,298,124,46,78,174,132,42
E33016220,368,134,40,94,234,195,39
E33016221,487,120,35,85,367,274,93
E33016222,356,170,60,110,186,156,30
E33016223,451,102,37,65,349,296,53
E33016224,412,140,59,81,272,217,55
E33016225,404,109,30,79,295,231,64
E33016226,436,214,95,119,222,193,29
E33016227,415,157,60,97,258,189,69
E33016228,365,79,34,45,286,207,79
E33016229,268,93,34,59,175,131,44
E33016230,405,172,68,104,233,183,50
E33016231,308,137,40,97,171,140,31
E33016232,466,236,95,141,230,193,37
E33016233,330,38,16,22,292,223,69
E33016234,573,163,37,126,410,374,36
E33016235,462,216,65,151,246,194,52
E33016236,353,91,35,56,262,198,64
E33016237,367,123,47,76,244,195,49
E33016238,417,94,36,58,323,257,66
E33016239,241,98,34,64,143,113,30
E33016240,499,189,61,128,310,263,47
E33016241,590,180,57,123,410,309,101
E33016242,808,170,43,127,638,579,59
E33016243,721,309,123,186,412,339,73
E33016244,609,146,42,104,463,406,57
E33016245,470,143,36,107,327,263,64
E33016246,320,146,59,87,174,136,38
E33016247,248,70,34,36,178,128,50
E33016248,352,150,63,87,202,147,55
E33016249,311,138,68,70,173,128,45
E33016250,717,139,54,85,578,430,148
E33016251,259,107,37,70,152,109,43
E33016252,400,105,35,70,295,229,66
E33016253,338,109,46,63,229,179,50
E33016254,332,116,33,83,216,168,48
E33016255,289,81,29,52,208,172,36
E33016256,352,162,65,97,190,141,49
E33016257,619,259,103,156,360,267,93
E33016258,311,80,39,41,231,144,87
E33016259,321,72,27,45,249,158,91
E33016260,533,219,76,143,314,240,74
E33016261,418,146,49,97,272,208,64
E33016262,298,89,43,46,209,133,76
E33016263,267,108,53,55,159,114,45
E33016264,261,102,33,69,159,116,43
E33016265,437,234,75,159,203,167,36
E33016266,379,63,16,47,316,271,45
E33016267,323,99,41,58,224,169,55
E33016268,623,209,62,147,414,345,69
E33016269,241,93,34,59,148,115,33
E33016270,447,96,23,73,351,286,65
E33016271,373,136,43,93,237,183,54
E33016272,374,57,16,41,317,235,82
E33016273,455,224,103,121,231,191,40
E33016274,837,70,20,50,767,689,78
E33016275,418,108,30,78,310,263,47
E33016276,1116,206,58,148,910,797,113
E33016277,603,301,150,151,302,242,60
E33016278,298,140,70,70,158,131,27
E33016279,843,362,129,233,481,440,41
E33016280,305,179,88,91,126,104,22
E33016281,942,365,96,269,577,491,86
E33016282,1068,388,156,232,680,527,153
E33016283,273,88,34,54,185,150,35
E33016284,482,230,75,155,252,202,50
E33016285,319,82,25,57,237,183,54
E33016286,297,120,47,73,177,137,40
E33016287,848,100,33,67,748,665,83
E33016288,337,65,21,44,272,230,42
E33016289,321,67,29,38,254,201,53
E33016290,272,116,41,75,156,128,28
E33016291,334,136,57,79,198,154,44
E33016292,556,203,64,139,353,309,44
E33016293,490,304,179,125,186,154,32
E33016294,3022,937,415,522,2085,1733,352
E33016295,856,406,211,195,450,374,76
E33016296,583,144,53,91,439,363,76
E33016297,605,158,64,94,447,305,142
E33016298,304,88,38,50,216,142,74
E33016299,395,110,57,53,285,189,96
E33016300,333,127,45,82,206,140,66
E33016301,502,113,48,65,389,298,91
E33016302,295,124,53,71,171,133,38
E33016303,643,323,118,205,320,284,36
E33016304,308,125,47,78,183,142,41
E33016305,831,284,89,195,547,426,121
E33016306,389,159,43,116,230,174,56
E33016307,295,115,38,77,180,152,28
E33016308,476,173,60,113,303,225,78
E33016309,332,102,30,72,230,190,40
E33016310,264,87,43,44,177,121,56
E33016311,279,101,38,63,178,135,43
E33016312,711,148,45,103,563,429,134
E33016313,315,129,35,94,186,152,34
E33016314,341,148,65,83,193,154,39
E33016315,283,98,44,54,185,152,33
E33016316,372,119,43,76,253,180,73
E33016317,217,85,34,51,132,96,36
E33016318,294,112,47,65,182,142,40
E33016319,440,138,47,91,302,215,87
E33016320,370,161,59,102,209,150,59
E33016321,602,201,43,158,401,334,67
E33016322,482,186,65,121,296,210,86
E33016323,268,48,20,28,220,165,55
E33016324,413,134,34,100,279,210,69
E33016325,358,114,35,79,244,188,56
E33016326,280,129,39,90,151,121,30
E33016327,518,96,23,73,422,340,82
E33016328,284,113,51,62,171,128,43
E33016329,552,217,68,149,335,259,76
E33016330,451,135,55,80,316,243,73
E33016331,386,110,39,71,276,229,47
E33016332,387,149,60,89,238,179,59
E33016333,324,128,65,63,196,117,79
E33016334,878,148,55,93,730,583,147
E33016335,252,101,50,51,151,112,39
E33016336,258,116,44,72,142,108,34
E33016337,277,100,29,71,177,131,46
E33016338,363,158,79,79,205,143,62
E33016339,281,121,65,56,160,117,43
E33016340,289,123,57,66,166,116,50
E33016341,378,168,75,93,210,155,55
E33016342,277,86,37,49,191,147,44
E33016343,777,168,62,106,609,515,94
E33016344,266,88,25,63,178,133,45
E33016345,443,191,56,135,252,188,64
E33016346,422,165,56,109,257,203,54
E33016347,643,160,50,110,483,356,127
E33016348,645,238,76,162,407,325,82
E33016349,296,96,30,66,200,140,60
E33016350,282,79,15,64,203,163,40
E33016351,329,84,26,58,245,193,52
E33016352,439,174,75,99,265,203,62
E33016353,341,142,63,79,199,166,33
E33016354,689,307,102,205,382,304,78
E33016355,275,86,37,49,189,152,37
E33016356,471,187,60,127,284,235,49
E33016357,379,104,37,67,275,222,53
E33016358,319,133,31,102,186,149,37
E33016359,463,87,36,51,376,325,51
E33016360,332,161,53,108,171,136,35
E33016361,327,115,37,78,212,156,56
E33016362,318,83,17,66,235,186,49
E33016363,519,85,22,63,434,367,67
E33016364,226,82,35,47,144,112,32
E33016365,277,86,33,53,191,146,45
E33016366,538,219,75,144,319,265,54
E33016367,477,147,47,100,330,266,64
E33016368,707,273,107,166,434,254,180
E33016369,289,93,43,50,196,111,85
E33016370,494,193,79,114,301,217,84
E33016371,343,95,43,52,248,163,85
E33016372,375,121,51,70,254,177,77
E33016373,626,212,77,135,414,311,103
E33016374,493,175,68,107,318,271,47
E33016375,788,380,144,236,408,320,88
E33016376,271,95,39,56,176,124,52
E33016377,258,114,43,71,144,113,31
E33016378,290,116,50,66,174,118,56
E33016379,383,122,42,80,261,199,62
E33016380,331,119,52,67,212,154,58
E33016381,499,107,45,62,392,307,85
E33016382,316,153,41,112,163,116,47
E33016383,396,87,29,58,309,229,80
E33016384,374,143,67,76,231,166,65
E33016385,740,149,52,97,591,516,75
E33016386,444,143,58,85,301,218,83
E33016387,206,47,16,31,159,95,64
E33016388,365,97,36,61,268,196,72
E33016389,346,127,69,58,219,177,42
E33016390,239,94,43,51,145,89,56
E33016391,277,102,28,74,175,130,45
E33016392,307,137,62,75,170,113,57
E33016393,288,99,41,58,189,132,57
E33016394,410,166,76,90,244,188,56
E33016395,534,102,52,50,432,314,118
E33016396,266,46,19,27,220,138,82
E33016397,300,87,37,50,213,140,73
E33016398,343,137,58,79,206,140,66
E33016399,253,63,26,37,190,113,77
E33016400,232,60,24,36,172,103,69
E33016401,283,112,51,61,171,112,59
E33016402,358,134,46,88,224,146,78
E33016403,282,79,25,54,203,155,48
E33016404,341,101,54,47,240,147,93
E33016405,251,108,28,80,143,115,28
E33016406,351,108,53,55,243,187,56
E33016407,464,186,82,104,278,207,71
E33016408,245,60,30,30,185,134,51
E33016409,347,125,57,68,222,157,65
E33016410,436,141,47,94,295,245,50
E33016411,290,112,41,71,178,127,51
E33016412,463,190,67,123,273,219,54
E33016413,437,193,67,126,244,208,36
E33016414,669,226,101,125,443,364,79
E33016415,295,86,26,60,209,169,40
E33016416,262,104,50,54,158,109,49
E33016417,391,102,31,71,289,232,57
E33016418,1126,275,89,186,851,671,180
E33016419,475,70,24,46,405,305,100
E33016420,408,154,49,105,254,205,49
E33016421,235,89,28,61,146,101,45
E33016422,273,103,48,55,170,141,29
E33016423,276,104,57,47,172,145,27
E33016424,629,265,92,173,364,282,82
E33016425,291,133,50,83,158,123,35
E33016426,826,190,79,111,636,460,176
E33016427,309,84,30,54,225,160,65
E33016428,463,182,48,134,281,208,73
E33016429,789,178,50,128,611,415,196
E33016430,492,152,65,87,340,261,79
E33016431,1135,213,72,141,922,783,139
E33016432,405,125,49,76,280,207,73
E33016433,437,177,69,108,260,197,63
E33016434,484,150,53,97,334,240,94
E33016435,776,184,76,108,592,425,167
E33016436,669,310,120,190,359,260,99
E33016437,256,102,39,63,154,122,32
E33016438,346,133,52,81,213,157,56
E33016439,296,81,32,49,215,136,79
E33016440,437,163,78,85,274,171,103
E33016441,299,127,44,83,172,137,35
E33016442,1375,148,57,91,1227,1065,162
E33016443,532,212,57,155,320,235,85
E33016444,270,121,59,62,149,102,47
E33016445,325,125,60,65,200,152,48
E33016446,458,178,80,98,280,208,72
E33016447,836,211,81,130,625,497,128
E33016448,307,100,36,64,207,133,74
E33016449,235,96,38,58,139,103,36
E33016450,324,90,39,51,234,189,45
E33016451,465,113,39,74,352,310,42
E33016452,288,136,39,97,152,120,32
E33016453,643,291,99,192,352,291,61
E33016454,640,234,67,167,406,303,103
E33016455,309,119,38,81,190,136,54
E33016456,1104,171,55,116,933,785,148
E33016457,313,95,32,63,218,177,41
E33016458,351,103,49,54,248,212,36
E33016459,900,420,151,269,480,398,82
E33016460,395,148,69,79,247,170,77
E33016461,342,130,52,78,212,147,65
E33016462,343,131,48,83,212,124,88
E33016463,932,148,48,100,784,658,126
E33016464,540,298,78,220,242,200,42
E33016465,551,202,80,122,349,257,92
E33016466,240,62,24,38,178,142,36
E33016467,338,152,46,106,186,148,38
E33016468,458,192,42,150,266,227,39
E33016469,289,95,28,67,194,165,29
E33016470,266,72,30,42,194,157,37
E33016471,321,107,24,83,214,171,43
E33016472,310,108,25,83,202,161,41
E33016473,931,390,132,258,541,463,78
E33016474,349,125,41,84,224,180,44
E33016475,375,164,36,128,211,154,57
E33016476,379,134,46,88,245,169,76
E33016477,1003,219,71,148,784,658,126
E33016478,1515,301,96,205,1214,1123,91
E33016479,702,236,63,173,466,386,80
E33016480,476,195,61,134,281,195,86
E33016481,296,109,43,66,187,144,43
E33016482,277,97,33,64,180,147,33
E33016483,319,157,63,94,162,123,39
E33016484,259,107,32,75,152,116,36
E33016485,284,115,36,79,169,135,34
E33016486,336,130,47,83,206,162,44
E33016487,291,144,63,81,147,121,26
E33016488,684,82,20,62,602,543,59
E33016489,405,102,42,60,303,238,65
E33016490,350,103,40,63,247,183,64
E33016491,259,112,67,45,147,82,65
E33016492,392,155,72,83,237,154,83
E33016493,595,137,45,92,458,338,120
E33016494,307,83,32,51,224,135,89
E33016495,461,158,63,95,303,242,61
E33016496,400,121,59,62,279,173,106
E33016497,268,83,32,51,185,129,56
E33016498,263,99,52,47,164,98,66
E33016499,264,102,38,64,162,117,45
E33016500,555,134,58,76,421,319,102
E33016501,466,167,57,110,299,214,85
E33016502,655,315,94,221,340,298,42
E33016503,383,179,67,112,204,155,49
E33016504,622,121,44,77,501,357,144
E33016505,356,134,45,89,222,153,69
E33016506,677,252,104,148,425,350,75
E33016507,434,169,75,94,265,194,71
E33016508,696,141,49,92,555,440,115
E33016509,565,206,69,137,359,281,78
E33016510,477,164,59,105,313,225,88
E33016511,238,57,20,37,181,146,35
E33016512,738,380,151,229,358,287,71
E33016513,340,134,62,72,206,168,38
E33016514,312,93,34,59,219,152,67
E33016515,402,148,59,89,254,196,58
E33016516,333,114,36,78,219,184,35
E33016517,335,132,49,83,203,124,79
E33016518,446,126,49,77,320,200,120
E33016519,313,77,27,50,236,166,70
E33016520,257,60,25,35,197,133,64
E33016521,238,74,33,41,164,94,70
E33016522,303,118,50,68,185,129,56
E33016523,344,97,33,64,247,177,70
E33016524,330,176,96,80,154,106,48
E33016525,4272,1015,145,870,3257,2918,339
E33016526,269,99,34,65,170,122,48
E33016527,712,227,70,157,485,377,108
E33016528,575,124,44,80,451,360,91
E33016529,319,87,39,48,232,173,59
E33016530,1178,206,61,145,972,820,152
E33016531,281,129,49,80,152,94,58
E33016532,924,115,42,73,809,706,103
E33016533,513,154,70,84,359,269,90
E33016534,535,105,38,67,430,375,55
E33016535,624,246,81,165,378,307,71
E33016536,482,168,53,115,314,234,80
E33016537,303,111,46,65,192,138,54
E33016538,493,168,57,111,325,277,48
E33016539,655,245,81,164,410,350,60
E33016540,448,173,59,114,275,206,69
E33016541,491,122,54,68,369,283,86
E33016542,398,173,53,120,225,173,52
E33016543,354,128,64,64,226,158,68
E33016544,776,192,57,135,584,485,99
E33016545,318,111,41,70,207,132,75
E33016546,369,124,48,76,245,191,54
E33016547,246,103,42,61,143,98,45
E33016548,358,152,58,94,206,155,51
E33016549,354,95,27,68,259,202,57
E33016550,385,155,56,99,230,181,49
E33016551,495,183,59,124,312,254,58
E33016552,293,71,29,42,222,159,63
E33016553,261,97,44,53,164,112,52
E33016554,327,86,37,49,241,175,66
E33016555,524,144,52,92,380,254,126
E33016556,339,101,30,71,238,166,72
E33016557,660,327,69,258,333,278,55
E33016558,490,184,70,114,306,247,59
E33016559,290,101,26,75,189,136,53
E33016560,267,99,37,62,168,124,44
E33016561,268,83,28,55,185,137,48
E33016562,391,167,62,105,224,180,44
E33016563,302,71,14,57,231,178,53
E33016564,331,123,46,77,208,131,77
E33016565,328,135,40,95,193,137,56
E33016566,377,77,30,47,300,227,73
E33016567,707,64,20,44,643,474,169
E33016568,456,148,52,96,308,242,66
E33016569,607,178,79,99,429,306,123
E33016570,238,84,37,47,154,80,74
E33016571,419,98,31,67,321,244,77
E33016572,466,234,87,147,232,186,46
E33016573,399,99,26,73,300,231,69
E33016574,585,93,33,60,492,384,108
E33016575,479,149,46,103,330,233,97
E33016576,311,96,20,76,215,153,62
E33016577,459,208,77,131,251,198,53
E33016578,434,142,39,103,292,219,73
E33016579,671,81,25,56,590,442,148
E33016580,651,240,77,163,411,329,82
E33016581,275,111,39,72,164,132,32
E33016582,394,128,35,93,266,227,39
E33016583,220,97,31,66,123,104,19
E33016584,305,129,53,76,176,152,24
E33016585,320,150,60,90,170,148,22
E33016586,308,57,21,36,251,206,45
E33016587,542,222,77,145,320,259,61
E33016588,723,291,79,212,432,368,64
E33016589,543,140,14,126,403,350,53
E33016590,303,112,36,76,191,172,19
E33016591,474,226,59,167,248,207,41
E33016592,981,197,44,153,784,713,71
E33016593,308,113,43,70,195,150,45
E33016594,511,159,52,107,352,303,49
E33016595,586,120,30,90,466,410,56
E33016596,390,166,52,114,224,189,35
E33016597,1252,156,40,116,1096,981,115
E33016598,725,111,40,71,614,514,100
E33016599,304,78,35,43,226,186,40
E33016600,562,242,86,156,320,247,73
E33016601,334,108,46,62,226,168,58
E33016602,427,116,32,84,311,258,53
E33016603,711,89,32,57,622,388,234
E33016604,294,70,25,45,224,132,92
E33016605,272,66,20,46,206,118,88
E33016606,334,53,19,34,281,209,72
E33016607,231,67,21,46,164,109,55
E33016608,736,126,32,94,610,451,159
E33016609,376,143,38,105,233,171,62
E33016610,326,122,25,97,204,187,17
E33016611,305,83,20,63,222,189,33
E33016612,500,141,23,118,359,332,27
E33016613,382,144,27,117,238,198,40
E33016614,464,202,36,166,262,229,33
E33016615,457,180,41,139,277,237,40
E33016616,417,125,34,91,292,241,51
E33016617,637,286,91,195,351,293,58
E33016618,302,51,20,31,251,187,64
E33016619,297,122,35,87,175,141,34
E33016620,655,233,74,159,422,343,79
E33016621,606,163,47,116,443,376,67
E33016622,574,134,44,90,440,355,85
E33016623,352,115,33,82,237,204,33
E33016624,550,217,61,156,333,276,57
E33016625,253,69,21,48,184,140,44
E33016626,227,93,26,67,134,110,24
E33016627,526,79,28,51,447,200,247
E33016628,244,77,38,39,167,96,71
E33016629,308,81,30,51,227,169,58
E33016630,325,65,25,40,260,134,126
E33016631,361,118,36,82,243,200,43
E33016632,304,65,20,45,239,168,71
E33016633,251,81,30,51,170,127,43
E33016634,568,175,52,123,393,287,106
E33016635,316,133,31,102,183,143,40
E33016636,264,83,29,54,181,110,71
E33016637,263,83,37,46,180,132,48
E33016638,333,101,35,66,232,149,83
E33016639,275,137,48,89,138,101,37
E33016640,234,112,45,67,122,94,28
E33016641,243,60,20,40,183,133,50
E33016642,405,153,59,94,252,184,68
E33016643,236,93,34,59,143,78,65
E33016644,445,198,83,115,247,160,87
E33016645,554,178,60,118,376,261,115
E33016646,242,80,33,47,162,108,54
E33016647,583,221,64,157,362,278,84
E33016648,270,90,36,54,180,131,49
E33016649,433,68,30,38,365,310,55
E33016650,336,101,25,76,235,193,42
E33016651,601,239,69,170,362,319,43
E33016652,744,291,72,219,453,412,41
E33016653,286,99,29,70,187,161,26
E33016654,325,119,36,83,206,161,45
E33016655,234,109,44,65,125,89,36
E33016656,513,242,95,147,271,211,60
E33016657,518,230,88,142,288,231,57
E33016658,426,153,43,110,273,219,54
E33016659,278,156,45,111,122,88,34
E33016660,493,246,71,175,247,181,66
E33016661,271,62,20,42,209,150,59
E33016662,349,118,56,62,231,171,60
E33016663,453,197,45,152,256,213,43
E33016664,318,131,24,107,187,159,28
E33016665,250,77,30,47,173,130,43
E33016666,307,129,46,83,178,135,43
E33016667,457,238,63,175,219,169,50
E33016668,348,124,45,79,224,157,67
E33016669,250,87,37,50,163,97,66
E33016670,274,92,42,50,182,112,70
E33016671,239,81,24,57,158,101,57
E33016672,254,74,35,39,180,119,61
E33016673,324,139,51,88,185,121,64
E33016674,310,73,27,46,237,128,109
E33016675,251,88,39,49,163,104,59
E33016676,533,217,84,133,316,242,74
E33016677,373,114,35,79,259,156,103
E33016678,252,82,33,49,170,119,51
E33016679,291,95,40,55,196,126,70
E33016680,520,147,44,103,373,276,97
E33016681,388,159,47,112,229,166,63
E33016682,381,143,41,102,238,152,86
E33016683,392,160,58,102,232,164,68
E33016684,323,108,41,67,215,140,75
E33016685,300,100,32,68,200,130,70
E33016686,325,96,31,65,229,149,80
E33016687,263,83,34,49,180,114,66
E33016688,329,117,42,75,212,147,65
E33016689,357,130,50,80,227,151,76
E33016690,321,87,31,56,234,171,63
E33016691,263,113,29,84,150,110,40
E33016692,572,153,45,108,419,272,147
E33016693,290,126,44,82,164,102,62
E33016694,293,115,46,69,178,126,52
E33016695,448,73,21,52,375,287,88
E33016696,311,142,42,100,169,138,31
E33016697,310,93,29,64,217,166,51
E33016698,249,85,39,46,164,122,42
E33016699,333,140,49,91,193,121,72
E33016700,276,122,27,95,154,135,19
E33016701,224,76,24,52,148,126,22
E33016702,319,136,44,92,183,151,32
E33016703,482,80,24,56,402,344,58
E33016704,243,86,18,68,157,114,43
E33016705,274,80,21,59,194,141,53
E33016706,275,110,35,75,165,105,60
E33016707,288,92,25,67,196,163,33
E33016708,674,184,62,122,490,401,89
E33016709,717,215,73,142,502,413,89
E33016710,564,207,62,145,357,282,75
E33016711,637,208,60,148,429,306,123
E33016712,399,169,41,128,230,187,43
E33016713,615,193,68,125,422,326,96
E33016714,882,196,50,146,686,545,141
E33016715,236,86,19,67,150,106,44
E33016716,331,135,28,107,196,125,71
E33016717,593,209,52,157,384,314,70
E33016718,224,119,21,98,105,83,22
E33016719,614,317,54,263,297,277,20
E33016720,896,445,106,339,451,382,69
E33016721,234,72,22,50,162,118,44
E33016722,373,152,48,104,221,194,27
E33016723,287,87,35,52,200,152,48
E33016724,286,116,32,84,170,129,41
E33016725,463,225,82,143,238,194,44
E33016726,449,214,50,164,235,191,44
E33016727,319,106,41,65,213,170,43
E33016728,507,219,102,117,288,200,88
E33016729,315,85,31,54,230,169,61
E33016730,3252,198,84,114,3054,2555,499
E33016731,276,100,52,48,176,125,51
E33016732,235,97,32,65,138,108,30
E33016733,305,111,30,81,194,129,65
E33016734,275,84,21,63,191,135,56
E33016735,303,93,30,63,210,140,70
E33016736,243,66,31,35,177,113,64
E33016737,336,73,23,50,263,183,80
E33016738,389,101,44,57,288,138,150
E33016739,348,95,40,55,253,149,104
E33016740,304,73,26,47,231,141,90
E33016741,419,143,47,96,276,187,89
E33016742,510,202,60,142,308,201,107
E33016743,769,290,92,198,479,399,80
E33016744,237,111,33,78,126,98,28
E33016745,420,236,88,148,184,169,15
E33016746,290,89,29,60,201,156,45
E33016747,264,86,22,64,178,153,25
E33016748,339,167,58,109,172,158,14
E33016749,278,124,46,78,154,125,29
E33016750,387,139,53,86,248,184,64
E33016751,459,201,54,147,258,210,48
E33016752,341,118,43,75,223,172,51
E33016753,502,154,41,113,348,316,32
E33016754,220,104,29,75,116,97,19
E33016755,646,146,31,115,500,472,28
E33016756,579,239,96,143,340,279,61
E33016757,539,215,81,134,324,279,45
E33016758,4503,1520,295,1225,2983,2715,268
E33016759,459,149,55,94,310,237,73
E33016760,517,226,103,123,291,234,57
E33016761,599,180,56,124,419,373,46
E33016762,301,98,19,79,203,157,46
E33016763,507,179,48,131,328,258,70
E33016764,545,123,31,92,422,341,81
E33016765,403,146,54,92,257,185,72
E33016766,320,134,51,83,186,154,32
E33016767,232,87,32,55,145,127,18
E33016768,257,116,47,69,141,99,42
E33016769,627,176,33,143,451,412,39
E33016770,909,136,29,107,773,670,103
E33016771,277,115,44,71,162,121,41
E33016772,461,146,44,102,315,277,38
E33016773,256,88,20,68,168,151,17
E33016774,297,104,25,79,193,154,39
E33016775,358,156,51,105,202,184,18
E33016776,336,119,35,84,217,174,43
E33016777,367,172,91,81,195,154,41
E33016778,306,139,36,103,167,122,45
E33016779,356,139,44,95,217,167,50
E33016780,355,179,31,148,176,143,33
E33016781,464,118,52,66,346,254,92
E33016782,270,84,27,57,186,135,51
E33016783,358,146,45,101,212,174,38
E33016784,286,93,28,65,193,145,48
E33016785,528,189,77,112,339,270,69
E33016786,345,109,39,70,236,194,42
E33016787,414,123,34,89,291,256,35
E33016788,445,179,71,108,266,202,64
E33016789,486,281,90,191,205,174,31
E33016790,629,240,103,137,389,318,71
E33016791,779,170,44,126,609,523,86
E33016792,277,124,40,84,153,119,34
E33016793,321,116,37,79,205,151,54
E33016794,393,187,59,128,206,154,52
E33016795,404,142,40,102,262,205,57
E33016796,437,153,55,98,284,230,54
E33016797,418,172,70,102,246,180,66
E33016798,255,107,47,60,148,102,46
E33016799,299,73,25,48,226,163,63
E33016800,283,96,44,52,187,141,46
E33016801,449,205,68,137,244,189,55
E33016802,251,94,38,56,157,112,45
E33016803,305,85,28,57,220,172,48
E33016804,376,116,34,82,260,197,63
E33016805,362,156,62,94,206,145,61
E33016806,509,129,37,92,380,277,103
E33016807,246,92,32,60,154,96,58
E33016808,574,121,35,86,453,320,133
E33016809,436,191,81,110,245,190,55
E33016810,1003,167,46,121,836,613,223
E33016811,402,110,50,60,292,227,65
E33016812,456,92,33,59,364,292,72
E33016813,282,96,29,67,186,145,41
E33016814,270,100,39,61,170,126,44
E33016815,293,111,43,68,182,119,63
E33016816,4148,378,152,226,3770,3166,604
E33016817,835,231,96,135,604,456,148
E33016818,360,135,49,86,225,163,62
E33016819,300,105,34,71,195,135,60
E33016820,270,86,24,62,184,124,60
E33016821,534,189,66,123,345,254,91
E33016822,260,116,44,72,144,109,35
E33016823,239,66,24,42,173,132,41
E33016824,261,64,32,32,197,108,89
E33016825,601,246,77,169,355,273,82
E33016826,252,94,36,58,158,103,55
E33016827,440,107,33,74,333,265,68
E33016828,355,120,45,75,235,171,64
E33016829,350,90,26,64,260,208,52
E33016830,238,75,25,50,163,104,59
E33016831,436,172,66,106,264,178,86
E33016832,468,125,54,71,343,220,123
E33016833,561,198,87,111,363,252,111
E33016834,1233,199,85,114,1034,865,169
E33016835,313,98,34,64,215,160,55
E33016836,431,176,58,118,255,201,54
E33016837,779,175,67,108,604,487,117
E33016838,263,108,42,66,155,99,56
E33016839,480,166,77,89,314,197,117
E33016840,290,107,38,69,183,145,38
E33016841,304,105,39,66,199,155,44
E33016842,458,171,60,111,287,238,49
E33016843,299,114,42,72,185,147,38
E33016844,566,292,91,201,274,216,58
E33016845,253,98,22,76,155,114,41
E33016846,404,133,46,87,271,213,58
E33016847,345,86,38,48,259,155,104
E33016848,347,88,18,70,259,226,33
E33016849,355,138,57,81,217,171,46
E33016850,578,143,60,83,435,300,135
E33016851,429,145,50,95,284,213,71
E33016852,387,157,52,105,230,174,56
E33016853,277,67,26,41,210,104,106
E33016854,289,49,20,29,240,144,96
E33016855,271,68,28,40,203,103,100
E33016856,242,75,29,46,167,102,65
E33016857,286,54,19,35,232,138,94
E33016858,338,119,40,79,219,168,51
E33016859,257,81,24,57,176,120,56
E33016860,373,109,46,63,264,171,93
E33016861,292,109,51,58,183,111,72
E33016862,447,152,51,101,295,217,78
E33016863,222,25,11,14,197,92,105
E33016864,237,64,14,50,173,113,60
E33016865,326,108,40,68,218,135,83
E33016866,276,75,26,49,201,130,71
E33016867,1950,231,67,164,1719,1488,231
E33016868,347,112,32,80,235,174,61
E33016869,257,87,28,59,170,116,54
E33016870,331,132,50,82,199,140,59
E33016871,492,167,50,117,325,229,96
E33016872,491,141,47,94,350,251,99
E33016873,299,89,28,61,210,124,86
E33016874,370,159,61,98,211,152,59
E33016875,476,90,39,51,386,284,102
E33016876,552,89,30,59,463,311,152
E33016877,429,88,28,60,341,235,106
E33016878,239,70,21,49,169,97,72
E33016879,263,32,9,23,231,111,120
E33016880,394,160,54,106,234,154,80
E33016881,480,110,44,66,370,270,100
E33016882,283,80,34,46,203,147,56
E33016883,734,291,78,213,443,388,55
E33016884,595,311,106,205,284,235,49
E33016885,289,73,33,40,216,163,53
E33016886,324,102,40,62,222,155,67
E33016887,2963,300,69,231,2663,2175,488
E33016888,276,107,41,66,169,135,34
E33016889,664,276,79,197,388,292,96
E33016890,766,305,136,169,461,401,60
E33016891,480,78,27,51,402,352,50
E33016892,437,154,59,95,283,211,72
E33016893,397,163,38,125,234,198,36
E33016894,336,59,23,36,277,184,93
E33016895,277,102,33,69,175,103,72
E33016896,315,100,36,64,215,152,63
E33016897,329,115,54,61,214,126,88
E33016898,305,78,26,52,227,152,75
E33016899,399,177,61,116,222,170,52
E33016900,267,61,26,35,206,140,66
E33016901,246,88,30,58,158,141,17
E33016902,1204,154,57,97,1050,849,201
E33016903,247,117,41,76,130,103,27
E33016904,300,111,45,66,189,124,65
E33016905,255,91,37,54,164,109,55
E33016906,287,78,33,45,209,142,67
E33016907,260,101,23,78,159,119,40
E33016908,494,121,41,80,373,281,92
E33016909,304,70,26,44,234,168,66
E33016910,281,98,36,62,183,104,79
E33016911,900,223,72,151,677,534,143
E33016912,313,82,36,46,231,146,85
E33016913,294,90,38,52,204,137,67
E33016914,357,115,46,69,242,166,76
E33016915,520,222,71,151,298,222,76
E33016916,324,98,42,56,226,151,75
E33016917,246,76,41,35,170,104,66
E33016918,345,120,63,57,225,139,86
E33016919,250,103,35,68,147,87,60
E33016920,787,233,105,128,554,451,103
E33016921,305,103,46,57,202,139,63
E33016922,440,95,32,63,345,272,73
E33016923,311,105,30,75,206,146,60
E33016924,564,212,89,123,352,238,114
E33016925,497,150,50,100,347,271,76
E33016926,240,73,29,44,167,96,71
E33016927,322,118,61,57,204,129,75
E33016928,333,72,22,50,261,205,56
E33016929,359,140,49,91,219,155,64
E33016930,479,201,68,133,278,208,70
E33016931,275,87,32,55,188,135,53
E33016932,535,231,67,164,304,237,67
E33016933,443,163,52,111,280,223,57
E33016934,1585,298,103,195,1287,1126,161
E33016935,489,193,58,135,296,253,43
E33016936,355,99,26,73,256,213,43
E33016937,435,71,18,53,364,319,45
E33016938,576,140,33,107,436,381,55
E33016939,567,259,74,185,308,281,27
E33016940,337,108,33,75,229,209,20
E33016941,322,95,33,62,227,170,57
E33016942,325,118,41,77,207,168,39
E33016943,273,114,32,82,159,138,21
E33016944,251,105,31,74,146,107,39
E33016945,329,101,21,80,228,187,41
E33016946,382,59,20,39,323,278,45
E33016947,661,146,35,111,515,400,115
E33016948,480,140,51,89,340,254,86
E33016949,266,90,46,44,176,118,58
E33016950,715,125,47,78,590,451,139
E33016951,425,74,35,39,351,281,70
E33016952,424,160,65,95,264,179,85
E33016953,233,92,51,41,141,79,62
E33016954,366,126,61,65,240,144,96
E33016955,1247,192,57,135,1055,869,186
E33016956,375,139,54,85,236,158,78
E33016957,421,129,53,76,292,206,86
E33016958,232,70,12,58,162,126,36
E33016959,456,155,64,91,301,188,113
E33016960,360,92,37,55,268,204,64
E33016961,726,185,68,117,541,386,155
E33016962,357,100,29,71,257,149,108
E33016963,231,78,29,49,153,95,58
E33016964,251,88,38,50,163,112,51
E33016965,338,115,47,68,223,148,75
E33016966,349,172,48,124,177,138,39
E33016967,290,105,36,69,185,129,56
E33016968,700,341,86,255,359,291,68
E33016969,370,143,65,78,227,158,69
E33016970,383,189,75,114,194,161,33
E33016971,440,121,31,90,319,250,69
E33016972,279,48,14,34,231,170,61
E33016973,365,123,63,60,242,178,64
E33016974,668,326,140,186,342,256,86
E33016975,271,115,53,62,156,106,50
E33016976,221,63,26,37,158,92,66
E33016977,614,180,67,113,434,290,144
E33016978,309,88,34,54,221,146,75
E33016979,262,91,45,46,171,119,52
E33016980,417,137,62,75,280,195,85
E33016981,249,91,39,52,158,113,45
E33016982,316,118,47,71,198,152,46
E33016983,317,114,45,69,203,161,42
E33016984,617,302,119,183,315,234,81
E33016985,277,106,25,81,171,144,27
E33016986,682,227,78,149,455,392,63
E33016987,331,100,45,55,231,178,53
E33016988,366,113,62,51,253,201,52
E33016989,362,114,40,74,248,182,66
E33016990,567,251,93,158,316,227,89
E33016991,306,96,43,53,210,156,54
E33016992,405,121,52,69,284,218,66
E33016993,354,152,60,92,202,146,56
E33016994,582,224,60,164,358,317,41
E33016995,343,160,45,115,183,142,41
E33016996,531,236,104,132,295,227,68
E33016997,227,63,20,43,164,126,38
E33016998,252,101,44,57,151,126,25
E33016999,292,97,45,52,195,143,52
E33017000,932,103,41,62,829,730,99
E33017001,306,108,36,72,198,144,54
E33017002,322,118,57,61,204,156,48
E33017003,672,113,37,76,559,406,153
E33017004,361,135,64,71,226,168,58
E33017005,309,113,40,73,196,121,75
E33017006,377,150,73,77,227,158,69
E33017007,641,254,93,161,387,288,99
E33017008,264,87,29,58,177,113,64
E33017009,279,108,36,72,171,119,52
E33017010,416,82,37,45,334,266,68
E33017011,255,101,43,58,154,122,32
E33017012,342,106,37,69,236,145,91
E33017013,315,117,58,59,198,138,60
E33017014,479,158,54,104,321,273,48
E33017015,317,156,74,82,161,112,49
E33017016,617,199,62,137,418,317,101
E33017017,254,84,41,43,170,105,65
E33017018,283,99,39,60,184,113,71
E33017019,250,101,17,84,149,125,24
E33017020,759,233,88,145,526,417,109
E33017021,313,106,41,65,207,125,82
E33017022,267,94,45,49,173,109,64
E33017023,270,66,29,37,204,145,59
E33017024,394,129,62,67,265,203,62
E33017025,679,324,108,216,355,283,72
E33017026,475,81,32,49,394,341,53
E33017027,522,161,55,106,361,308,53
E33017028,424,189,71,118,235,170,65
E33017029,360,85,23,62,275,221,54
E33017030,305,107,32,75,198,138,60
E33017031,290,113,42,71,177,135,42
E33017032,340,172,36,136,168,148,20
E33017033,268,80,32,48,188,161,27
E33017034,232,76,47,29,156,90,66
E33017035,300,107,40,67,193,122,71
E33017036,455,98,38,60,357,212,145
E33017037,557,176,64,112,381,292,89
E33017038,429,169,83,86,260,181,79
E33017039,256,79,29,50,177,121,56
E33017040,293,106,24,82,187,151,36
E33017041,709,158,30,128,551,459,92
E33017042,315,61,23,38,254,229,25
E33017043,244,77,32,45,167,124,43
E33017044,294,112,47,65,182,134,48
E33017045,324,104,43,61,220,143,77
E33017046,301,97,49,48,204,153,51
E33017047,266,91,32,59,175,120,55
E33017048,251,70,25,45,181,131,50
E33017049,281,89,47,42,192,119,73
E33017050,592,218,81,137,374,263,111
E33017051,575,247,105,142,328,240,88
E33017052,414,124,56,68,290,200,90
E33017053,492,103,35,68,389,240,149
E33017054,557,164,55,109,393,289,104
E33017055,481,106,42,64,375,289,86
E33017056,384,125,67,58,259,197,62
E33017057,345,132,46,86,213,168,45
E33017058,616,65,19,46,551,451,100
E33017059,308,133,55,78,175,128,47
E33017060,256,70,44,26,186,140,46
E33017061,245,132,47,85,113,82,31
E33017062,260,103,48,55,157,104,53
E33017063,359,194,83,111,165,122,43
E33017064,1268,221,70,151,1047,884,163
E33017065,435,120,46,74,315,202,113
E33017066,278,75,34,41,203,152,51
E33017067,238,90,29,61,148,117,31
E33017068,358,107,30,77,251,181,70
E33017069,333,93,35,58,240,163,77
E33017070,333,146,65,81,187,126,61
E33017071,1027,174,44,130,853,777,76
E33017072,291,104,39,65,187,122,65
E33017073,434,165,68,97,269,198,71
E33017074,497,182,35,147,315,260,55
E33017075,254,98,34,64,156,113,43
E33017076,316,104,41,63,212,157,55
E33017077,376,49,15,34,327,278,49
E33017078,430,123,40,83,307,264,43
E33017079,507,88,22,66,419,312,107
E33017080,356,84,31,53,272,207,65
E33017081,840,106,31,75,734,594,140
E33017082,254,69,27,42,185,149,36
E33017083,221,110,33,77,111,94,17
E33017084,1011,148,44,104,863,741,122
E33017085,291,104,24,80,187,135,52
E33017086,707,279,57,222,428,378,50
E33017087,294,113,32,81,181,133,48
E33017088,533,208,67,141,325,260,65
E33017089,402,117,23,94,285,249,36
E33017090,402,139,36,103,263,227,36
E33017091,556,209,58,151,347,296,51
E33017092,359,132,32,100,227,176,51
E33017093,315,104,17,87,211,176,35
E33017094,406,182,50,132,224,188,36
E33017095,333,120,58,62,213,138,75
E33017096,355,106,39,67,249,169,80
E33017097,267,84,28,56,183,133,50
E33017098,284,110,51,59,174,117,57
E33017099,266,82,27,55,184,133,51
E33017100,338,121,51,70,217,157,60
E33017101,329,92,50,42,237,167,70
E33017102,439,148,51,97,291,221,70
E33017103,334,99,43,56,235,167,68
E33017104,411,95,37,58,316,232,84
E33017105,385,169,63,106,216,161,55
E33017106,403,138,47,91,265,194,71
E33017107,465,156,71,85,309,240,69
E33017108,1480,340,114,226,1140,1004,136
E33017109,1034,169,61,108,865,579,286
E33017110,262,94,35,59,168,117,51
E33017111,260,102,43,59,158,101,57
E33017112,397,114,50,64,283,209,74
E33017113,576,82,28,54,494,382,112
E33017114,487,182,71,111,305,209,96
E33017115,480,188,71,117,292,215,77
E33017116,292,104,59,45,188,128,60
E33017117,496,209,90,119,287,230,57
E33017118,273,86,48,38,187,137,50
E33017119,313,115,49,66,198,143,55
E33017120,388,145,57,88,243,192,51
E33017121,310,118,49,69,192,150,42
E33017122,327,90,33,57,237,194,43
E33017123,359,116,56,60,243,166,77
E33017124,390,149,64,85,241,185,56
E33017125,265,76,35,41,189,130,59
E33017126,343,150,59,91,193,146,47
E33017127,317,117,54,63,200,138,62
E33017128,361,116,41,75,245,178,67
E33017129,422,162,55,107,260,180,80
E33017130,318,41,19,22,277,204,73
E33017131,278,88,33,55,190,147,43
E33017132,225,102,24,78,123,99,24
E33017133,711,262,51,211,449,397,52
E33017134,384,87,24,63,297,234,63
E33017135,410,47,11,36,363,288,75
E33017136,520,145,47,98,375,311,64
E33017137,1978,130,44,86,1848,1664,184
E33017138,685,118,26,92,567,499,68
E33017139,380,62,19,43,318,251,67
E33017140,408,191,62,129,217,166,51
E33017141,792,222,79,143,570,437,133
E33017142,319,94,44,50,225,158,67
E33017143,256,117,42,75,139,110,29
E33017144,384,124,50,74,260,170,90
E33017145,279,86,34,52,193,131,62
E33017146,379,115,42,73,264,207,57
E33017147,312,103,33,70,209,163,46
E33017148,381,136,54,82,245,166,79
E33017149,237,85,35,50,152,111,41
E33017150,398,149,64,85,249,187,62
E33017151,298,103,43,60,195,132,63
E33017152,311,78,19,59,233,177,56
E33017153,354,103,45,58,251,169,82
E33017154,379,100,42,58,279,217,62
E33017155,419,109,55,54,310,174,136
E33017156,443,129,33,96,314,216,98
E33017157,262,82,25,57,180,127,53
E33017158,337,112,35,77,225,176,49
E33017159,273,87,37,50,186,140,46
E33017160,680,272,122,150,408,326,82
E33017161,660,113,45,68,547,437,110
E33017162,235,47,23,24,188,140,48
E33017163,369,133,54,79,236,174,62
E33017164,698,58,28,30,640,545,95
E33017165,288,103,44,59,185,132,53
E33017166,312,136,63,73,176,135,41
E33017167,274,110,46,64,164,125,39
E33017168,277,108,44,64,169,110,59
E33017169,237,104,36,68,133,101,32
E33017170,276,106,53,53,170,116,54
E33017171,624,124,46,78,500,340,160
E33017172,526,236,101,135,290,232,58
E33017173,324,133,48,85,191,121,70
E33017174,241,91,39,52,150,105,45
E33017175,297,104,40,64,193,132,61
E33017176,415,118,52,66,297,266,31
E33017177,317,74,31,43,243,173,70
E33017178,376,62,29,33,314,246,68
E33017179,343,150,69,81,193,144,49
E33017180,316,113,45,68,203,138,65
E33017181,370,100,45,55,270,215,55
E33017182,269,103,45,58,166,120,46
E33017183,364,126,55,71,238,168,70
E33017184,288,97,42,55,191,136,55
E33017185,548,77,23,54,471,376,95
E33017186,290,90,21,69,200,148,52
E33017187,507,228,100,128,279,205,74
E33017188,318,140,43,97,178,143,35
E33017189,370,93,35,58,277,217,60
E33017190,269,44,18,26,225,133,92
E33017191,429,186,75,111,243,193,50
E33017192,534,86,15,71,448,369,79
E33017193,341,87,20,67,254,211,43
E33017194,448,205,86,119,243,171,72
E33017195,587,162,65,97,425,341,84
E33017196,666,185,50,135,481,358,123
E33017197,689,261,117,144,428,303,125
E33017198,287,75,26,49,212,125,87
E33017199,321,39,20,19,282,235,47
E33017200,463,133,51,82,330,227,103
E33017201,291,128,42,86,163,135,28
E33017202,885,122,34,88,763,640,123
E33017203,282,60,18,42,222,184,38
E33017204,383,121,37,84,262,211,51
E33017205,1308,449,205,244,859,687,172
E33017206,368,70,32,38,298,251,47
E33017207,379,74,29,45,305,245,60
E33017208,318,87,18,69,231,182,49
E33017209,254,107,41,66,147,122,25
E33017210,298,51,13,38,247,205,42
E33017211,286,100,17,83,186,155,31
E33017212,357,141,40,101,216,163,53
E33017213,378,148,51,97,230,188,42
E33017214,343,86,31,55,257,179,78
E33017215,381,99,34,65,282,186,96
E33017216,754,302,102,200,452,328,124
E33017217,303,122,63,59,181,138,43
E33017218,244,96,40,56,148,92,56
E33017219,353,105,44,61,248,174,74
E33017220,248,87,37,50,161,101,60
E33017221,446,213,83,130,233,187,46
E33017222,437,94,38,56,343,265,78
E33017223,298,128,51,77,170,138,32
E33017224,260,61,21,40,199,170,29
E33017225,290,136,44,92,154,121,33
E33017226,477,88,27,61,389,345,44
E33017227,483,203,70,133,280,214,66
E33017228,538,223,86,137,315,263,52
E33017229,279,93,30,63,186,142,44
E33017230,341,147,45,102,194,143,51
E33017231,308,78,29,49,230,177,53
E33017232,351,102,28,74,249,184,65
E33017233,344,121,44,77,223,169,54
E33017234,290,108,39,69,182,161,21
E33017235,263,75,29,46,188,143,45
E33017236,482,246,76,170,236,199,37
E33017237,549,190,77,113,359,265,94
E33017238,299,78,27,51,221,173,48
E33017239,402,145,36,109,257,191,66
E33017240,264,115,46,69,149,117,32
E33017241,503,82,26,56,421,358,63
E33017242,377,113,32,81,264,210,54
E33017243,439,216,95,121,223,168,55
E33017244,286,118,27,91,168,137,31
E33017245,287,104,34,70,183,154,29
E33017246,559,256,76,180,303,246,57
E33017247,360,114,24,90,246,204,42
E33017248,421,96,26,70,325,280,45
E33017249,258,104,37,67,154,118,36
E33017250,345,101,21,80,244,208,36
E33017251,560,179,55,124,381,328,53
E33017252,491,107,33,74,384,301,83
E33017253,297,131,37,94,166,133,33
E33017254,207,60,12,48,147,129,18
E33017255,254,114,54,60,140,92,48
E33017256,504,204,64,140,300,247,53
E33017257,343,102,43,59,241,189,52
E33017258,929,391,145,246,538,410,128
E33017259,1026,172,32,140,854,753,101
E33017260,401,140,42,98,261,209,52
E33017261,1116,429,122,307,687,597,90
E33017262,1170,189,45,144,981,820,161
E33017263,376,143,54,89,233,177,56
E33017264,467,117,26,91,350,300,50
E33017265,344,112,42,70,232,162,70
E33017266,487,226,88,138,261,192,69
E33017267,572,131,40,91,441,357,84
E33017268,409,180,64,116,229,177,52
E33017269,575,111,33,78,464,362,102
E33017270,373,93,42,51,280,200,80
E33017271,710,119,36,83,591,484,107
E33017272,979,121,39,82,858,707,151
E33017273,288,93,34,59,195,140,55
E33017274,295,115,45,70,180,125,55
E33017275,317,102,42,60,215,143,72
E33017276,390,144,40,104,246,171,75
E33017277,760,269,90,179,491,378,113
E33017278,498,204,62,142,294,209,85
E33017279,711,126,33,93,585,486,99
E33017280,311,60,20,40,251,212,39
E33017281,367,139,43,96,228,179,49
E33017282,290,121,50,71,169,121,48
E33017283,424,186,65,121,238,190,48
E33017284,372,158,59,99,214,173,41
E33017285,276,118,28,90,158,139,19
E33017286,302,88,20,68,214,183,31
E33017287,311,108,38,70,203,153,50
E33017288,375,153,38,115,222,185,37
E33017289,769,251,84,167,518,415,103
E33017290,485,181,57,124,304,245,59
E33017291,460,211,55,156,249,206,43
E33017292,989,368,94,274,621,513,108
E33017293,284,117,37,80,167,125,42
E33017294,319,136,55,81,183,144,39
E33017295,658,358,165,193,300,272,28
E33017296,621,171,48,123,450,347,103
E33017297,282,41,18,23,241,192,49
E33017298,372,116,44,72,256,203,53
E33017299,363,154,49,105,209,166,43
E33017300,369,117,44,73,252,197,55
E33017301,273,137,47,90,136,102,34
E33017302,570,206,71,135,364,275,89
E33017303,335,155,31,124,180,142,38
E33017304,366,128,54,74,238,177,61
E33017305,608,252,75,177,356,273,83
E33017306,340,130,41,89,210,155,55
E33017307,395,123,37,86,272,221,51
E33017308,449,152,60,92,297,224,73
E33017309,303,124,45,79,179,141,38
E33017310,640,320,136,184,320,276,44
E33017311,668,177,61,116,491,358,133
E33017312,551,186,69,117,365,308,57
E33017313,348,106,42,64,242,198,44
E33017314,497,170,49,121,327,277,50
E33017315,455,165,52,113,290,245,45
E33017316,452,129,47,82,323,262,61
E33017317,322,118,47,71,204,135,69
E33017318,484,129,37,92,355,263,92
E33017319,447,111,44,67,336,258,78
E33017320,328,128,34,94,200,150,50
E33017321,382,112,33,79,270,202,68
E33017322,1028,246,69,177,782,642,140
E33017323,299,132,27,105,167,129,38
E33017324,726,263,84,179,463,356,107
E33017325,337,61,19,42,276,209,67
E33017326,336,124,50,74,212,162,50
E33017327,235,88,32,56,147,115,32
E33017328,369,133,39,94,236,187,49
E33017329,404,146,53,93,258,199,59
E33017330,418,159,64,95,259,190,69
E33017331,285,142,49,93,143,115,28
E33017332,322,102,28,74,220,183,37
E33017333,347,92,39,53,255,185,70
E33017334,1093,305,134,171,788,698,90
E33017335,634,193,68,125,441,406,35
E33017336,532,154,39,115,378,309,69
E33017337,406,139,25,114,267,244,23
E33017338,235,73,27,46,162,131,31
E33017339,500,163,47,116,337,285,52
E33017340,387,152,52,100,235,201,34
E33017341,351,105,27,78,246,193,53
E33017342,497,155,35,120,342,311,31
E33017343,254,101,24,77,153,127,26
E33017344,406,117,38,79,289,235,54
E33017345,315,102,44,58,213,168,45
E33017346,648,212,86,126,436,396,40
E33017347,423,157,73,84,266,214,52
E33017348,450,107,34,73,343,262,81
E33017349,322,71,32,39,251,198,53
E33017350,228,94,27,67,134,105,29
E33017351,737,309,129,180,428,337,91
E33017352,357,111,27,84,246,205,41
E33017353,1095,223,82,141,872,660,212
E33017354,303,78,32,46,225,186,39
E33017355,341,172,52,120,169,136,33
E33017356,294,105,30,75,189,173,16
E33017357,277,95,31,64,182,152,30
E33017358,336,83,29,54,253,216,37
E33017359,810,224,61,163,586,525,61
E33017360,274,94,37,57,180,136,44
E33017361,613,161,31,130,452,396,56
E33017362,405,61,22,39,344,247,97
E33017363,328,137,34,103,191,154,37
E33017364,859,145,57,88,714,590,124
E33017365,353,101,33,68,252,212,40
E33017366,351,95,28,67,256,221,35
E33017367,316,120,24,96,196,152,44
E33017368,504,186,51,135,318,260,58
E33017369,1574,211,75,136,1363,824,539
E33017370,494,179,56,123,315,255,60
E33017371,409,51,16,35,358,301,57
E33017372,979,114,34,80,865,690,175
E33017373,1646,436,116,320,1210,1109,101
E33017374,230,45,13,32,185,124,61
E33017375,365,104,34,70,261,212,49
E33017376,1963,290,86,204,1673,1453,220
E33017377,816,129,43,86,687,611,76
E33017378,806,97,31,66,709,605,104
E33017379,895,268,65,203,627,529,98
E33017380,420,131,35,96,289,241,48
E33017381,549,166,70,96,383,284,99
E33017382,315,118,39,79,197,144,53
E33017383,393,136,44,92,257,202,55
E33017384,439,107,38,69,332,310,22
E33017385,390,116,45,71,274,199,75
E33017386,1491,240,65,175,1251,1121,130
E33017387,683,318,135,183,365,319,46
E33017388,384,142,57,85,242,186,56
E33017389,491,162,58,104,329,249,80
E33017390,367,135,49,86,232,168,64
E33017391,298,118,55,63,180,125,55
E33017392,391,138,61,77,253,178,75
E33017393,527,179,79,100,348,251,97
E33017394,679,192,68,124,487,388,99
E33017395,329,132,51,81,197,142,55
E33017396,454,113,54,59,341,201,140
E33017397,329,117,53,64,212,161,51
E33017398,354,142,56,86,212,154,58
E33017399,478,170,64,106,308,205,103
E33017400,367,115,45,70,252,168,84
E33017401,408,106,47,59,302,216,86
E33017402,453,175,60,115,278,202,76
E33017403,299,93,31,62,206,143,63
E33017404,342,145,50,95,197,120,77
E33017405,529,110,34,76,419,287,132
E33017406,322,71,29,42,251,194,57
E33017407,630,211,85,126,419,314,105
E33017408,292,90,40,50,202,155,47
E33017409,291,68,27,41,223,165,58
E33017410,322,119,41,78,203,147,56
E33017411,434,114,49,65,320,256,64
E33017412,664,84,26,58,580,457,123
E33017413,536,148,41,107,388,303,85
E33017414,348,182,91,91,166,137,29
E33017415,314,123,59,64,191,136,55
E33017416,346,126,49,77,220,144,76
E33017417,686,204,85,119,482,383,99
E33017418,403,138,63,75,265,189,76
E33017419,321,133,59,74,188,144,44
E33017420,358,120,50,70,238,156,82
E33017421,601,113,43,70,488,386,102
E33017422,618,215,85,130,403,325,78
E33017423,546,268,85,183,278,220,58
E33017424,816,204,82,122,612,429,183
E33017425,326,117,31,86,209,153,56
E33017426,399,141,64,77,258,186,72
E33017427,264,98,33,65,166,119,47
E33017428,570,191,83,108,379,285,94
E33017429,653,104,40,64,549,442,107
E33017430,375,169,69,100,206,163,43
E33017431,742,109,45,64,633,542,91
E33017432,320,100,42,58,220,132,88
E33017433,298,84,35,49,214,168,46
E33017434,328,118,56,62,210,119,91
E33017435,397,143,62,81,254,175,79
E33017436,369,74,28,46,295,153,142
E33017437,398,128,48,80,270,142,128
E33017438,473,124,58,66,349,273,76
E33017439,371,129,44,85,242,179,63
E33017440,465,156,65,91,309,216,93
E33017441,460,136,57,79,324,249,75
E33017442,289,102,24,78,187,145,42
E33017443,289,89,41,48,200,122,78
E33017444,276,80,30,50,196,115,81
E33017445,489,141,59,82,348,231,117
E33017446,681,137,55,82,544,422,122
E33017447,422,218,91,127,204,137,67
E33017448,319,126,52,74,193,134,59
E33017449,454,155,59,96,299,216,83
E33017450,645,250,85,165,395,276,119
E33017451,419,170,75,95,249,192,57
E33017452,277,83,40,43,194,127,67
E33017453,390,93,31,62,297,179,118
E33017454,288,126,59,67,162,112,50
E33017455,303,60,27,33,243,188,55
E33017456,479,141,58,83,338,239,99
E33017457,285,92,39,53,193,121,72
E33017458,444,125,45,80,319,237,82
E33017459,236,75,34,41,161,103,58
E33017460,255,97,39,58,158,119,39
E33017461,358,102,44,58,256,179,77
E33017462,317,98,30,68,219,154,65
E33017463,294,116,54,62,178,132,46
E33017464,396,143,40,103,253,186,67
E33017465,421,186,55,131,235,183,52
E33017466,330,91,31,60,239,182,57
E33017467,289,98,43,55,191,145,46
E33017468,344,141,52,89,203,156,47
E33017469,291,107,30,77,184,140,44
E33017470,641,128,26,102,513,386,127
E33017471,266,100,34,66,166,133,33
E33017472,296,68,19,49,228,172,56
E33017473,356,129,48,81,227,192,35
E33017474,227,107,16,91,120,111,9
E33017475,287,121,28,93,166,117,49
E33017476,245,88,29,59,157,127,30
E33017477,359,153,54,99,206,162,44
E33017478,375,124,36,88,251,199,52
E33017479,630,177,36,141,453,417,36
E33017480,467,170,44,126,297,248,49
E33017481,442,204,71,133,238,206,32
E33017482,481,176,63,113,305,224,81
E33017483,328,128,55,73,200,160,40
E33017484,337,122,56,66,215,152,63
E33017485,349,95,26,69,254,205,49
E33017486,262,101,42,59,161,130,31
E33017487,697,156,56,100,541,445,96
E33017488,337,106,41,65,231,171,60
E33017489,272,106,43,63,166,115,51
E33017490,397,61,21,40,336,280,56
E33017491,265,81,27,54,184,144,40
E33017492,293,76,33,43,217,174,43
E33017493,348,139,57,82,209,150,59
E33017494,252,76,30,46,176,135,41
E33017495,424,148,50,98,276,211,65
E33017496,581,209,63,146,372,287,85
E33017497,298,104,45,59,194,135,59
E33017498,288,88,33,55,200,145,55
E33017499,363,136,53,83,227,170,57
E33017500,350,111,44,67,239,168,71
E33017501,605,114,42,72,491,407,84
E33017502,299,119,31,88,180,148,32
E33017503,685,182,46,136,503,392,111
E33017504,303,132,47,85,171,116,55
E33017505,321,102,31,71,219,155,64
E33017506,325,108,23,85,217,167,50
E33017507,352,118,36,82,234,178,56
E33017508,605,315,49,266,290,248,42
E33017509,410,172,58,114,238,189,49
E33017510,838,141,42,99,697,621,76
E33017511,1010,133,33,100,877,725,152
E33017512,476,179,71,108,297,259,38
E33017513,408,161,48,113,247,184,63
E33017514,303,102,28,74,201,172,29
E33017515,1888,777,113,664,1111,1010,101
E33017516,299,82,17,65,217,185,32
E33017517,482,199,58,141,283,247,36
E33017518,572,259,49,210,313,274,39
E33017519,228,69,12,57,159,129,30
E33017520,695,268,71,197,427,377,50
E33017521,370,180,80,100,190,132,58
E33017522,408,155,38,117,253,208,45
E33017523,503,127,46,81,376,298,78
E33017524,492,127,50,77,365,333,32
E33017525,285,100,56,44,185,142,43
E33017526,716,122,29,93,594,471,123
E33017527,620,103,33,70,517,414,103
E33017528,792,282,79,203,510,444,66
E33017529,518,53,19,34,465,394,71
E33017530,529,106,31,75,423,350,73
E33017531,753,104,21,83,649,504,145
E33017532,406,136,50,86,270,213,57
E33017533,263,62,14,48,201,173,28
E33017534,687,340,111,229,347,302,45
E33017535,269,101,29,72,168,134,34
E33017536,514,180,69,111,334,261,73
E33017537,653,168,75,93,485,356,129
E33017538,294,114,48,66,180,133,47
E33017539,348,118,54,64,230,185,45
E33017540,321,114,40,74,207,166,41
E33017541,300,116,44,72,184,137,47
E33017542,307,80,39,41,227,174,53
E33017543,384,147,65,82,237,181,56
E33017544,259,79,29,50,180,117,63
E33017545,447,195,51,144,252,209,43
E33017546,493,137,61,76,356,259,97
E33017547,374,138,45,93,236,171,65
E33017548,349,134,60,74,215,154,61
E33017549,406,89,23,66,317,237,80
E33017550,508,179,59,120,329,269,60
E33017551,298,123,60,63,175,140,35
E33017552,569,148,44,104,421,348,73
E33017553,311,142,34,108,169,141,28
E33017554,290,135,46,89,155,107,48
E33017555,255,79,22,57,176,149,27
E33017556,577,302,96,206,275,235,40
E33017557,385,144,36,108,241,200,41
E33017558,421,115,28,87,306,261,45
E33017559,375,152,48,104,223,183,40
E33017560,691,213,76,137,478,332,146
E33017561,354,139,40,99,215,174,41
E33017562,279,106,39,67,173,141,32
E33017563,572,159,55,104,413,351,62
E33017564,328,119,42,77,209,173,36
E33017565,411,155,53,102,256,179,77
E33017566,349,143,38,105,206,152,54
E33017567,557,134,43,91,423,311,112
E33017568,335,119,44,75,216,174,42
E33017569,393,162,62,100,231,188,43
E33017570,330,139,42,97,191,136,55
E33017571,514,169,67,102,345,257,88
E33017572,372,138,61,77,234,157,77
E33017573,474,98,39,59,376,272,104
E33017574,369,111,46,65,258,151,107
E33017575,1330,138,64,74,1192,902,290
E33017576,337,128,50,78,209,145,64
E33017577,474,89,25,64,385,278,107
E33017578,584,186,70,116,398,290,108
E33017579,222,81,35,46,141,110,31
E33017580,1134,365,103,262,769,640,129
E33017581,341,123,50,73,218,151,67
E33017582,299,88,38,50,211,161,50
E33017583,762,181,56,125,581,494,87
E33017584,323,163,54,109,160,117,43
E33017585,405,143,51,92,262,195,67
E33017586,716,162,48,114,554,433,121
E33017587,307,76,19,57,231,204,27
E33017588,781,313,69,244,468,424,44
E33017589,361,115,47,68,246,172,74
E33017590,730,304,82,222,426,363,63
E33017591,310,82,28,54,228,176,52
E33017592,331,100,26,74,231,172,59
E33017593,428,169,70,99,259,213,46
E33017594,246,71,17,54,175,136,39
E33017595,332,161,52,109,171,132,39
E33017596,339,114,35,79,225,179,46
E33017597,442,177,60,117,265,192,73
E33017598,435,69,24,45,366,268,98
E33017599,292,98,28,70,194,153,41
E33017600,928,346,88,258,582,501,81
E33017601,725,126,26,100,599,485,114
E33017602,831,109,38,71,722,657,65
E33017603,585,163,74,89,422,351,71
E33017604,705,127,29,98,578,464,114
E33017605,1026,188,48,140,838,671,167
E33017606,244,76,20,56,168,132,36
E33017607,443,174,74,100,269,222,47
E33017608,534,108,31,77,426,327,99
E33017609,355,166,61,105,189,152,37
E33017610,688,348,96,252,340,279,61
E33017611,501,173,70,103,328,291,37
E33017612,582,164,25,139,418,365,53
E33017613,240,64,17,47,176,135,41
E33017614,334,115,28,87,219,172,47
E33017615,416,154,30,124,262,215,47
E33017616,276,94,23,71,182,159,23
E33017617,431,178,54,124,253,214,39
E33017618,279,86,31,55,193,170,23
E33017619,412,146,47,99,266,210,56
E33017620,524,223,77,146,301,233,68
E33017621,937,257,81,176,680,496,184
E33017622,3684,713,131,582,2971,2796,175
E33017623,220,95,37,58,125,96,29
E33017624,440,122,52,70,318,197,121
E33017625,456,100,40,60,356,233,123
E33017626,255,65,17,48,190,124,66
E33017627,229,73,27,46,156,109,47
E33017628,2156,391,102,289,1765,1640,125
E33017629,382,131,57,74,251,190,61
E33017630,387,148,74,74,239,177,62
E33017631,274,104,38,66,170,121,49
E33017632,242,73,32,41,169,71,98
E33017633,245,91,30,61,154,101,53
E33017634,248,98,55,43,150,99,51
E33017635,233,63,24,39,170,94,76
E33017636,789,82,29,53,707,554,153
E33017637,266,97,34,63,169,134,35
E33017638,407,156,52,104,251,203,48
E33017639,392,135,46,89,257,196,61
E33017640,238,108,29,79,130,100,30
E33017641,354,200,51,149,154,129,25
E33017642,370,71,22,49,299,251,48
E33017643,392,77,24,53,315,272,43
E33017644,239,89,36,53,150,125,25
E33017645,300,84,32,52,216,179,37
E33017646,393,137,47,90,256,206,50
E33017647,406,33,6,27,373,325,48
E33017648,605,208,73,135,397,297,100
E33017649,370,167,61,106,203,139,64
E33017650,261,102,34,68,159,129,30
E33017651,341,112,38,74,229,195,34
E33017652,660,119,46,73,541,437,104
E33017653,486,209,97,112,277,245,32
E33017654,280,106,50,56,174,127,47
E33017655,258,91,44,47,167,99,68
E33017656,252,102,33,69,150,113,37
E33017657,293,75,24,51,218,188,30
E33017658,285,112,32,80,173,141,32
E33017659,312,108,39,69,204,168,36
E33017660,392,122,31,91,270,229,41
E33017661,436,142,55,87,294,228,66
E33017662,575,210,81,129,365,295,70
E33017663,334,57,17,40,277,224,53
E33017664,640,243,52,191,397,314,83
E33017665,301,73,22,51,228,166,62
E33017666,298,92,38,54,206,144,62
E33017667,265,99,44,55,166,126,40
E33017668,351,103,38,65,248,173,75
E33017669,642,246,84,162,396,317,79
E33017670,284,114,40,74,170,142,28
E33017671,558,105,19,86,453,396,57
E33017672,318,136,92,44,182,155,27
E33017673,697,306,109,197,391,334,57
E33017674,627,204,45,159,423,393,30
E33017675,654,291,104,187,363,302,61
E33017676,518,193,62,131,325,293,32
E33017677,632,275,94,181,357,295,62
E33017678,390,145,57,88,245,191,54
E33017679,414,142,49,93,272,232,40
E33017680,287,101,48,53,186,133,53
E33017681,1101,116,39,77,985,847,138
E33017682,355,127,38,89,228,184,44
E33017683,284,111,43,68,173,139,34
E33017684,1316,218,73,145,1098,832,266
E33017685,287,111,38,73,176,121,55
E33017686,580,214,78,136,366,296,70
E33017687,246,51,18,33,195,151,44
E33017688,282,101,37,64,181,140,41
E33017689,379,119,36,83,260,198,62
E33017690,470,169,67,102,301,223,78
E33017691,335,59,29,30,276,226,50
E33017692,521,209,94,115,312,246,66
E33017693,296,107,44,63,189,150,39
E33017694,469,180,80,100,289,222,67
E33017695,409,183,77,106,226,168,58
E33017696,265,121,52,69,144,94,50
E33017697,245,107,43,64,138,116,22
E33017698,527,106,28,78,421,345,76
E33017699,328,167,70,97,161,123,38
E33017700,463,227,65,162,236,195,41
E33017701,437,220,84,136,217,156,61
E33017702,547,147,48,99,400,310,90
E33017703,363,147,73,74,216,155,61
E33017704,316,98,40,58,218,159,59
E33017705,266,96,37,59,170,130,40
E33017706,358,85,23,62,273,202,71
E33017707,328,137,36,101,191,141,50
E33017708,393,143,48,95,250,199,51
E33017709,597,281,85,196,316,255,61
E33017710,573,300,101,199,273,234,39
E33017711,275,71,20,51,204,183,21
E33017712,597,224,46,178,373,303,70
E33017713,351,77,20,57,274,222,52
E33017714,199,44,14,30,155,127,28
E33017715,284,128,32,96,156,134,22
E33017716,458,183,57,126,275,218,57
E33017717,248,45,11,34,203,164,39
E33017718,298,111,40,71,187,151,36
E33017719,397,156,53,103,241,177,64
E33017720,569,183,69,114,386,277,109
E33017721,350,136,57,79,214,174,40
E33017722,381,169,66,103,212,164,48
E33017723,297,128,47,81,169,121,48
E33017724,221,70,30,40,151,120,31
E33017725,524,208,92,116,316,238,78
E33017726,407,183,57,126,224,176,48
E33017727,359,135,48,87,224,177,47
E33017728,324,126,47,79,198,150,48
E33017729,384,170,51,119,214,190,24
E33017730,453,200,85,115,253,192,61
E33017731,323,144,53,91,179,141,38
E33017732,283,116,40,76,167,127,40
E33017733,341,101,32,69,240,185,55
E33017734,342,145,49,96,197,159,38
E33017735,506,221,82,139,285,235,50
E33017736,404,146,49,97,258,204,54
E33017737,384,130,52,78,254,197,57
E33017738,398,152,48,104,246,205,41
E33017739,402,163,44,119,239,176,63
E33017740,331,127,31,96,204,176,28
E33017741,316,109,42,67,207,156,51
E33017742,324,114,43,71,210,163,47
E33017743,398,117,36,81,281,217,64
E33017744,253,79,10,69,174,127,47
E33017745,333,100,31,69,233,185,48
E33017746,750,256,66,190,494,383,111
E33017747,489,266,99,167,223,194,29
E33017748,344,143,42,101,201,155,46
E33017749,341,97,27,70,244,210,34
E33017750,299,64,13,51,235,205,30
E33017751,361,160,66,94,201,145,56
E33017752,381,173,44,129,208,181,27
E33017753,286,96,35,61,190,150,40
E33017754,526,170,37,133,356,301,55
E33017755,602,275,95,180,327,265,62
E33017756,422,120,46,74,302,233,69
E33017757,265,88,22,66,177,135,42
E33017758,534,216,89,127,318,225,93
E33017759,309,59,18,41,250,131,119
E33017760,393,176,72,104,217,158,59
E33017761,380,120,42,78,260,192,68
E33017762,330,107,51,56,223,162,61
E33017763,306,98,40,58,208,158,50
E33017764,415,119,41,78,296,214,82
E33017765,299,120,47,73,179,123,56
E33017766,379,104,28,76,275,203,72
E33017767,266,69,20,49,197,170,27
E33017768,242,79,19,60,163,121,42
E33017769,462,135,48,87,327,251,76
E33017770,494,160,56,104,334,251,83
E33017771,290,83,23,60,207,153,54
E33017772,421,194,67,127,227,183,44
E33017773,395,157,59,98,238,183,55
E33017774,253,94,29,65,159,128,31
E33017775,474,160,49,111,314,252,62
E33017776,833,80,36,44,753,659,94
E33017777,934,528,112,416,406,350,56
E33017778,340,132,49,83,208,149,59
E33017779,394,147,62,85,247,192,55
E33017780,367,156,60,96,211,155,56
E33017781,294,99,16,83,195,153,42
E33017782,553,138,41,97,415,335,80
E33017783,869,260,73,187,609,573,36
E33017784,525,194,55,139,331,254,77
E33017785,447,154,44,110,293,258,35
E33017786,577,108,34,74,469,388,81
E33017787,367,108,30,78,259,219,40
E33017788,785,262,92,170,523,398,125
E33017789,285,100,25,75,185,147,38
E33017790,296,86,34,52,210,169,41
E33017791,331,124,49,75,207,163,44
E33017792,564,238,67,171,326,267,59
E33017793,284,90,27,63,194,159,35
E33017794,557,206,70,136,351,330,21
E33017795,390,107,33,74,283,217,66
E33017796,350,54,12,42,296,258,38
E33017797,401,118,25,93,283,256,27
E33017798,276,114,49,65,162,122,40
E33017799,369,136,43,93,233,169,64
E33017800,289,63,18,45,226,159,67
E33017801,1165,298,66,232,867,751,116
E33017802,467,139,35,104,328,262,66
E33017803,569,305,81,224,264,243,21
E33017804,943,408,142,266,535,466,69
E33017805,390,135,48,87,255,172,83
E33017806,331,86,27,59,245,177,68
E33017807,472,110,40,70,362,291,71
E33017808,257,68,22,46,189,151,38
E33017809,431,100,41,59,331,292,39
E33017810,506,231,92,139,275,206,69
E33017811,475,59,16,43,416,323,93
E33017812,306,151,49,102,155,126,29
E33017813,290,115,39,76,175,150,25
E33017814,283,103,22,81,180,137,43
E33017815,386,127,58,69,259,197,62
E33017816,489,167,50,117,322,263,59
E33017817,315,66,13,53,249,183,66
E33017818,327,141,53,88,186,143,43
E33017819,272,116,48,68,156,124,32
E33017820,733,107,42,65,626,463,163
E33017821,481,159,64,95,322,243,79
E33017822,300,126,38,88,174,140,34
E33017823,256,96,37,59,160,106,54
E33017824,345,86,32,54,259,156,103
E33017825,429,65,34,31,364,260,104
E33017826,298,42,17,25,256,159,97
E33017827,299,97,44,53,202,118,84
E33017828,267,120,50,70,147,101,46
E33017829,214,62,19,43,152,109,43
E33017830,324,120,48,72,204,135,69
E33017831,239,92,39,53,147,96,51
E33017832,262,111,44,67,151,95,56
E33017833,253,87,44,43,166,109,57
E33017834,320,101,49,52,219,150,69
E33017835,434,174,76,98,260,172,88
E33017836,382,142,59,83,240,161,79
E33017837,264,103,46,57,161,113,48
E33017838,273,128,27,101,145,108,37
E33017839,428,184,77,107,244,192,52
E33017840,538,60,21,39,478,346,132
E33017841,309,94,21,73,215,157,58
E33017842,221,61,30,31,160,116,44
E33017843,501,219,106,113,282,214,68
E33017844,296,89,30,59,207,155,52
E33017845,358,167,50,117,191,154,37
E33017846,369,135,65,70,234,179,55
E33017847,879,230,64,166,649,486,163
E33017848,461,154,48,106,307,235,72
E33017849,466,172,66,106,294,263,31
E33017850,690,137,41,96,553,473,80
E33017851,634,280,107,173,354,310,44
E33017852,537,156,46,110,381,300,81
E33017853,496,154,62,92,342,266,76
E33017854,295,108,19,89,187,135,52
E33017855,404,189,78,111,215,171,44
E33017856,313,97,27,70,216,176,40
E33017857,229,72,26,46,157,109,48
E33017858,508,151,59,92,357,283,74
E33017859,339,152,71,81,187,152,35
E33017860,285,130,57,73,155,119,36
E33017861,394,164,72,92,230,162,68
E33017862,597,218,104,114,379,283,96
E33017863,259,100,32,68,159,115,44
E33017864,280,105,47,58,175,149,26
E33017865,653,168,50,118,485,399,86
E33017866,288,95,39,56,193,135,58
E33017867,693,134,31,103,559,425,134
E33017868,379,132,53,79,247,174,73
E33017869,263,125,37,88,138,105,33
E33017870,354,112,35,77,242,172,70
E33017871,299,112,27,85,187,138,49
E33017872,441,145,50,95,296,217,79
E33017873,402,169,53,116,233,180,53
E33017874,529,240,81,159,289,210,79
E33017875,305,108,35,73,197,142,55
E33017876,262,94,48,46,168,98,70
E33017877,471,123,39,84,348,229,119
E33017878,768,210,62,148,558,491,67
E33017879,278,48,19,29,230,169,61
E33017880,492,165,53,112,327,237,90
E33017881,246,96,38,58,150,95,55
E33017882,394,108,39,69,286,232,54
E33017883,375,127,52,75,248,172,76
E33017884,427,142,54,88,285,221,64
E33017885,1044,380,145,235,664,588,76
E33017886,314,106,48,58,208,156,52
E33017887,347,137,61,76,210,170,40
E33017888,484,160,71,89,324,224,100
E33017889,262,100,41,59,162,109,53
E33017890,217,84,31,53,133,90,43
E33017891,305,107,52,55,198,164,34
E33017892,313,103,46,57,210,148,62
E33017893,305,121,51,70,184,116,68
E33017894,341,131,62,69,210,149,61
E33017895,500,207,67,140,293,239,54
E33017896,439,164,82,82,275,194,81
E33017897,601,128,42,86,473,366,107
E33017898,300,124,51,73,176,130,46
E33017899,373,127,46,81,246,201,45
E33017900,276,92,37,55,184,145,39
E33017901,512,118,41,77,394,254,140
E33017902,400,173,69,104,227,175,52
E33017903,668,321,106,215,347,272,75
E33017904,411,131,56,75,280,199,81
E33017905,263,95,33,62,168,138,30
E33017906,247,71,28,43,176,148,28
E33017907,246,59,27,32,187,166,21
E33017908,262,117,53,64,145,107,38
E33017909,434,190,77,113,244,195,49
E33017910,520,212,61,151,308,268,40
E33017911,227,99,31,68,128,91,37
E33017912,433,187,37,150,246,222,24
E33017913,271,71,20,51,200,156,44
E33017914,253,104,36,68,149,116,33
E33017915,815,251,79,172,564,456,108
E33017916,344,136,43,93,208,159,49
E33017917,370,165,79,86,205,167,38
E33017918,467,179,44,135,288,245,43
E33017919,335,123,57,66,212,157,55
E33017920,277,113,34,79,164,137,27
E33017921,838,398,159,239,440,368,72
E33017922,355,110,51,59,245,177,68
E33017923,246,136,66,70,110,87,23
E33017924,291,116,36,80,175,147,28
E33017925,698,238,77,161,460,366,94
E33017926,600,275,103,172,325,265,60
E33017927,259,94,41,53,165,133,32
E33017928,1165,169,55,114,996,869,127
E33017929,523,154,41,113,369,322,47
E33017930,265,116,46,70,149,122,27
E33017931,232,114,44,70,118,80,38
E33017932,283,99,28,71,184,144,40
E33017933,591,254,128,126,337,261,76
E33017934,262,81,33,48,181,146,35
E33017935,337,108,34,74,229,176,53
E33017936,392,190,69,121,202,154,48
E33017937,266,102,49,53,164,116,48
E33017938,304,89,40,49,215,125,90
E33017939,495,121,41,80,374,282,92
E33017940,365,143,64,79,222,182,40
E33017941,620,168,74,94,452,315,137
E33017942,356,132,39,93,224,179,45
E33017943,393,95,45,50,298,258,40
E33017944,269,86,24,62,183,150,33
E33017945,585,265,69,196,320,270,50
E33017946,502,81,21,60,421,348,73
E33017947,538,141,62,79,397,299,98
E33017948,778,185,43,142,593,527,66
E33017949,346,157,74,83,189,130,59
E33017950,357,126,47,79,231,155,76
E33017951,368,124,38,86,244,185,59
E33017952,586,263,114,149,323,272,51
E33017953,381,132,53,79,249,200,49
E33017954,308,141,65,76,167,125,42
E33017955,255,93,31,62,162,115,47
E33017956,544,232,93,139,312,260,52
E33017957,342,59,19,40,283,185,98
E33017958,403,86,26,60,317,236,81
E33017959,294,124,45,79,170,124,46
E33017960,272,85,49,36,187,134,53
E33017961,303,105,29,76,198,144,54
E33017962,325,121,60,61,204,146,58
E33017963,637,241,89,152,396,290,106
E33017964,365,148,41,107,217,162,55
E33017965,349,123,45,78,226,168,58
E33017966,335,75,17,58,260,202,58
E33017967,227,51,22,29,176,152,24
E33017968,381,106,40,66,275,199,76
E33017969,408,166,56,110,242,178,64
E33017970,407,176,46,130,231,177,54
E33017971,442,172,62,110,270,219,51
E33017972,492,210,56,154,282,229,53
E33017973,443,174,74,100,269,200,69
E33017974,305,119,42,77,186,132,54
E33017975,256,90,36,54,166,135,31
E33017976,280,124,48,76,156,116,40
E33017977,340,126,37,89,214,179,35
E33017978,284,130,48,82,154,122,32
E33017979,543,100,38,62,443,335,108
E33017980,510,181,56,125,329,254,75
E33017981,580,160,49,111,420,320,100
E33017982,433,159,50,109,274,202,72
E33017983,369,100,34,66,269,235,34
E33017984,453,147,55,92,306,243,63
E33017985,710,277,75,202,433,330,103
E33017986,395,124,33,91,271,217,54
E33017987,769,297,96,201,472,387,85
E33017988,738,114,34,80,624,426,198
E33017989,307,100,39,61,207,154,53
E33017990,269,97,27,70,172,139,33
E33017991,398,151,60,91,247,193,54
E33017992,797,156,39,117,641,509,132
E33017993,720,157,60,97,563,481,82
E33017994,281,123,56,67,158,125,33
E33017995,547,264,81,183,283,244,39
E33017996,967,178,58,120,789,671,118
E33017997,379,81,39,42,298,228,70
E33017998,643,290,61,229,353,311,42
E33017999,761,202,62,140,559,478,81
E33018000,423,145,45,100,278,233,45
E33018001,363,94,23,71,269,215,54
E33018002,341,157,58,99,184,148,36
E33018003,504,100,38,62,404,328,76
E33018004,699,180,70,110,519,392,127
E33018005,326,90,32,58,236,156,80
E33018006,312,79,20,59,233,206,27
E33018007,2658,796,347,449,1862,1577,285
E33018008,7092,2179,413,1766,4913,4285,628
E33018009,491,169,62,107,322,276,46
E33018010,341,99,21,78,242,211,31
E33018011,305,101,51,50,204,166,38
E33018012,257,122,48,74,135,120,15
E33018013,275,117,59,58,158,143,15
E33018014,476,91,26,65,385,342,43
E33018015,508,108,30,78,400,351,49
E33018016,610,182,60,122,428,408,20
E33018017,566,201,74,127,365,332,33
E33018018,309,73,29,44,236,180,56
E33018019,320,136,41,95,184,145,39
E33018020,573,105,41,64,468,386,82
E33018021,348,104,34,70,244,177,67
E33018022,330,78,20,58,252,185,67
E33018023,534,212,57,155,322,264,58
E33018024,301,91,21,70,210,165,45
E33018025,434,146,57,89,288,212,76
E33018026,375,160,57,103,215,159,56
E33018027,490,86,27,59,404,325,79
E33018028,592,130,42,88,462,391,71
E33018029,329,128,49,79,201,149,52
E33018030,938,164,38,126,774,675,99
E33018031,280,107,45,62,173,120,53
E33018032,276,95,27,68,181,143,38
E33018033,580,219,50,169,361,286,75
E33018034,573,259,79,180,314,266,48
E33018035,344,90,41,49,254,189,65
E33018036,327,158,73,85,169,137,32
E33018037,270,75,17,58,195,129,66
E33018038,577,78,27,51,499,365,134
E33018039,259,112,52,60,147,102,45
E33018040,302,130,47,83,172,148,24
E33018041,639,189,68,121,450,351,99
E33018042,622,224,107,117,398,305,93
E33018043,276,61,27,34,215,161,54
E33018044,266,74,38,36,192,150,42
E33018045,257,72,32,40,185,141,44
E33018046,457,204,46,158,253,184,69
E33018047,571,91,43,48,480,242,238
E33018048,642,189,56,133,453,395,58
E33018049,436,195,53,142,241,184,57
E33018050,232,91,29,62,141,103,38
E33018051,226,80,34,46,146,103,43
E33018052,346,143,44,99,203,162,41
E33018053,323,60,20,40,263,158,105
E33018054,452,154,47,107,298,228,70
E33018055,312,125,50,75,187,154,33
E33018056,632,154,44,110,478,384,94
E33018057,237,98,30,68,139,115,24
E33018058,545,172,49,123,373,315,58
E33018059,500,193,100,93,307,251,56
E33018060,609,89,31,58,520,478,42
E33018061,1212,401,53,348,811,764,47
E33018062,674,281,171,110,393,334,59
E33018063,646,208,68,140,438,380,58
E33018064,396,119,38,81,277,221,56
E33018065,526,175,82,93,351,310,41
E33018066,648,171,65,106,477,368,109
E33018067,1582,287,92,195,1295,1206,89
E33018068,408,183,49,134,225,197,28
E33018069,271,117,33,84,154,127,27
E33018070,514,99,25,74,415,354,61
E33018071,690,74,12,62,616,527,89
E33018072,244,123,39,84,121,111,10
E33018073,359,83,17,66,276,238,38
E33018074,2835,558,146,412,2277,2050,227
E33018075,2024,453,53,400,1571,1429,142
E33018076,535,108,32,76,427,404,23
E33018077,422,174,71,103,248,194,54
E33018078,277,65,29,36,212,179,33
E33018079,296,113,36,77,183,146,37
E33018080,348,72,17,55,276,207,69
E33018081,306,104,34,70,202,156,46
E33018082,363,68,29,39,295,222,73
E33018083,260,70,23,47,190,110,80
E33018084,317,82,25,57,235,164,71
E33018085,495,281,159,122,214,190,24
E33018086,868,481,170,311,387,346,41
E33018087,518,255,85,170,263,232,31
E33018088,428,168,72,96,260,201,59
E33018089,384,171,58,113,213,157,56
E33018090,290,129,50,79,161,128,33
E33018091,554,321,127,194,233,188,45
E33018092,312,134,51,83,178,115,63
E33018093,304,77,23,54,227,156,71
E33018094,333,136,45,91,197,146,51
E33018095,407,84,43,41,323,257,66
E33018096,646,95,30,65,551,452,99
E33018097,253,42,18,24,211,134,77
E33018098,277,67,17,50,210,169,41
E33018099,267,121,54,67,146,110,36
E33018100,654,258,70,188,396,283,113
E33018101,316,115,43,72,201,141,60
E33018102,735,177,62,115,558,478,80
E33018103,324,77,30,47,247,198,49
E33018104,704,69,23,46,635,552,83
E33018105,413,69,13,56,344,308,36
E33018106,498,73,11,62,425,368,57
E33018107,228,67,7,60,161,136,25
E33018108,522,81,20,61,441,361,80
E33018109,179,23,3,20,156,122,34
E33018110,490,37,11,26,453,392,61
E33018111,473,61,20,41,412,326,86
E33018112,623,161,45,116,462,391,71
E33018113,481,54,14,40,427,376,51
E33018114,2456,499,109,390,1957,1663,294
E33018115,821,207,32,175,614,575,39
E33018116,363,37,18,19,326,288,38
E33018117,383,58,11,47,325,282,43
E33018118,256,51,13,38,205,182,23
E33018119,452,40,16,24,412,363,49
E33018120,465,76,20,56,389,327,62
E33018121,659,343,224,119,316,277,39
E33018122,667,91,19,72,576,503,73
E33018123,314,118,29,89,196,154,42
E33018124,509,66,6,60,443,379,64
E33018125,471,49,16,33,422,353,69
E33018126,261,36,4,32,225,204,21
E33018127,356,90,16,74,266,249,17
E33018128,371,185,58,127,186,162,24
E33018129,771,111,18,93,660,570,90
E33018130,794,209,44,165,585,538,47
E33018131,935,143,31,112,792,717,75
E33018132,333,61,5,56,272,242,30
E33018133,739,154,24,130,585,562,23
E33018134,206,67,11,56,139,136,3
E33018135,308,38,5,33,270,238,32
E33018136,741,80,17,63,661,596,65
E33018137,251,77,23,54,174,147,27
E33018138,415,78,21,57,337,301,36
E33018139,1722,403,70,333,1319,1187,132
E33018140,564,154,42,112,410,355,55
E33018141,392,105,15,90,287,259,28
E33018142,7744,2108,1144,964,5636,4537,1099
E33018143,210,59,20,39,151,114,37
E33018144,373,86,35,51,287,265,22
E33018145,233,99,20,79,134,117,17
E33018146,282,113,22,91,169,140,29
E33018147,384,173,43,130,211,189,22
E33018148,487,112,8,104,375,356,19
E33018149,507,119,27,92,388,364,24
E33018150,271,56,19,37,215,181,34
E33018151,398,140,34,106,258,235,23
E33018152,407,207,76,131,200,178,22
E33018153,1018,93,18,75,925,856,69
E33018154,370,116,33,83,254,210,44
E33018155,345,58,26,32,287,259,28
E33018156,315,101,24,77,214,166,48
E33018157,410,129,22,107,281,248,33
E33018158,491,241,58,183,250,229,21
E33018159,261,117,44,73,144,110,34
E33018160,842,91,25,66,751,696,55
E33018161,1571,157,48,109,1414,1190,224
E33018162,1166,599,283,316,567,515,52
E33018163,388,59,19,40,329,261,68
E33018164,584,112,24,88,472,371,101
E33018165,313,48,13,35,265,221,44
E33018166,304,34,14,20,270,246,24
E33018167,1483,189,53,136,1294,1110,184
E33018168,1028,170,65,105,858,762,96
E33018169,711,313,120,193,398,343,55
E33018170,2810,129,48,81,2681,2519,162
E33018171,526,52,15,37,474,407,67
E33018172,249,30,9,21,219,197,22
E33018173,274,97,23,74,177,153,24
E33018174,668,77,24,53,591,543,48
E33018175,386,47,15,32,339,291,48
E33018176,745,95,19,76,650,579,71
E33018177,965,160,44,116,805,722,83
E33018178,3549,451,121,330,3098,2467,631
E33018179,377,174,71,103,203,183,20
E33018180,1633,351,101,250,1282,950,332
E33018181,373,64,14,50,309,276,33
E33018182,1013,246,98,148,767,650,117
E33018183,1158,232,95,137,926,796,130
E33018184,249,93,21,72,156,133,23
E33018185,364,96,28,68,268,224,44
E33018186,389,132,42,90,257,218,39
E33018187,2428,473,80,393,1955,1835,120
E33018188,367,112,17,95,255,234,21
E33018189,377,188,75,113,189,164,25
E33018190,749,167,39,128,582,510,72
E33018191,539,245,69,176,294,263,31
E33018192,424,78,12,66,346,323,23
E33018193,588,58,7,51,530,506,24
E33018194,675,132,37,95,543,456,87
E33018195,1194,299,60,239,895,756,139
E33018196,709,347,125,222,362,330,32
E33018197,1210,337,82,255,873,817,56
E33018198,458,135,40,95,323,258,65
E33018199,539,256,67,189,283,237,46
E33018200,496,221,76,145,275,242,33
E33018201,386,237,73,164,149,131,18
E33018202,806,81,21,60,725,613,112
E33018203,850,204,91,113,646,487,159
E33018204,302,72,28,44,230,179,51
E33018205,312,49,9,40,263,198,65
E33018206,370,39,7,32,331,220,111
E33018207,255,34,9,25,221,183,38
E33018208,208,68,28,40,140,117,23
E33018209,257,27,4,23,230,204,26
E33018210,932,197,40,157,735,625,110
E33018211,327,111,36,75,216,190,26
E33018212,277,122,49,73,155,125,30
E33018213,293,103,16,87,190,150,40
E33018214,267,75,8,67,192,175,17
E33018215,327,109,27,82,218,187,31
E33018216,197,77,21,56,120,105,15
E33018217,248,98,37,61,150,103,47
E33018218,422,106,47,59,316,240,76
E33018219,745,108,21,87,637,580,57
E33018220,284,97,35,62,187,166,21
E33018221,301,52,11,41,249,223,26
E33018222,278,79,10,69,199,172,27
E33018223,965,268,69,199,697,604,93
E33018224,222,51,11,40,171,143,28
E33018225,1138,312,78,234,826,731,95
E33018226,226,28,11,17,198,158,40
E33018227,530,70,16,54,460,365,95
E33018228,275,34,3,31,241,219,22
E33018229,279,61,8,53,218,185,33
E33018230,380,32,12,20,348,268,80
E33018231,300,15,2,13,285,245,40
E33018232,242,27,7,20,215,185,30
E33018233,312,63,14,49,249,207,42
E33018234,252,27,8,19,225,196,29
E33018235,470,51,15,36,419,350,69
E33018236,258,66,10,56,192,154,38
E33018237,417,68,14,54,349,300,49
E33018238,564,97,30,67,467,415,52
E33018239,933,503,179,324,430,373,57
E33018240,452,101,32,69,351,304,47
E33018241,207,28,9,19,179,163,16
E33018242,668,173,47,126,495,402,93
E33018243,930,450,117,333,480,384,96
E33018244,339,95,26,69,244,222,22
E33018245,1179,216,37,179,963,763,200
E33018246,715,95,31,64,620,537,83
E33018247,516,143,42,101,373,362,11
E33018248,864,81,17,64,783,732,51
E33018249,316,78,15,63,238,194,44
E33018250,1210,690,250,440,520,459,61
E33018251,1423,446,97,349,977,875,102
E33018252,687,187,51,136,500,459,41
E33018253,230,98,29,69,132,114,18
E33018254,306,80,28,52,226,201,25
E33018255,633,100,32,68,533,460,73
E33018256,218,26,3,23,192,157,35
E33018257,810,313,80,233,497,468,29
E33018258,560,193,46,147,367,329,38
E33018259,252,97,25,72,155,131,24
E33018260,375,138,58,80,237,202,35
E33018261,247,96,27,69,151,127,24
E33018262,694,121,31,90,573,521,52
E33018263,739,73,22,51,666,604,62
E33018264,994,165,58,107,829,644,185
E33018265,787,92,24,68,695,548,147
E33018266,350,64,12,52,286,240,46
E33018267,308,161,56,105,147,134,13
E33018268,222,123,19,104,99,81,18
E33018269,385,195,31,164,190,169,21
E33018270,390,65,19,46,325,268,57
E33018271,1471,232,49,183,1239,1096,143
E33018272,741,100,25,75,641,549,92
E33018273,207,42,9,33,165,143,22
E33018274,1079,102,28,74,977,835,142
E33018275,4359,1079,171,908,3280,2977,303
E33018276,793,145,51,94,648,591,57
E33018277,443,228,45,183,215,173,42
E33018278,360,166,64,102,194,166,28
E33018279,276,90,26,64,186,152,34
E33018280,535,211,67,144,324,272,52
E33018281,228,74,16,58,154,131,23
E33018282,573,263,39,224,310,272,38
E33018283,448,149,40,109,299,247,52
E33018284,367,54,12,42,313,233,80
E33018285,372,88,26,62,284,245,39
E33018286,517,183,49,134,334,292,42
E33018287,195,39,11,28,156,145,11
E33018288,234,117,36,81,117,102,15
E33018289,392,145,58,87,247,211,36
E33018290,274,130,33,97,144,125,19
E33018291,423,143,44,99,280,251,29
E33018292,768,105,32,73,663,535,128
E33018293,491,52,15,37,439,391,48
E33018294,551,40,5,35,511,457,54
E33018295,759,374,146,228,385,331,54
E33018296,360,99,18,81,261,230,31
E33018297,598,99,24,75,499,410,89
E33018298,696,96,25,71,600,465,135
E33018299,343,124,35,89,219,194,25
E33018300,553,68,23,45,485,423,62
E33018301,981,540,130,410,441,387,54
E33018302,727,94,22,72,633,558,75
E33018303,445,41,7,34,404,362,42
E33018304,1078,80,21,59,998,873,125
E33018305,248,61,22,39,187,166,21
E33018306,319,132,41,91,187,158,29
E33018307,336,138,52,86,198,173,25
E33018308,744,322,122,200,422,386,36
E33018309,600,369,164,205,231,215,16
E33018310,559,168,68,100,391,331,60
E33018311,610,280,85,195,330,273,57
E33018312,315,103,27,76,212,164,48
E33018313,821,164,18,146,657,486,171
E33018314,520,92,19,73,428,385,43
E33018315,218,67,32,35,151,119,32
E33018316,704,90,21,69,614,474,140
E33018317,304,29,13,16,275,229,46
E33018318,1302,277,39,238,1025,938,87
E33018319,386,172,37,135,214,190,24
E33018320,315,67,12,55,248,223,25
E33018321,712,90,21,69,622,522,100
E33018322,595,94,36,58,501,415,86
E33018323,690,48,8,40,642,546,96
E33018324,542,72,26,46,470,358,112
E33018325,470,42,20,22,428,382,46
E33018326,659,106,38,68,553,448,105
E33018327,208,56,15,41,152,124,28
E33018328,630,155,26,129,475,417,58
E33018329,585,52,9,43,533,443,90
E33018330,518,207,76,131,311,265,46
E33018331,130,68,27,41,62,50,12
E33018332,326,48,15,33,278,237,41
E33018333,682,26,10,16,656,609,47
E33018334,847,270,75,195,577,514,63
E33018335,409,61,18,43,348,305,43
E33018336,908,133,32,101,775,686,89
E33018337,208,100,47,53,108,92,16
E33018338,1300,296,43,253,1004,896,108
E33018339,251,121,33,88,130,117,13
E33018340,580,78,24,54,502,446,56
E33018341,2296,404,128,276,1892,1675,217
E33018342,311,23,6,17,288,229,59
E33018343,680,150,23,127,530,475,55
E33018344,291,32,12,20,259,210,49
E33018345,1097,83,29,54,1014,927,87
E33018346,237,49,8,41,188,160,28
E33018347,370,52,12,40,318,270,48
E33018348,810,468,229,239,342,299,43
E33018349,555,219,74,145,336,329,7
E33018350,760,424,156,268,336,316,20
E33018351,1137,560,208,352,577,547,30
E33018352,342,109,23,86,233,210,23
E33018353,635,179,31,148,456,431,25
E33018354,556,250,101,149,306,272,34
E33018355,403,181,58,123,222,204,18
E33018356,279,55,11,44,224,202,22
E33018357,641,74,27,47,567,512,55
E33018358,350,46,16,30,304,255,49
E33018359,215,58,29,29,157,140,17
E33018360,880,200,52,148,680,620,60
E33018361,711,52,11,41,659,574,85
E33018362,564,270,120,150,294,275,19
E33018363,1518,131,36,95,1387,1164,223
E33018364,263,129,49,80,134,112,22
E33018365,385,117,38,79,268,246,22
E33018366,604,336,67,269,268,235,33
E33018367,375,66,17,49,309,260,49
E33018368,658,245,59,186,413,364,49
E33018369,265,30,8,22,235,221,14
E33018370,318,54,11,43,264,206,58
E33018371,404,118,18,100,286,239,47
E33018372,934,120,26,94,814,707,107
E33018373,972,82,24,58,890,781,109
E33018374,206,16,2,14,190,118,72
E33018375,506,216,51,165,290,262,28
E33018376,228,126,37,89,102,92,10
E33018377,435,292,56,236,143,124,19
E33018378,508,99,33,66,409,350,59
E33018379,548,45,13,32,503,452,51
E33018380,498,88,16,72,410,367,43
E33018381,1521,578,35,543,943,922,21
E33018382,217,123,49,74,94,90,4
E33018383,486,130,23,107,356,345,11
E33018384,518,98,22,76,420,374,46
E33018385,381,118,35,83,263,237,26
E33018386,1115,438,131,307,677,586,91
E33018387,461,259,61,198,202,195,7
E33018388,412,160,54,106,252,222,30
E33018389,876,233,93,140,643,547,96
E33018390,632,254,62,192,378,328,50
E33018391,678,209,53,156,469,420,49
E33018392,272,94,45,49,178,150,28
E33018393,370,147,45,102,223,176,47
E33018394,499,162,41,121,337,301,36
E33018395,730,119,22,97,611,520,91
E33018396,213,78,25,53,135,122,13
E33018397,318,129,26,103,189,164,25
E33018398,334,62,25,37,272,227,45
E33018399,490,42,8,34,448,404,44
E33018400,281,45,8,37,236,207,29
E33018401,204,74,20,54,130,111,19
E33018402,285,23,5,18,262,229,33
E33018403,260,18,4,14,242,211,31
E33018404,272,38,11,27,234,193,41
E33018405,356,24,6,18,332,282,50
E33018406,223,49,14,35,174,151,23
E33018407,264,34,3,31,230,194,36
E33018408,202,32,5,27,170,148,22
E33018409,249,42,9,33,207,160,47
E33018410,628,294,104,190,334,298,36
E33018411,790,117,23,94,673,534,139
E33018412,960,112,26,86,848,783,65
E33018413,273,71,14,57,202,168,34
E33018414,263,47,9,38,216,165,51
E33018415,326,51,13,38,275,218,57
E33018416,402,69,16,53,333,286,47
E33018417,227,92,17,75,135,105,30
E33018418,250,96,23,73,154,142,12
E33018419,219,30,4,26,189,164,25
E33018420,219,62,18,44,157,112,45
E33018421,771,65,22,43,706,577,129
E33018422,354,147,77,70,207,185,22
E33018423,446,222,73,149,224,202,22
E33018424,377,112,40,72,265,217,48
E33018425,307,107,36,71,200,170,30
E33018426,323,123,44,79,200,174,26
E33018427,287,59,18,41,228,183,45
E33018428,267,79,25,54,188,149,39
E33018429,646,387,152,235,259,230,29
E33018430,707,278,79,199,429,345,84
E33018431,759,82,13,69,677,591,86
E33018432,486,73,19,54,413,368,45
E33018433,510,185,33,152,325,268,57
E33018434,5233,1756,280,1476,3477,3133,344
E33018435,205,95,11,84,110,101,9
E33018436,216,81,19,62,135,114,21
E33018437,304,193,66,127,111,95,16
E33018438,386,208,90,118,178,159,19
E33018439,240,99,19,80,141,130,11
E33018440,251,84,26,58,167,157,10
E33018441,378,19,8,11,359,288,71
E33018442,1250,424,93,331,826,775,51
E33018443,204,59,14,45,145,117,28
E33018444,622,83,23,60,539,474,65
E33018445,252,59,15,44,193,182,11
E33018446,270,71,17,54,199,176,23
E33018447,183,114,53,61,69,60,9
E33018448,407,134,44,90,273,229,44
E33018449,450,258,61,197,192,167,25
E33018450,313,98,24,74,215,200,15
E33018451,230,111,25,86,119,110,9
E33018452,1981,492,106,386,1489,1352,137
E33018453,583,251,66,185,332,299,33
E33018454,252,68,23,45,184,155,29
E33018455,369,37,10,27,332,283,49
E33018456,279,36,3,33,243,207,36
E33018457,239,97,32,65,142,125,17
E33018458,246,86,25,61,160,136,24
E33018459,272,45,18,27,227,201,26
E33018460,660,147,29,118,513,446,67
E33018461,340,91,23,68,249,218,31
E33018462,221,71,20,51,150,132,18
E33018463,415,37,10,27,378,326,52
E33018464,340,41,12,29,299,255,44
E33018465,216,65,14,51,151,111,40
E33018466,287,44,16,28,243,164,79
E33018467,199,40,10,30,159,140,19
E33018468,263,39,5,34,224,200,24
E33018469,427,61,16,45,366,316,50
E33018470,1311,141,29,112,1170,1078,92
E33018471,206,19,4,15,187,152,35
E33018472,410,27,12,15,383,320,63
E33018473,245,55,22,33,190,160,30
E33018474,253,48,17,31,205,188,17
E33018475,210,36,7,29,174,159,15
E33018476,320,44,13,31,276,203,73
E33018477,215,22,8,14,193,169,24
E33018478,269,25,6,19,244,207,37
E33018479,193,16,8,8,177,140,37
E33018480,521,55,19,36,466,420,46
E33018481,326,27,10,17,299,236,63
E33018482,585,107,25,82,478,428,50
E33018483,498,153,31,122,345,283,62
E33018484,516,61,9,52,455,330,125
E33018485,668,397,130,267,271,257,14
E33018486,293,101,24,77,192,172,20
E33018487,493,182,39,143,311,285,26
E33018488,875,96,20,76,779,717,62
E33018489,375,38,11,27,337,306,31
E33018490,709,100,22,78,609,494,115
E33018491,430,132,37,95,298,268,30
E33018492,536,96,21,75,440,387,53
E33018493,474,46,13,33,428,334,94
E33018494,404,123,22,101,281,229,52
E33018495,266,68,22,46,198,145,53
E33018496,315,77,10,67,238,174,64
E33018497,585,57,16,41,528,450,78
E33018498,948,171,32,139,777,739,38
E33018499,308,47,14,33,261,213,48
E33018500,497,41,10,31,456,402,54
E33018501,713,173,53,120,540,481,59
E33018502,509,66,23,43,443,356,87
E33018503,424,70,16,54,354,302,52
E33018504,486,59,13,46,427,354,73
E33018505,388,46,11,35,342,278,64
E33018506,234,61,18,43,173,127,46
E33018507,423,44,12,32,379,330,49
E33018508,1540,244,58,186,1296,1152,144
E33018509,466,64,13,51,402,339,63
E33018510,416,63,8,55,353,297,56
E33018511,240,63,20,43,177,159,18
E33018512,758,129,29,100,629,521,108
E33018513,259,53,19,34,206,168,38
E33018514,442,60,23,37,382,320,62
E33018515,338,56,11,45,282,233,49
E33018516,831,134,35,99,697,677,20
E33018517,365,40,10,30,325,261,64
E33018518,520,43,14,29,477,414,63
E33018519,146,59,9,50,87,82,5
E33018520,467,95,24,71,372,288,84
E33018521,247,66,18,48,181,157,24
E33018522,634,42,14,28,592,521,71
E33018523,299,25,6,19,274,194,80
E33018524,424,101,31,70,323,297,26
E33018525,236,32,7,25,204,170,34
E33018526,407,80,25,55,327,286,41
E33018527,708,73,22,51,635,548,87
E33018528,271,57,12,45,214,185,29
E33018529,609,96,31,65,513,426,87
E33018530,428,137,47,90,291,272,19
E33018531,452,114,36,78,338,296,42
E33018532,205,79,20,59,126,115,11
E33018533,279,64,9,55,215,182,33
E33018534,958,96,21,75,862,768,94
E33018535,599,284,82,202,315,272,43
E33018536,541,91,32,59,450,368,82
E33018537,218,62,11,51,156,148,8
E33018538,457,167,42,125,290,251,39
E33018539,239,36,11,25,203,188,15
E33018540,557,35,11,24,522,490,32
E33018541,1174,107,18,89,1067,931,136
E33018542,961,478,110,368,483,428,55
E33018543,479,47,15,32,432,324,108
E33018544,290,30,5,25,260,217,43
E33018545,378,46,12,34,332,263,69
E33018546,336,22,7,15,314,270,44
E33018547,289,83,24,59,206,186,20
E33018548,318,93,19,74,225,214,11
E33018549,246,65,21,44,181,169,12
E33018550,458,93,21,72,365,350,15
E33018551,255,73,15,58,182,172,10
E33018552,814,261,76,185,553,509,44
E33018553,295,175,47,128,120,115,5
E33018554,223,58,19,39,165,138,27
E33018555,314,81,17,64,233,215,18
E33018556,1053,307,71,236,746,684,62
E33018557,211,73,17,56,138,111,27
E33018558,282,79,26,53,203,153,50
E33018559,477,158,22,136,319,263,56
E33018560,247,131,49,82,116,108,8
E33018561,337,126,32,94,211,188,23
E33018562,398,109,37,72,289,252,37
E33018563,246,59,11,48,187,167,20
E33018564,1017,122,26,96,895,686,209
E33018565,1534,341,137,204,1193,1034,159
E33018566,663,351,128,223,312,275,37
E33018567,601,102,26,76,499,427,72
E33018568,1729,164,44,120,1565,1368,197
E33018569,1091,161,63,98,930,755,175
E33018570,849,183,34,149,666,591,75
E33018571,445,93,16,77,352,313,39
E33018572,1479,249,47,202,1230,1056,174
E33018573,470,36,15,21,434,384,50
E33018574,863,204,35,169,659,559,100
E33018575,1195,107,26,81,1088,826,262
E33018576,378,62,11,51,316,246,70
E33018577,751,287,83,204,464,403,61
E33018578,2079,576,110,466,1503,1355,148
E33018579,1652,535,181,354,1117,913,204
E33018580,847,86,23,63,761,640,121
E33018581,599,58,12,46,541,473,68
E33018582,331,88,22,66,243,232,11
E33018583,608,76,16,60,532,446,86
E33018584,454,114,19,95,340,318,22
E33018585,229,96,25,71,133,111,22
E33018586,348,173,60,113,175,140,35
E33018587,325,152,53,99,173,145,28
E33018588,306,79,29,50,227,146,81
E33018589,604,71,11,60,533,456,77
E33018590,698,106,38,68,592,479,113
E33018591,326,39,9,30,287,227,60
E33018592,545,91,19,72,454,351,103
E33018593,638,89,35,54,549,488,61
E33018594,272,94,31,63,178,147,31
E33018595,381,177,73,104,204,188,16
E33018596,546,171,49,122,375,317,58
E33018597,1398,802,290,512,596,564,32
E33018598,555,307,146,161,248,225,23
E33018599,290,84,38,46,206,175,31
E33018600,297,144,67,77,153,137,16
E33018601,228,69,14,55,159,141,18
E33018602,2127,1065,507,558,1062,986,76
E33018603,210,94,35,59,116,107,9
E33018604,721,149,48,101,572,477,95
E33018605,716,290,82,208,426,388,38
E33018606,413,152,39,113,261,229,32
E33018607,954,396,129,267,558,469,89
E33018608,288,106,29,77,182,166,16
E33018609,1638,259,49,210,1379,1264,115
E33018610,411,147,47,100,264,191,73
E33018611,730,323,113,210,407,359,48
E33018612,637,314,105,209,323,295,28
E33018613,613,87,16,71,526,423,103
E33018614,353,55,24,31,298,262,36
E33018615,219,71,27,44,148,112,36
E33018616,612,96,28,68,516,444,72
E33018617,526,66,19,47,460,427,33
E33018618,443,47,16,31,396,328,68
E33018619,350,64,15,49,286,252,34
E33018620,816,161,27,134,655,566,89
E33018621,1003,136,42,94,867,716,151
E33018622,296,113,43,70,183,161,22
E33018623,844,185,34,151,659,583,76
E33018624,911,164,43,121,747,621,126
E33018625,493,183,42,141,310,246,64
E33018626,273,109,38,71,164,135,29
E33018627,226,95,36,59,131,114,17
E33018628,205,97,31,66,108,93,15
E33018629,292,100,39,61,192,155,37
E33018630,524,88,33,55,436,361,75
E33018631,454,83,26,57,371,327,44
E33018632,1497,491,95,396,1006,941,65
E33018633,995,211,55,156,784,710,74
E33018634,143,44,18,26,99,83,16
E33018635,803,327,111,216,476,409,67
E33018636,836,421,107,314,415,375,40
E33018637,266,41,9,32,225,178,47
E33018638,237,29,10,19,208,178,30
E33018639,670,325,76,249,345,310,35
E33018640,811,331,131,200,480,379,101
E33018641,1108,99,27,72,1009,892,117
E33018642,406,57,11,46,349,230,119
E33018643,229,43,10,33,186,163,23
E33018644,1255,147,23,124,1108,1047,61
E33018645,375,45,14,31,330,266,64
E33018646,1036,143,37,106,893,749,144
E33018647,531,275,60,215,256,230,26
E33018648,572,142,31,111,430,375,55
E33018649,367,48,12,36,319,257,62
E33018650,662,35,12,23,627,395,232
E33018651,404,44,14,30,360,248,112
E33018652,205,93,27,66,112,98,14
E33018653,219,109,38,71,110,93,17
E33018654,804,69,24,45,735,623,112
E33018655,204,19,8,11,185,161,24
E33018656,689,63,19,44,626,510,116
E33018657,220,23,8,15,197,149,48
E33018658,398,44,17,27,354,289,65
E33018659,261,35,6,29,226,198,28
E33018660,363,29,9,20,334,291,43
E33018661,260,102,10,92,158,142,16
E33018662,911,189,26,163,722,538,184
E33018663,356,53,12,41,303,283,20
E33018664,233,61,7,54,172,153,19
E33018665,313,41,6,35,272,248,24
E33018666,3503,1158,215,943,2345,2108,237
E33018667,326,40,7,33,286,233,53
E33018668,254,54,15,39,200,171,29
E33018669,175,33,7,26,142,132,10
E33018670,312,63,19,44,249,210,39
E33018671,230,121,54,67,109,102,7
E33018672,2242,522,118,404,1720,1589,131
E33018673,470,100,30,70,370,346,24
E33018674,214,69,16,53,145,113,32
E33018675,313,96,26,70,217,169,48
E33018676,397,50,11,39,347,283,64
E33018677,412,169,55,114,243,222,21
E33018678,249,34,7,27,215,181,34
E33018679,270,120,37,83,150,125,25
E33018680,223,99,17,82,124,115,9
E33018681,1217,199,56,143,1018,812,206
E33018682,237,45,11,34,192,149,43
E33018683,650,71,18,53,579,505,74
E33018684,617,310,94,216,307,254,53
E33018685,710,233,54,179,477,426,51
E33018686,412,149,32,117,263,222,41
E33018687,188,57,13,44,131,106,25
E33018688,449,121,18,103,328,276,52
E33018689,428,164,65,99,264,221,43
E33018690,305,59,17,42,246,189,57
E33018691,382,47,3,44,335,270,65
E33018692,215,49,13,36,166,144,22
E33018693,352,124,49,75,228,214,14
E33018694,528,117,45,72,411,361,50
E33018695,641,70,20,50,571,476,95
E33018696,636,141,31,110,495,464,31
E33018697,235,73,21,52,162,146,16
E33018698,509,55,9,46,454,391,63
E33018699,772,145,40,105,627,562,65
E33018700,243,44,13,31,199,164,35
E33018701,346,55,15,40,291,263,28
E33018702,268,66,13,53,202,166,36
E33018703,367,45,14,31,322,230,92
E33018704,237,78,33,45,159,124,35
E33018705,243,48,14,34,195,169,26
E33018706,1569,309,116,193,1260,1096,164
E33018707,366,195,82,113,171,151,20
E33018708,820,66,11,55,754,592,162
E33018709,356,63,15,48,293,215,78
E33018710,669,176,36,140,493,439,54
E33018711,1963,505,87,418,1458,1283,175
E33018712,213,54,14,40,159,132,27
E33018713,220,97,27,70,123,104,19
E33018714,1242,299,48,251,943,886,57
E33018715,464,27,9,18,437,401,36
E33018716,996,51,16,35,945,875,70
E33018717,1066,114,33,81,952,852,100
E33018718,899,312,106,206,587,503,84
E33018719,873,161,49,112,712,547,165
E33018720,567,212,46,166,355,323,32
E33018721,849,285,59,226,564,514,50
E33018722,247,44,22,22,203,164,39
E33018723,358,59,16,43,299,235,64
E33018724,336,68,16,52,268,227,41
E33018725,847,178,53,125,669,558,111
E33018726,510,142,32,110,368,325,43
E33018727,660,174,57,117,486,402,84
E33018728,329,62,13,49,267,232,35
E33018729,525,85,19,66,440,353,87
E33018730,556,69,21,48,487,361,126
E33018731,261,30,10,20,231,212,19
E33018732,272,36,13,23,236,192,44
E33018733,783,67,12,55,716,607,109
E33018734,220,19,6,13,201,171,30
E33018735,264,29,6,23,235,206,29
E33018736,462,48,13,35,414,319,95
E33018737,721,277,98,179,444,384,60
E33018738,319,153,43,110,166,132,34
E33018739,467,203,64,139,264,212,52
E33018740,330,62,8,54,268,225,43
E33018741,842,212,75,137,630,543,87
E33018742,279,114,34,80,165,148,17
E33018743,204,91,28,63,113,102,11
E33018744,324,204,101,103,120,114,6
E33018745,499,142,28,114,357,313,44
E33018746,202,130,74,56,72,61,11
E33018747,278,133,57,76,145,124,21
E33018748,301,117,28,89,184,168,16
E33018749,350,166,55,111,184,164,20
E33018750,361,93,22,71,268,223,45
E33018751,1624,683,123,560,941,835,106
E33018752,275,128,65,63,147,131,16
E33018753,525,276,103,173,249,227,22
E33018754,271,113,25,88,158,133,25
E33018755,218,80,22,58,138,114,24
E33018756,320,113,28,85,207,175,32
E33018757,234,98,15,83,136,119,17
E33018758,210,74,21,53,136,129,7
E33018759,252,93,16,77,159,143,16
E33018760,602,335,119,216,267,244,23
E33018761,245,107,29,78,138,122,16
E33018762,347,103,27,76,244,183,61
E33018763,767,267,59,208,500,429,71
E33018764,481,68,20,48,413,335,78
E33018765,421,57,15,42,364,266,98
E33018766,291,42,15,27,249,200,49
E33018767,298,38,8,30,260,199,61
E33018768,788,75,16,59,713,599,114
E33018769,295,29,10,19,266,227,39
E33018770,246,83,26,57,163,124,39
E33018771,839,120,37,83,719,560,159
E33018772,419,61,21,40,358,274,84
E33018773,524,152,67,85,372,306,66
E33018774,775,170,48,122,605,494,111
E33018775,201,83,25,58,118,108,10
E33018776,206,84,35,49,122,87,35
E33018777,369,193,48,145,176,154,22
E33018778,221,113,38,75,108,79,29
E33018779,247,95,24,71,152,137,15
E33018780,270,52,13,39,218,166,52
E33018781,634,108,27,81,526,458,68
E33018782,311,151,39,112,160,134,26
E33018783,791,189,45,144,602,528,74
E33018784,511,223,54,169,288,237,51
E33018785,555,343,109,234,212,188,24
E33018786,483,71,16,55,412,342,70
E33018787,924,73,29,44,851,719,132
E33018788,208,61,15,46,147,131,16
E33018789,2208,181,61,120,2027,1783,244
E33018790,255,120,42,78,135,126,9
E33018791,242,105,27,78,137,108,29
E33018792,234,43,22,21,191,151,40
E33018793,222,29,12,17,193,173,20
E33018794,349,94,33,61,255,198,57
E33018795,866,315,58,257,551,503,48
E33018796,280,117,43,74,163,117,46
E33018797,237,31,7,24,206,190,16
E33018798,830,259,88,171,571,499,72
E33018799,650,57,24,33,593,532,61
E33018800,691,73,23,50,618,506,112
E33018801,309,60,13,47,249,220,29
E33018802,238,74,19,55,164,120,44
E33018803,1243,319,92,227,924,853,71
E33018804,2186,217,54,163,1969,1755,214
E33018805,393,62,18,44,331,287,44
E33018806,412,40,13,27,372,340,32
E33018807,365,29,7,22,336,279,57
E33018808,480,33,14,19,447,374,73
E33018809,339,163,47,116,176,157,19
E33018810,328,73,15,58,255,242,13
E33018811,336,84,18,66,252,226,26
E33018812,336,132,40,92,204,175,29
E33018813,370,119,39,80,251,221,30
E33018814,206,29,8,21,177,166,11
E33018815,430,228,73,155,202,172,30
E33018816,667,92,20,72,575,530,45
E33018817,229,99,10,89,130,119,11
E33018818,416,185,53,132,231,191,40
E33018819,213,96,30,66,117,87,30
E33018820,693,135,24,111,558,458,100
E33018821,1161,135,30,105,1026,927,99
E33018822,1002,602,265,337,400,361,39
E33018823,330,230,103,127,100,92,8
E33018824,1448,246,34,212,1202,1125,77
E33018825,1441,209,22,187,1232,1176,56
E33018826,886,215,24,191,671,629,42
E33018827,529,273,125,148,256,237,19
E33018828,406,233,113,120,173,167,6
E33018829,246,124,46,78,122,115,7
E33018830,386,255,117,138,131,113,18
E33018831,441,71,23,48,370,352,18
E33018832,269,86,45,41,183,160,23
E33018833,736,125,32,93,611,525,86
E33018834,608,321,113,208,287,267,20
E33018835,762,159,31,128,603,549,54
E33018836,606,254,80,174,352,339,13
E33018837,289,65,15,50,224,183,41
E33018838,261,51,13,38,210,155,55
E33018839,258,88,39,49,170,141,29
E33018840,202,93,22,71,109,98,11
E33018841,458,143,42,101,315,307,8
E33018842,377,193,79,114,184,162,22
E33018843,230,69,24,45,161,116,45
E33018844,649,210,66,144,439,383,56
E33018845,294,150,47,103,144,126,18
E33018846,313,137,42,95,176,143,33
E33018847,740,109,29,80,631,602,29
E33018848,1372,248,61,187,1124,1019,105
E33018849,1520,196,40,156,1324,1124,200
E33018850,257,26,5,21,231,203,28
E33018851,853,131,38,93,722,594,128
E33018852,1563,103,35,68,1460,1311,149
E33018853,937,54,13,41,883,787,96
E33018854,775,66,17,49,709,591,118
E33018855,989,73,16,57,916,828,88
E33018856,280,25,5,20,255,230,25
E33018857,403,50,11,39,353,298,55
E33018858,381,45,9,36,336,274,62
E33018859,615,26,9,17,589,550,39
E33018860,372,34,14,20,338,292,46
E33018861,992,98,28,70,894,829,65
E33018862,541,68,25,43,473,442,31
E33018863,557,95,22,73,462,377,85
E33018864,490,81,18,63,409,356,53
E33018865,339,94,30,64,245,209,36
E33018866,1278,343,190,153,935,839,96
E33018867,864,107,18,89,757,704,53
E33018868,311,81,17,64,230,199,31
E33018869,765,51,15,36,714,640,74
E33018870,423,161,31,130,262,230,32
E33018871,473,77,15,62,396,293,103
E33018872,506,124,34,90,382,350,32
E33018873,201,66,14,52,135,97,38
E33018874,204,72,25,47,132,106,26
E33018875,212,86,20,66,126,111,15
E33018876,218,75,24,51,143,113,30
E33018877,206,49,21,28,157,144,13
E33018878,703,120,27,93,583,498,85
E33018879,428,36,14,22,392,349,43
E33018880,498,71,26,45,427,377,50
E33018881,1042,203,53,150,839,800,39
E33018882,224,96,31,65,128,108,20
E33018883,306,154,38,116,152,134,18
E33018884,353,42,12,30,311,247,64
E33018885,465,150,51,99,315,281,34
E33018886,449,279,104,175,170,158,12
E33018887,504,230,68,162,274,264,10
E33018888,213,78,31,47,135,118,17
E33018889,310,86,29,57,224,205,19
E33018890,212,97,28,69,115,94,21
E33018891,209,40,8,32,169,149,20
E33018892,251,90,23,67,161,150,11
E33018893,1532,869,417,452,663,615,48
E33018894,258,97,14,83,161,141,20
E33018895,550,177,38,139,373,359,14
E33018896,202,66,26,40,136,122,14
E33018897,398,103,14,89,295,278,17
E33018898,338,97,34,63,241,225,16
E33018899,423,103,23,80,320,277,43
E33018900,271,104,32,72,167,160,7
E33018901,277,151,44,107,126,120,6
E33018902,375,183,48,135,192,171,21
E33018903,485,165,39,126,320,314,6
E33018904,262,54,17,37,208,187,21
E33018905,262,133,43,90,129,115,14
E33018906,255,129,57,72,126,102,24
E33018907,292,56,12,44,236,221,15
E33018908,649,49,12,37,600,524,76
E33018909,1767,290,102,188,1477,1353,124
E33018910,637,317,118,199,320,296,24
E33018911,559,197,34,163,362,306,56
E33018912,422,85,28,57,337,317,20
E33018913,577,61,19,42,516,458,58
E33018914,238,90,34,56,148,137,11
E33018915,436,122,11,111,314,283,31
E33018916,249,102,28,74,147,135,12
E33018917,822,159,28,131,663,623,40
E33018918,511,133,26,107,378,324,54
E33018919,391,114,32,82,277,253,24
E33018920,4006,1163,167,996,2843,2603,240
E33018921,1440,371,103,268,1069,976,93
E33018922,443,44,11,33,399,331,68
E33018923,306,88,23,65,218,198,20
E33018924,523,120,35,85,403,369,34
E33018925,349,73,17,56,276,247,29
E33018926,3411,1199,225,974,2212,2034,178
E33018927,758,275,38,237,483,442,41
E33018928,237,50,14,36,187,168,19
E33018929,267,94,14,80,173,165,8
E33018930,301,32,7,25,269,216,53
E33018931,260,129,37,92,131,118,13
E33018932,197,93,28,65,104,96,8
E33018933,274,165,47,118,109,96,13
E33018934,208,63,12,51,145,115,30
E33018935,753,445,118,327,308,277,31
E33018936,270,100,28,72,170,151,19
E33018937,378,70,25,45,308,227,81
E33018938,612,125,34,91,487,423,64
E33018939,221,86,21,65,135,115,20
E33018940,230,62,14,48,168,147,21
E33018941,312,64,26,38,248,204,44
E33018942,644,250,63,187,394,362,32
E33018943,1487,206,33,173,1281,1148,133
E33018944,350,55,13,42,295,273,22
E33018945,687,173,31,142,514,476,38
E33018946,181,79,9,70,102,89,13
E33018947,748,126,30,96,622,558,64
E33018948,402,85,28,57,317,248,69
E33018949,535,192,44,148,343,298,45
E33018950,720,115,35,80,605,538,67
E33018951,657,65,20,45,592,491,101
E33018952,286,101,31,70,185,156,29
E33018953,368,177,74,103,191,153,38
E33018954,354,191,90,101,163,135,28
E33018955,412,198,85,113,214,181,33
E33018956,858,93,33,60,765,659,106
E33018957,218,49,20,29,169,124,45
E33018958,517,78,25,53,439,365,74
E33018959,266,58,18,40,208,160,48
E33018960,430,67,28,39,363,303,60
E33018961,240,119,46,73,121,107,14
E33018962,198,71,22,49,127,93,34
E33018963,227,147,58,89,80,71,9
E33018964,240,55,25,30,185,119,66
E33018965,194,91,29,62,103,75,28
E33018966,904,162,39,123,742,589,153
E33018967,297,80,32,48,217,171,46
E33018968,758,116,30,86,642,468,174
E33018969,322,185,67,118,137,121,16
E33018970,240,92,36,56,148,126,22
E33018971,314,140,51,89,174,154,20
E33018972,208,127,54,73,81,70,11
E33018973,251,100,34,66,151,140,11
E33018974,228,102,27,75,126,100,26
E33018975,303,116,38,78,187,153,34
E33018976,204,109,38,71,95,89,6
E33018977,694,379,111,268,315,280,35
E33018978,232,104,26,78,128,111,17
E33018979,317,105,31,74,212,170,42
E33018980,1976,766,163,603,1210,1095,115
E33018981,261,43,16,27,218,166,52
E33018982,693,95,31,64,598,472,126
E33018983,334,114,29,85,220,135,85
E33018984,393,126,45,81,267,243,24
E33018985,482,37,11,26,445,358,87
E33018986,590,169,50,119,421,359,62
E33018987,274,99,32,67,175,142,33
E33018988,219,67,24,43,152,122,30
E33018989,213,56,17,39,157,120,37
E33018990,465,83,21,62,382,361,21
E33018991,417,63,25,38,354,336,18
E33018992,3280,1195,203,992,2085,1892,193
E33018993,1060,217,61,156,843,764,79
E33018994,664,178,35,143,486,438,48
E33018995,445,170,78,92,275,219,56
E33018996,218,95,38,57,123,105,18
E33018997,444,241,59,182,203,185,18
E33018998,307,177,62,115,130,114,16
E33018999,352,200,103,97,152,144,8
E33019000,213,54,12,42,159,142,17
E33019001,241,62,15,47,179,149,30
E33019002,353,178,57,121,175,140,35
E33019003,203,64,19,45,139,120,19
E33019004,386,147,51,96,239,198,41
E33019005,282,111,31,80,171,151,20
E33019006,250,117,38,79,133,107,26
E33019007,334,150,62,88,184,162,22
E33019008,199,56,17,39,143,134,9
E33019009,326,120,52,68,206,168,38
E33019010,298,96,37,59,202,170,32
E33019011,303,152,55,97,151,134,17
E33019012,235,110,22,88,125,105,20
E33019013,235,68,19,49,167,130,37
E33019014,216,106,28,78,110,102,8
E33019015,314,79,14,65,235,207,28
E33019016,321,115,39,76,206,164,42
E33019017,1412,399,93,306,1013,907,106
E33019018,1797,524,117,407,1273,1207,66
E33019019,241,74,22,52,167,152,15
E33019020,840,48,25,23,792,702,90
E33019021,224,38,5,33,186,162,24
E33019022,416,59,17,42,357,283,74
E33019023,911,167,31,136,744,615,129
E33019024,529,187,47,140,342,297,45
E33019025,421,56,20,36,365,301,64
E33019026,289,118,47,71,171,145,26
E33019027,789,72,25,47,717,588,129
E33019028,511,82,19,63,429,354,75
E33019029,348,95,20,75,253,226,27
E33019030,626,246,62,184,380,318,62
E33019031,240,68,24,44,172,116,56
E33019032,352,112,38,74,240,192,48
E33019033,532,159,44,115,373,326,47
E33019034,599,141,73,68,458,335,123
E33019035,925,313,66,247,612,543,69
E33019036,404,147,43,104,257,219,38
E33019037,390,112,40,72,278,215,63
E33019038,242,106,39,67,136,109,27
E33019039,464,194,47,147,270,221,49
E33019040,197,79,30,49,118,105,13
E33019041,423,207,71,136,216,176,40
E33019042,235,119,47,72,116,89,27
E33019043,1041,205,52,153,836,738,98
E33019044,625,103,35,68,522,378,144
E33019045,338,82,22,60,256,227,29
E33019046,226,60,18,42,166,123,43
E33019047,339,103,21,82,236,201,35
E33019048,376,133,56,77,243,209,34
E33019049,1386,73,30,43,1313,1119,194
E33019050,605,366,120,246,239,212,27
E33019051,461,244,68,176,217,191,26
E33019052,211,108,32,76,103,80,23
E33019053,407,231,68,163,176,155,21
E33019054,492,109,31,78,383,241,142
E33019055,212,62,19,43,150,119,31
E33019056,359,76,15,61,283,229,54
E33019057,205,73,15,58,132,115,17
E33019058,374,49,7,42,325,261,64
E33019059,234,55,19,36,179,153,26
E33019060,441,141,32,109,300,244,56
E33019061,338,109,39,70,229,204,25
E33019062,372,117,29,88,255,200,55
E33019063,445,160,12,148,285,273,12
E33019064,493,167,37,130,326,313,13
E33019065,359,55,16,39,304,248,56
E33019066,481,166,57,109,315,270,45
E33019067,292,89,27,62,203,147,56
E33019068,626,247,86,161,379,331,48
E33019069,419,119,42,77,300,246,54
E33019070,441,109,26,83,332,260,72
E33019071,712,81,18,63,631,539,92
E33019072,359,58,22,36,301,243,58
E33019073,299,77,21,56,222,173,49
E33019074,1690,514,197,317,1176,987,189
E33019075,765,86,25,61,679,575,104
E33019076,210,72,22,50,138,122,16
E33019077,497,285,68,217,212,178,34
E33019078,282,147,53,94,135,116,19
E33019079,409,201,52,149,208,181,27
E33019080,216,129,38,91,87,80,7
E33019081,1060,111,46,65,949,768,181
E33019082,462,96,38,58,366,306,60
E33019083,235,78,34,44,157,121,36
E33019084,445,64,13,51,381,303,78
E33019085,817,363,108,255,454,408,46
E33019086,199,60,21,39,139,123,16
E33019087,436,218,71,147,218,190,28
E33019088,445,155,33,122,290,244,46
E33019089,429,26,4,22,403,336,67
E33019090,359,61,10,51,298,265,33
E33019091,2283,93,42,51,2190,1767,423
E33019092,637,69,13,56,568,490,78
E33019093,578,112,31,81,466,398,68
E33019094,307,91,41,50,216,158,58
E33019095,488,38,12,26,450,266,184
E33019096,1097,129,36,93,968,858,110
E33019097,547,85,48,37,462,392,70
E33019098,238,101,37,64,137,96,41
E33019099,741,98,27,71,643,581,62
E33019100,287,50,18,32,237,209,28
E33019101,547,176,65,111,371,337,34
E33019102,261,49,14,35,212,162,50
E33019103,602,106,36,70,496,444,52
E33019104,295,18,2,16,277,232,45
E33019105,1197,145,21,124,1052,931,121
E33019106,260,60,18,42,200,155,45
E33019107,157,41,22,19,116,87,29
E33019108,308,124,44,80,184,138,46
E33019109,498,266,109,157,232,188,44
E33019110,268,113,36,77,155,126,29
E33019111,263,144,68,76,119,103,16
E33019112,272,96,26,70,176,158,18
E33019113,897,262,42,220,635,607,28
E33019114,520,83,26,57,437,332,105
E33019115,1255,121,33,88,1134,927,207
E33019116,286,97,39,58,189,153,36
E33019117,985,196,73,123,789,640,149
E33019118,371,65,22,43,306,244,62
E33019119,392,76,24,52,316,265,51
E33019120,452,40,7,33,412,347,65
E33019121,465,60,16,44,405,341,64
E33019122,474,99,30,69,375,306,69
E33019123,218,81,22,59,137,88,49
E33019124,308,78,35,43,230,164,66
E33019125,169,86,13,73,83,76,7
E33019126,381,56,14,42,325,272,53
E33019127,622,86,28,58,536,458,78
E33019128,618,281,117,164,337,285,52
E33019129,530,240,94,146,290,249,41
E33019130,219,60,28,32,159,134,25
E33019131,243,128,50,78,115,97,18
E33019132,677,217,69,148,460,408,52
E33019133,413,172,54,118,241,200,41
E33019134,520,287,119,168,233,212,21
E33019135,273,97,38,59,176,170,6
E33019136,322,159,78,81,163,144,19
E33019137,388,222,94,128,166,141,25
E33019138,1320,247,52,195,1073,813,260
E33019139,256,29,5,24,227,150,77
E33019140,640,159,32,127,481,403,78
E33019141,987,206,36,170,781,714,67
E33019142,1423,241,44,197,1182,1106,76
E33019143,278,37,15,22,241,168,73
E33019144,653,117,32,85,536,456,80
E33019145,383,137,40,97,246,224,22
E33019146,268,52,11,41,216,184,32
E33019147,541,298,106,192,243,217,26
E33019148,404,249,111,138,155,138,17
E33019149,347,132,38,94,215,202,13
E33019150,998,327,72,255,671,605,66
E33019151,381,139,38,101,242,211,31
E33019152,294,99,34,65,195,158,37
E33019153,576,282,122,160,294,245,49
E33019154,295,73,17,56,222,197,25
E33019155,216,63,21,42,153,144,9
E33019156,306,92,31,61,214,198,16
E33019157,345,86,20,66,259,217,42
E33019158,519,153,42,111,366,321,45
E33019159,324,147,58,89,177,158,19
E33019160,761,54,17,37,707,624,83
E33019161,212,75,31,44,137,111,26
E33019162,517,64,16,48,453,353,100
E33019163,261,48,11,37,213,156,57
E33019164,909,117,36,81,792,603,189
E33019165,660,209,41,168,451,382,69
E33019166,694,274,101,173,420,395,25
E33019167,233,112,59,53,121,87,34
E33019168,1612,402,50,352,1210,1080,130
E33019169,250,79,27,52,171,138,33
E33019170,607,166,68,98,441,366,75
E33019171,227,81,45,36,146,107,39
E33019172,283,183,97,86,100,78,22
E33019173,399,185,55,130,214,186,28
E33019174,1090,209,70,139,881,781,100
E33019175,515,196,58,138,319,275,44
E33019176,270,88,26,62,182,166,16
E33019177,163,44,5,39,119,103,16
E33019178,244,70,22,48,174,153,21
E33019179,350,112,55,57,238,184,54
E33019180,340,32,4,28,308,220,88
E33019181,746,164,45,119,582,491,91
E33019182,711,303,102,201,408,362,46
E33019183,450,257,103,154,193,181,12
E33019184,212,64,14,50,148,139,9
E33019185,786,355,136,219,431,383,48
E33019186,222,86,25,61,136,116,20
E33019187,382,48,15,33,334,299,35
E33019188,198,49,10,39,149,139,10
E33019189,466,224,82,142,242,203,39
E33019190,266,87,20,67,179,160,19
E33019191,403,118,30,88,285,257,28
E33019192,468,217,78,139,251,193,58
E33019193,223,36,8,28,187,140,47
E33019194,794,99,25,74,695,570,125
E33019195,340,79,14,65,261,224,37
E33019196,521,135,39,96,386,326,60
E33019197,263,136,47,89,127,114,13
E33019198,242,69,28,41,173,135,38
E33019199,222,110,38,72,112,93,19
E33019200,320,169,58,111,151,126,25
E33019201,650,332,165,167,318,254,64
E33019202,262,26,10,16,236,218,18
E33019203,1185,431,74,357,754,641,113
E33019204,789,100,27,73,689,576,113
E33019205,350,32,9,23,318,288,30
E33019206,1898,691,309,382,1207,1089,118
E33019207,220,111,42,69,109,98,11
E33019208,233,114,23,91,119,101,18
E33019209,241,118,26,92,123,105,18
E33019210,212,70,26,44,142,120,22
E33019211,227,113,27,86,114,102,12
E33019212,296,151,49,102,145,108,37
E33019213,306,121,28,93,185,164,21
E33019214,196,108,31,77,88,58,30
E33019215,300,174,57,117,126,107,19
E33019216,294,158,56,102,136,118,18
E33019217,602,206,53,153,396,349,47
E33019218,458,163,37,126,295,275,20
E33019219,200,31,7,24,169,150,19
E33019220,243,127,41,86,116,102,14
E33019221,318,118,24,94,200,174,26
E33019222,296,134,32,102,162,144,18
E33019223,612,377,138,239,235,204,31
E33019224,669,213,48,165,456,429,27
E33019225,331,173,44,129,158,143,15
E33019226,350,188,61,127,162,134,28
E33019227,362,37,12,25,325,282,43
E33019228,938,129,25,104,809,658,151
E33019229,487,237,83,154,250,223,27
E33019230,771,245,87,158,526,465,61
E33019231,297,110,28,82,187,146,41
E33019232,1396,929,365,564,467,416,51
E33019233,510,275,144,131,235,202,33
E33019234,224,60,19,41,164,119,45
E33019235,262,62,14,48,200,160,40
E33019236,214,85,18,67,129,96,33
E33019237,1084,171,36,135,913,771,142
E33019238,355,45,8,37,310,286,24
E33019239,565,102,43,59,463,367,96
E33019240,750,113,33,80,637,487,150
E33019241,323,41,15,26,282,227,55
E33019242,665,157,33,124,508,435,73
E33019243,436,145,49,96,291,244,47
E33019244,238,131,40,91,107,95,12
E33019245,200,64,21,43,136,124,12
E33019246,316,145,30,115,171,144,27
E33019247,248,117,33,84,131,118,13
E33019248,234,55,6,49,179,166,13
E33019249,2189,306,52,254,1883,1590,293
E33019250,284,81,29,52,203,167,36
E33019251,424,69,21,48,355,324,31
E33019252,413,46,17,29,367,302,65
E33019253,898,149,34,115,749,661,88
E33019254,552,73,22,51,479,395,84
E33019255,2155,137,36,101,2018,1681,337
E33019256,626,138,32,106,488,386,102
E33019257,246,93,25,68,153,116,37
E33019258,246,73,29,44,173,121,52
E33019259,360,93,39,54,267,206,61
E33019260,677,229,87,142,448,390,58
E33019261,221,64,19,45,157,138,19
E33019262,1656,528,56,472,1128,792,336
E33019263,1282,155,34,121,1127,947,180
E33019264,656,187,61,126,469,383,86
E33019265,1022,147,42,105,875,742,133
E33019266,517,82,25,57,435,391,44
E33019267,624,204,67,137,420,369,51
E33019268,339,191,62,129,148,137,11
E33019269,202,100,28,72,102,87,15
E33019270,421,211,58,153,210,187,23
E33019271,669,438,219,219,231,212,19
E33019272,363,148,50,98,215,192,23
E33019273,203,107,49,58,96,87,9
E33019274,436,120,25,95,316,279,37
E33019275,687,218,43,175,469,437,32
E33019276,325,154,38,116,171,156,15
E33019277,619,336,95,241,283,248,35
E33019278,208,93,33,60,115,107,8
E33019279,269,54,9,45,215,188,27
E33019280,284,117,55,62,167,138,29
E33019281,258,159,46,113,99,91,8
E33019282,229,71,15,56,158,138,20
E33019283,3251,1149,188,961,2102,1842,260
E33019284,311,142,47,95,169,148,21
E33019285,270,171,53,118,99,69,30
E33019286,447,176,32,144,271,248,23
E33019287,413,206,51,155,207,199,8
E33019288,617,65,20,45,552,470,82
E33019289,978,132,33,99,846,712,134
E33019290,315,32,11,21,283,254,29
E33019291,989,159,48,111,830,675,155
E33019292,284,29,4,25,255,224,31
E33019293,209,53,19,34,156,119,37
E33019294,639,106,29,77,533,470,63
E33019295,205,51,19,32,154,122,32
E33019296,441,60,15,45,381,304,77
E33019297,373,77,24,53,296,245,51
E33019298,612,98,17,81,514,401,113
E33019299,377,52,18,34,325,254,71
E33019300,746,74,20,54,672,608,64
E33019301,310,166,57,109,144,111,33
E33019302,254,14,2,12,240,200,40
E33019303,907,255,93,162,652,548,104
E33019304,314,50,20,30,264,229,35
E33019305,586,51,16,35,535,463,72
E33019306,736,153,62,91,583,509,74
E33019307,325,34,4,30,291,256,35
E33019308,502,260,109,151,242,205,37
E33019309,290,87,13,74,203,158,45
E33019310,506,199,71,128,307,277,30
E33019311,249,126,38,88,123,96,27
E33019312,407,127,34,93,280,226,54
E33019313,213,68,26,42,145,108,37
E33019314,352,53,22,31,299,252,47
E33019315,2182,174,65,109,2008,1861,147
E33019316,1190,120,46,74,1070,853,217
E33019317,270,63,15,48,207,155,52
E33019318,333,43,18,25,290,232,58
E33019319,197,68,24,44,129,102,27
E33019320,350,75,21,54,275,207,68
E33019321,787,223,63,160,564,508,56
E33019322,441,67,20,47,374,297,77
E33019323,235,85,22,63,150,126,24
E33019324,205,70,15,55,135,116,19
E33019325,838,490,140,350,348,313,35
E33019326,199,64,22,42,135,119,16
E33019327,264,70,21,49,194,160,34
E33019328,436,179,36,143,257,226,31
E33019329,913,112,26,86,801,564,237
E33019330,354,131,70,61,223,162,61
E33019331,467,46,13,33,421,297,124
E33019332,291,83,29,54,208,139,69
E33019333,200,32,5,27,168,150,18
E33019334,452,54,13,41,398,325,73
E33019335,676,103,32,71,573,469,104
E33019336,399,68,25,43,331,201,130
E33019337,5016,188,61,127,4828,4305,523
E33019338,825,101,29,72,724,622,102
E33019339,287,77,27,50,210,165,45
E33019340,617,72,14,58,545,515,30
E33019341,305,39,9,30,266,229,37
E33019342,206,22,9,13,184,163,21
E33019343,383,45,18,27,338,279,59
E33019344,331,92,33,59,239,213,26
E33019345,305,70,24,46,235,200,35
E33019346,263,94,35,59,169,132,37
E33019347,255,61,13,48,194,153,41
E33019348,576,170,56,114,406,351,55
E33019349,470,119,35,84,351,240,111
E33019350,280,127,28,99,153,134,19
E33019351,458,211,56,155,247,220,27
E33019352,261,105,43,62,156,139,17
E33019353,250,63,13,50,187,165,22
E33019354,342,113,24,89,229,189,40
E33019355,284,97,36,61,187,158,29
E33019356,354,129,37,92,225,198,27
E33019357,455,139,20,119,316,291,25
E33019358,338,108,52,56,230,164,66
E33019359,799,412,203,209,387,339,48
E33019360,214,83,36,47,131,114,17
E33019361,285,96,35,61,189,143,46
E33019362,371,31,9,22,340,304,36
E33019363,722,169,59,110,553,452,101
E33019364,399,151,52,99,248,191,57
E33019365,344,50,22,28,294,220,74
E33019366,299,46,13,33,253,223,30
E33019367,292,34,7,27,258,214,44
E33019368,607,341,178,163,266,234,32
E33019369,315,102,32,70,213,175,38
E33019370,357,123,33,90,234,192,42
E33019371,341,50,19,31,291,235,56
E33019372,285,19,5,14,266,235,31
E33019373,273,38,8,30,235,183,52
E33019374,752,32,6,26,720,593,127
E33019375,417,80,30,50,337,302,35
E33019376,266,43,11,32,223,194,29
E33019377,546,91,23,68,455,420,35
E33019378,252,65,32,33,187,156,31
E33019379,1039,194,49,145,845,763,82
E33019380,237,81,36,45,156,131,25
E33019381,508,251,117,134,257,237,20
E33019382,576,320,173,147,256,240,16
E33019383,495,152,37,115,343,285,58
E33019384,380,87,24,63,293,252,41
E33019385,271,60,9,51,211,188,23
E33019386,673,114,35,79,559,426,133
E33019387,1187,415,136,279,772,698,74
E33019388,274,138,56,82,136,112,24
E33019389,1339,105,24,81,1234,1095,139
E33019390,1720,142,30,112,1578,1360,218
E33019391,1149,88,21,67,1061,933,128
E33019392,305,44,10,34,261,232,29
E33019393,278,43,12,31,235,200,35
E33019394,600,124,29,95,476,419,57
E33019395,588,82,21,61,506,433,73
E33019396,301,86,35,51,215,184,31
E33019397,276,37,9,28,239,205,34
E33019398,1583,121,31,90,1462,1149,313
E33019399,2412,167,28,139,2245,1966,279
E33019400,1405,112,26,86,1293,1114,179
E33019401,1517,136,48,88,1381,1233,148
E33019402,458,100,27,73,358,278,80
E33019403,293,16,2,14,277,242,35
E33019404,657,159,43,116,498,341,157
E33019405,249,61,17,44,188,157,31
E33019406,266,74,26,48,192,147,45
E33019407,517,48,11,37,469,403,66
E33019408,967,281,42,239,686,625,61
E33019409,257,89,33,56,168,125,43
E33019410,471,107,30,77,364,311,53
E33019411,1293,367,89,278,926,871,55
E33019412,269,109,33,76,160,114,46
E33019413,541,188,55,133,353,309,44
E33019414,353,98,20,78,255,223,32
E33019415,210,80,28,52,130,86,44
E33019416,245,96,43,53,149,121,28
E33019417,1852,169,52,117,1683,1512,171
E33019418,245,48,23,25,197,151,46
E33019419,237,34,10,24,203,157,46
E33019420,562,115,43,72,447,343,104
E33019421,559,172,41,131,387,337,50
E33019422,353,180,74,106,173,159,14
E33019423,291,97,21,76,194,177,17
E33019424,714,354,86,268,360,317,43
E33019425,513,218,71,147,295,245,50
E33019426,176,96,34,62,80,71,9
E33019427,282,71,16,55,211,172,39
E33019428,201,96,25,71,105,79,26
E33019429,209,98,28,70,111,89,22
E33019430,329,164,66,98,165,134,31
E33019431,277,118,45,73,159,141,18
E33019432,656,127,54,73,529,468,61
E33019433,317,57,24,33,260,214,46
E33019434,1154,233,72,161,921,777,144
E33019435,231,37,16,21,194,149,45
E33019436,1443,212,63,149,1231,992,239
E33019437,284,74,22,52,210,168,42
E33019438,320,111,39,72,209,160,49
E33019439,994,138,27,111,856,755,101
E33019440,879,125,45,80,754,680,74
E33019441,358,152,55,97,206,148,58
E33019442,250,75,30,45,175,128,47
E33019443,436,103,31,72,333,268,65
E33019444,413,100,39,61,313,280,33
E33019445,223,39,10,29,184,150,34
E33019446,640,362,154,208,278,259,19
E33019447,493,51,15,36,442,383,59
E33019448,466,114,35,79,352,333,19
E33019449,338,69,11,58,269,200,69
E33019450,394,48,9,39,346,307,39
E33019451,696,77,13,64,619,535,84
E33019452,226,79,33,46,147,113,34
E33019453,224,120,45,75,104,92,12
E33019454,201,82,29,53,119,87,32
E33019455,442,191,65,126,251,222,29
E33019456,1028,621,288,333,407,372,35
E33019457,526,187,51,136,339,307,32
E33019458,319,72,23,49,247,217,30
E33019459,290,131,38,93,159,140,19
E33019460,223,91,38,53,132,121,11
E33019461,692,264,72,192,428,402,26
E33019462,299,96,37,59,203,188,15
E33019463,426,55,17,38,371,322,49
E33019464,678,99,32,67,579,492,87
E33019465,638,64,19,45,574,478,96
E33019466,296,62,16,46,234,211,23
E33019467,1240,114,36,78,1126,1018,108
E33019468,339,90,29,61,249,166,83
E33019469,1289,171,39,132,1118,985,133
E33019470,217,26,10,16,191,143,48
E33019471,272,10,5,5,262,247,15
E33019472,244,74,19,55,170,149,21
E33019473,515,63,17,46,452,402,50
E33019474,831,102,23,79,729,580,149
E33019475,690,105,36,69,585,470,115
E33019476,791,93,24,69,698,603,95
E33019477,439,43,15,28,396,350,46
E33019478,462,209,75,134,253,222,31
E33019479,232,96,27,69,136,114,22
E33019480,223,79,22,57,144,118,26
E33019481,257,73,22,51,184,151,33
E33019482,294,110,44,66,184,130,54
E33019483,1077,297,61,236,780,702,78
E33019484,372,114,24,90,258,224,34
E33019485,544,182,71,111,362,238,124
E33019486,317,35,9,26,282,251,31
E33019487,249,113,41,72,136,108,28
E33019488,660,105,27,78,555,518,37
E33019489,272,79,23,56,193,158,35
E33019490,630,140,27,113,490,430,60
E33019491,821,117,32,85,704,561,143
E33019492,300,97,41,56,203,178,25
E33019493,3979,1310,218,1092,2669,2395,274
E33019494,429,167,42,125,262,187,75
E33019495,2288,661,142,519,1627,1514,113
E33019496,948,281,41,240,667,618,49
E33019497,540,31,3,28,509,452,57
E33019498,137,31,11,20,106,85,21
E33019499,523,263,102,161,260,228,32
E33019500,275,133,33,100,142,115,27
E33019501,200,61,18,43,139,97,42
E33019502,370,166,92,74,204,165,39
E33019503,225,90,23,67,135,114,21
E33019504,371,151,41,110,220,204,16
E33019505,342,135,26,109,207,166,41
E33019506,570,262,98,164,308,252,56
E33019507,495,102,34,68,393,318,75
E33019508,163,45,9,36,118,94,24
E33019509,1347,180,49,131,1167,983,184
E33019510,721,55,20,35,666,587,79
E33019511,254,46,13,33,208,159,49
E33019512,640,260,96,164,380,348,32
E33019513,246,65,19,46,181,161,20
E33019514,419,153,39,114,266,231,35
E33019515,566,73,21,52,493,411,82
E33019516,572,78,22,56,494,400,94
E33019517,314,57,16,41,257,184,73
E33019518,1720,193,57,136,1527,1315,212
E33019519,269,51,9,42,218,181,37
E33019520,274,59,19,40,215,190,25
E33019521,1754,321,89,232,1433,1254,179
E33019522,652,124,31,93,528,450,78
E33019523,382,61,24,37,321,234,87
E33019524,302,90,51,39,212,161,51
E33019525,293,48,11,37,245,174,71
E33019526,412,55,18,37,357,281,76
E33019527,331,36,15,21,295,184,111
E33019528,323,154,64,90,169,135,34
E33019529,303,160,61,99,143,119,24
E33019530,214,75,33,42,139,126,13
E33019531,1320,207,71,136,1113,927,186
E33019532,1026,123,35,88,903,769,134
E33019533,795,371,108,263,424,399,25
E33019534,251,78,17,61,173,160,13
E33019535,207,94,23,71,113,98,15
E33019536,316,75,18,57,241,220,21
E33019537,246,95,25,70,151,128,23
E33019538,283,123,20,103,160,148,12
E33019539,539,300,98,202,239,221,18
E33019540,384,214,74,140,170,158,12
E33019541,318,162,56,106,156,144,12
E33019542,855,528,235,293,327,299,28
E33019543,239,100,35,65,139,126,13
E33019544,215,116,39,77,99,90,9
E33019545,288,85,18,67,203,178,25
E33019546,312,91,19,72,221,180,41
E33019547,283,51,10,41,232,211,21
E33019548,487,129,33,96,358,314,44
E33019549,598,307,82,225,291,257,34
E33019550,363,173,44,129,190,162,28
E33019551,796,148,48,100,648,500,148
E33019552,737,93,23,70,644,532,112
E33019553,466,44,7,37,422,381,41
E33019554,332,36,13,23,296,237,59
E33019555,1324,216,49,167,1108,944,164
E33019556,480,194,99,95,286,255,31
E33019557,720,167,51,116,553,495,58
E33019558,260,86,24,62,174,158,16
E33019559,200,95,34,61,105,94,11
E33019560,327,85,26,59,242,233,9
E33019561,207,82,30,52,125,104,21
E33019562,323,133,36,97,190,165,25
E33019563,386,108,32,76,278,244,34
E33019564,247,116,50,66,131,108,23
E33019565,1148,322,76,246,826,739,87
E33019566,235,79,26,53,156,135,21
E33019567,255,75,38,37,180,142,38
E33019568,1099,411,153,258,688,650,38
E33019569,226,68,22,46,158,134,24
E33019570,664,198,92,106,466,415,51
E33019571,1080,145,37,108,935,813,122
E33019572,138,40,12,28,98,90,8
E33019573,261,77,16,61,184,151,33
E33019574,810,454,155,299,356,332,24
E33019575,1115,494,164,330,621,593,28
E33019576,1138,334,96,238,804,710,94
E33019577,368,174,62,112,194,154,40
E33019578,254,130,38,92,124,106,18
E33019579,471,130,20,110,341,286,55
E33019580,333,145,58,87,188,164,24
E33019581,680,183,66,117,497,441,56
E33019582,212,106,39,67,106,83,23
E33019583,477,115,11,104,362,354,8
E33019584,113,49,14,35,64,63,1
E33019585,592,194,56,138,398,357,41
E33019586,236,78,24,54,158,145,13
E33019587,205,99,23,76,106,97,9
E33019588,287,146,64,82,141,135,6
E33019589,210,91,24,67,119,104,15
E33019590,315,90,31,59,225,203,22
E33019591,920,535,196,339,385,367,18
E33019592,510,217,76,141,293,266,27
E33019593,486,253,107,146,233,212,21
E33019594,255,120,48,72,135,122,13
E33019595,1525,222,54,168,1303,955,348
E33019596,263,83,21,62,180,160,20
E33019597,2481,790,183,607,1691,1594,97
E33019598,1263,316,98,218,947,842,105
E33019599,583,236,135,101,347,299,48
E33019600,397,94,33,61,303,287,16
E33019601,249,101,45,56,148,129,19
E33019602,290,108,25,83,182,155,27
E33019603,358,170,60,110,188,174,14
E33019604,701,241,36,205,460,446,14
E33019605,292,62,13,49,230,205,25
E33019606,254,133,36,97,121,110,11
E33019607,522,296,94,202,226,218,8
E33019608,312,82,14,68,230,220,10
E33019609,706,121,44,77,585,534,51
E33019610,608,385,158,227,223,202,21
E33019611,615,102,32,70,513,406,107
E33019612,417,210,68,142,207,175,32
E33019613,372,104,40,64,268,237,31
E33019614,220,38,15,23,182,152,30
E33019615,1062,684,304,380,378,330,48
E33019616,259,62,12,50,197,170,27
E33019617,594,277,128,149,317,281,36
E33019618,486,56,11,45,430,379,51
E33019619,502,159,45,114,343,316,27
E33019620,381,156,35,121,225,202,23
E33019621,824,180,30,150,644,597,47
E33019622,1297,342,86,256,955,874,81
E33019623,424,121,23,98,303,290,13
E33019624,587,110,20,90,477,374,103
E33019625,472,73,13,60,399,328,71
E33019626,413,53,17,36,360,311,49
E33019627,263,16,7,9,247,218,29
E33019628,258,49,7,42,209,180,29
E33019629,287,28,4,24,259,246,13
E33019630,450,61,22,39,389,328,61
E33019631,454,90,32,58,364,300,64
E33019632,961,127,25,102,834,679,155
E33019633,481,98,32,66,383,353,30
E33019634,400,190,47,143,210,192,18
E33019635,780,450,154,296,330,309,21
E33019636,620,357,78,279,263,240,23
E33019637,615,354,167,187,261,238,23
E33019638,416,114,23,91,302,286,16
E33019639,382,144,34,110,238,222,16
E33019640,1144,454,133,321,690,561,129
E33019641,531,150,36,114,381,337,44
E33019642,469,213,71,142,256,232,24
E33019643,257,83,28,55,174,164,10
E33019644,248,89,12,77,159,144,15
E33019645,347,136,38,98,211,182,29
E33019646,220,62,12,50,158,148,10
E33019647,1396,341,86,255,1055,1010,45
E33019648,295,9,4,5,286,218,68
E33019649,373,24,13,11,349,287,62
E33019650,3114,273,66,207,2841,2442,399
E33019651,885,88,16,72,797,650,147
E33019652,1136,106,29,77,1030,982,48
E33019653,1190,198,67,131,992,845,147
E33019654,1276,484,89,395,792,732,60
E33019655,861,118,24,94,743,644,99
E33019656,615,102,17,85,513,447,66
E33019657,503,227,87,140,276,153,123
E33019658,305,59,25,34,246,212,34
E33019659,834,232,128,104,602,545,57
E33019660,792,332,82,250,460,436,24
E33019661,293,31,14,17,262,240,22
E33019662,1656,114,23,91,1542,1327,215
E33019663,251,128,41,87,123,103,20
E33019664,245,47,16,31,198,165,33
E33019665,275,110,31,79,165,156,9
E33019666,350,165,55,110,185,172,13
E33019667,953,471,169,302,482,435,47
E33019668,258,93,25,68,165,147,18
E33019669,1407,151,41,110,1256,1063,193
E33019670,421,235,101,134,186,167,19
E33019671,617,413,188,225,204,194,10
E33019672,291,73,20,53,218,198,20
E33019673,398,151,47,104,247,218,29
E33019674,508,50,14,36,458,411,47
E33019675,535,92,32,60,443,298,145
E33019676,341,67,15,52,274,219,55
E33019677,371,204,80,124,167,137,30
E33019678,237,74,17,57,163,134,29
E33019679,1731,220,57,163,1511,1308,203
E33019680,684,59,17,42,625,549,76
E33019681,778,74,23,51,704,522,182
E33019682,873,323,113,210,550,498,52
E33019683,1273,219,57,162,1054,873,181
E33019684,269,86,27,59,183,155,28
E33019685,1570,418,86,332,1152,1093,59
E33019686,1907,196,67,129,1711,1287,424
E33019687,218,41,15,26,177,93,84
E33019688,1806,861,357,504,945,784,161
E33019689,141,34,5,29,107,96,11
E33019690,2556,1627,756,871,929,851,78
E33019691,779,527,282,245,252,238,14
E33019692,205,143,55,88,62,60,2
E33019693,548,340,84,256,208,202,6
E33019694,865,572,219,353,293,272,21
E33019695,216,79,31,48,137,124,13
E33019696,578,227,65,162,351,329,22
E33019697,272,108,30,78,164,137,27
E33019698,229,43,10,33,186,149,37
E33019699,219,121,46,75,98,89,9
E33019700,370,87,19,68,283,274,9
E33019701,1105,363,91,272,742,710,32
E33019702,689,222,43,179,467,439,28
E33019703,220,120,23,97,100,95,5
E33019704,243,57,6,51,186,178,8
E33019705,330,70,13,57,260,239,21
E33019706,286,38,14,24,248,192,56
E33019707,572,64,20,44,508,432,76
E33019708,455,246,74,172,209,172,37
E33019709,395,162,48,114,233,190,43
E33019710,1144,226,42,184,918,847,71
E33019711,1187,116,31,85,1071,889,182
E33019712,400,60,25,35,340,310,30
E33019713,344,34,8,26,310,239,71
E33019714,321,107,40,67,214,185,29
E33019715,308,127,28,99,181,160,21
E33019716,718,260,49,211,458,409,49
E33019717,368,99,19,80,269,249,20
E33019718,1091,293,136,157,798,654,144
E33019719,812,90,22,68,722,675,47
E33019720,1548,205,44,161,1343,1167,176
E33019721,208,39,5,34,169,148,21
E33019722,599,109,21,88,490,459,31
E33019723,555,156,49,107,399,350,49
E33019724,2519,751,322,429,1768,1484,284
E33019725,966,316,89,227,650,602,48
E33019726,395,168,61,107,227,210,17
E33019727,221,105,32,73,116,97,19
E33019728,258,140,76,64,118,108,10
E33019729,826,226,40,186,600,534,66
E33019730,485,110,20,90,375,354,21
E33019731,1331,129,24,105,1202,1020,182
E33019732,471,128,8,120,343,327,16
E33019733,278,81,17,64,197,165,32
E33019734,551,105,20,85,446,412,34
E33019735,356,83,30,53,273,252,21
E33019736,532,89,19,70,443,417,26
E33019737,462,80,14,66,382,355,27
E33019738,543,137,21,116,406,394,12
E33019739,324,149,48,101,175,149,26
E33019740,883,258,59,199,625,580,45
E33019741,365,77,14,63,288,272,16
E33019742,308,110,23,87,198,172,26
E33019743,639,173,32,141,466,451,15
E33019744,528,93,25,68,435,395,40
E33019745,853,357,130,227,496,409,87
E33019746,242,73,22,51,169,153,16
E33019747,264,63,36,27,201,140,61
E33019748,433,142,43,99,291,184,107
E33019749,295,112,31,81,183,145,38
E33019750,1175,213,69,144,962,856,106
E33019751,1151,403,204,199,748,656,92
E33019752,247,88,36,52,159,133,26
E33019753,333,96,17,79,237,215,22
E33019754,366,126,54,72,240,195,45
E33019755,230,54,9,45,176,158,18
E33019756,313,90,18,72,223,219,4
E33019757,409,208,97,111,201,161,40
E33019758,224,73,29,44,151,133,18
E33019759,237,115,39,76,122,105,17
E33019760,232,145,75,70,87,65,22
E33019761,625,396,185,211,229,213,16
E33019762,216,101,42,59,115,103,12
E33019763,246,113,50,63,133,111,22
E33019764,519,285,87,198,234,214,20
E33019765,431,146,34,112,285,229,56
E33019766,477,154,67,87,323,282,41
E33019767,610,322,161,161,288,266,22
E33019768,245,45,7,38,200,141,59
E33019769,840,316,103,213,524,462,62
E33019770,753,71,29,42,682,559,123
E33019771,287,77,27,50,210,146,64
E33019772,617,129,37,92,488,376,112
E33019773,524,145,61,84,379,334,45
E33019774,222,100,21,79,122,106,16
E33019775,206,67,28,39,139,127,12
E33019776,232,82,34,48,150,117,33
E33019777,265,99,45,54,166,134,32
E33019778,433,251,138,113,182,168,14
E33019779,403,72,17,55,331,265,66
E33019780,278,38,8,30,240,203,37
E33019781,634,41,9,32,593,484,109
E33019782,556,59,25,34,497,455,42
E33019783,375,91,9,82,284,251,33
E33019784,544,48,15,33,496,412,84
E33019785,1447,443,182,261,1004,835,169
E33019786,1425,195,28,167,1230,1060,170
E33019787,400,35,6,29,365,332,33
E33019788,621,262,120,142,359,317,42
E33019789,210,51,24,27,159,137,22
E33019790,1760,645,285,360,1115,920,195
E33019791,380,55,15,40,325,274,51
E33019792,983,123,24,99,860,752,108
E33019793,240,41,18,23,199,170,29
E33019794,612,102,25,77,510,449,61
E33019795,591,93,31,62,498,399,99
E33019796,433,38,9,29,395,336,59
E33019797,890,77,20,57,813,707,106
E33019798,457,34,12,22,423,362,61
E33019799,404,40,9,31,364,317,47
E33019800,579,63,12,51,516,421,95
E33019801,358,49,11,38,309,266,43
E33019802,766,55,12,43,711,471,240
E33019803,224,47,12,35,177,154,23
E33019804,1032,266,42,224,766,671,95
E33019805,376,224,82,142,152,136,16
E33019806,289,90,37,53,199,176,23
E33019807,3291,299,98,201,2992,2606,386
E33019808,405,97,14,83,308,292,16
E33019809,266,66,10,56,200,163,37
E33019810,307,33,6,27,274,251,23
E33019811,294,97,22,75,197,162,35
E33019812,396,83,33,50,313,238,75
E33019813,225,38,7,31,187,165,22
E33019814,238,55,17,38,183,160,23
E33019815,208,41,8,33,167,136,31
E33019816,224,42,12,30,182,165,17
E33019817,307,84,22,62,223,171,52
E33019818,446,139,30,109,307,259,48
E33019819,239,57,14,43,182,167,15
E33019820,595,99,46,53,496,428,68
E33019821,236,38,11,27,198,173,25
E33019822,411,129,45,84,282,234,48
E33019823,1444,698,346,352,746,705,41
E33019824,865,131,59,72,734,629,105
E33019825,237,59,10,49,178,150,28
E33019826,459,100,17,83,359,330,29
E33019827,1615,367,51,316,1248,1114,134
E33019828,1687,545,113,432,1142,1044,98
E33019829,4392,973,170,803,3419,2926,493
E33019830,317,76,18,58,241,193,48
E33019831,292,44,11,33,248,201,47
E33019832,309,94,43,51,215,164,51
E33019833,1386,866,449,417,520,485,35
E33019834,828,284,90,194,544,405,139
E33019835,1266,219,47,172,1047,980,67
E33019836,397,43,15,28,354,300,54
E33019837,287,76,15,61,211,187,24
E33019838,319,102,29,73,217,166,51
E33019839,2020,1160,640,520,860,783,77
E33019840,261,123,54,69,138,123,15
E33019841,827,129,17,112,698,647,51
E33019842,320,62,20,42,258,219,39
E33019843,335,130,28,102,205,154,51
E33019844,896,128,22,106,768,724,44
E33019845,598,118,23,95,480,417,63
E33019846,349,43,2,41,306,279,27
E33019847,894,218,41,177,676,613,63
E33019848,204,44,12,32,160,136,24
E33019849,1180,163,19,144,1017,808,209
E33019850,348,53,16,37,295,264,31
E33019851,1138,146,17,129,992,923,69
E33019852,2900,657,118,539,2243,1940,303
E33019853,344,98,28,70,246,205,41
E33019854,2997,279,70,209,2718,2193,525
E33019855,364,88,41,47,276,216,60
E33019856,207,48,13,35,159,136,23
E33019857,268,41,15,26,227,196,31
E33019858,226,46,11,35,180,158,22
E33019859,200,48,18,30,152,142,10
E33019860,384,74,18,56,310,274,36
E33019861,516,48,12,36,468,390,78
E33019862,257,48,9,39,209,168,41
E33019863,310,63,12,51,247,215,32
E33019864,426,144,40,104,282,260,22
E33019865,357,94,22,72,263,233,30
E33019866,406,69,20,49,337,282,55
E33019867,228,39,14,25,189,164,25
E33019868,1939,498,233,265,1441,1211,230
E33019869,254,74,24,50,180,157,23
E33019870,1577,321,41,280,1256,1184,72
E33019871,305,73,19,54,232,194,38
E33019872,474,81,20,61,393,359,34
E33019873,397,59,20,39,338,312,26
E33019874,1090,194,31,163,896,811,85
E33019875,310,56,7,49,254,239,15
E33019876,515,73,7,66,442,359,83
E33019877,406,107,35,72,299,229,70
E33019878,697,71,12,59,626,453,173
E33019879,1925,615,201,414,1310,1176,134
E33019880,390,80,38,42,310,267,43
E33019881,1589,165,21,144,1424,1101,323
E33019882,1138,120,29,91,1018,749,269
E33019883,294,71,19,52,223,187,36
E33019884,512,161,57,104,351,305,46
E33019885,254,35,9,26,219,165,54
E33019886,1743,226,46,180,1517,1253,264
E33019887,1341,276,70,206,1065,992,73
E33019888,1063,141,25,116,922,822,100
E33019889,409,45,3,42,364,304,60
E33019890,1440,244,56,188,1196,1045,151
E33019891,907,171,52,119,736,633,103
E33019892,1291,189,19,170,1102,955,147
E33019893,769,209,64,145,560,484,76
E33019894,676,87,11,76,589,492,97
E33019895,985,140,24,116,845,763,82
E33019896,485,98,32,66,387,340,47
E33019897,198,104,41,63,94,85,9
E33019898,391,82,25,57,309,243,66
E33019899,855,142,37,105,713,650,63
E33019900,988,162,54,108,826,714,112
E33019901,273,78,26,52,195,167,28
E33019902,496,158,28,130,338,316,22
E33019903,1354,290,58,232,1064,1006,58
E33019904,1824,217,35,182,1607,1179,428
E33019905,410,35,8,27,375,312,63
E33019906,313,44,11,33,269,228,41
E33019907,614,102,27,75,512,457,55
E33019908,1352,122,21,101,1230,1092,138
E33019909,2021,344,109,235,1677,1440,237
E33019910,329,87,33,54,242,203,39
E33019911,282,46,20,26,236,196,40
E33019912,603,170,54,116,433,374,59
E33019913,906,214,33,181,692,610,82
E33019914,521,172,51,121,349,299,50
E33019915,268,112,65,47,156,133,23
E33019916,666,120,26,94,546,485,61
E33019917,1687,246,74,172,1441,1341,100
E33019918,312,61,16,45,251,194,57
E33019919,441,193,85,108,248,231,17
E33019920,1005,549,216,333,456,425,31
E33019921,309,67,12,55,242,224,18
E33019922,865,476,219,257,389,353,36
E33019923,319,145,61,84,174,146,28
E33019924,1357,381,59,322,976,940,36
E33019925,331,55,14,41,276,255,21
E33019926,348,127,47,80,221,199,22
E33019927,620,251,117,134,369,314,55
E33019928,434,186,67,119,248,188,60
E33019929,354,167,68,99,187,169,18
E33019930,368,101,17,84,267,253,14
E33019931,370,96,26,70,274,239,35
E33019932,206,103,37,66,103,91,12
E33019933,333,157,71,86,176,144,32
E33019934,523,166,60,106,357,317,40
E33019935,2606,267,56,211,2339,1918,421
E33019936,233,48,25,23,185,156,29
E33019937,306,40,15,25,266,192,74
E33019938,677,113,31,82,564,526,38
E33019939,264,57,16,41,207,166,41
E33019940,420,136,38,98,284,229,55
E33019941,348,54,13,41,294,265,29
E33019942,324,48,10,38,276,246,30
E33019943,615,97,24,73,518,435,83
E33019944,600,133,31,102,467,382,85
E33019945,233,104,66,38,129,115,14
E33019946,576,109,25,84,467,413,54
E33019947,601,78,12,66,523,489,34
E33019948,447,180,34,146,267,211,56
E33019949,1166,212,55,157,954,834,120
E33019950,1072,240,36,204,832,787,45
E33019951,559,122,29,93,437,361,76
E33019952,350,91,21,70,259,182,77
E33019953,359,161,50,111,198,181,17
E33019954,1441,419,85,334,1022,945,77
E33019955,443,108,30,78,335,288,47
E33019956,212,39,12,27,173,137,36
E33019957,1563,360,145,215,1203,1101,102
E33019958,698,111,35,76,587,486,101
E33019959,535,87,23,64,448,412,36
E33019960,248,56,17,39,192,162,30
E33019961,215,49,17,32,166,143,23
E33019962,246,52,18,34,194,170,24
E33019963,227,21,5,16,206,184,22
E33019964,224,34,9,25,190,151,39
E33019965,444,46,16,30,398,343,55
E33019966,284,80,31,49,204,152,52
E33019967,635,281,125,156,354,254,100
E33019968,258,91,33,58,167,125,42
E33019969,437,168,65,103,269,218,51
E33019970,420,173,72,101,247,194,53
E33019971,475,205,62,143,270,236,34
E33019972,496,223,80,143,273,212,61
E33019973,364,144,63,81,220,157,63
E33019974,324,110,41,69,214,146,68
E33019975,367,137,55,82,230,173,57
E33019976,412,173,87,86,239,188,51
E33019977,421,176,76,100,245,187,58
E33019978,338,100,27,73,238,185,53
E33019979,230,72,19,53,158,127,31
E33019980,333,160,59,101,173,139,34
E33019981,281,133,59,74,148,107,41
E33019982,278,120,50,70,158,115,43
E33019983,349,95,22,73,254,210,44
E33019984,914,280,89,191,634,507,127
E33019985,321,113,43,70,208,155,53
E33019986,262,106,26,80,156,124,32
E33019987,704,103,31,72,601,539,62
E33019988,364,116,43,73,248,205,43
E33019989,534,192,58,134,342,273,69
E33019990,213,96,36,60,117,90,27
E33019991,370,174,54,120,196,160,36
E33019992,282,98,39,59,184,160,24
E33019993,3177,983,202,781,2194,1986,208
E33019994,381,114,33,81,267,207,60
E33019995,327,96,32,64,231,175,56
E33019996,329,135,51,84,194,145,49
E33019997,345,170,48,122,175,153,22
E33019998,292,95,37,58,197,155,42
E33019999,352,116,32,84,236,194,42
E33020000,576,211,75,136,365,289,76
E33020001,288,112,40,72,176,132,44
E33020002,566,235,66,169,331,262,69
E33020003,272,93,32,61,179,150,29
E33020004,357,120,45,75,237,179,58
E33020005,506,209,83,126,297,251,46
E33020006,450,163,59,104,287,217,70
E33020007,370,146,57,89,224,177,47
E33020008,309,108,34,74,201,139,62
E33020009,263,136,55,81,127,91,36
E33020010,306,124,60,64,182,133,49
E33020011,1444,708,261,447,736,642,94
E33020012,654,253,78,175,401,325,76
E33020013,357,153,39,114,204,169,35
E33020014,337,147,38,109,190,156,34
E33020015,383,205,83,122,178,125,53
E33020016,280,88,44,44,192,142,50
E33020017,281,116,46,70,165,129,36
E33020018,367,105,49,56,262,193,69
E33020019,365,162,52,110,203,159,44
E33020020,328,100,21,79,228,198,30
E33020021,254,71,19,52,183,143,40
E33020022,310,132,45,87,178,141,37
E33020023,305,114,49,65,191,157,34
E33020024,245,99,22,77,146,118,28
E33020025,353,90,29,61,263,231,32
E33020026,376,157,29,128,219,203,16
E33020027,274,96,19,77,178,158,20
E33020028,245,101,44,57,144,114,30
E33020029,274,119,38,81,155,118,37
E33020030,318,108,37,71,210,148,62
E33020031,323,161,78,83,162,129,33
E33020032,299,116,43,73,183,144,39
E33020033,295,109,45,64,186,151,35
E33020034,348,128,39,89,220,178,42
E33020035,250,82,19,63,168,150,18
E33020036,365,119,27,92,246,199,47
E33020037,322,108,29,79,214,172,42
E33020038,648,273,77,196,375,297,78
E33020039,317,99,30,69,218,181,37
E33020040,487,230,80,150,257,215,42
E33020041,465,159,38,121,306,242,64
E33020042,493,165,43,122,328,260,68
E33020043,284,119,29,90,165,133,32
E33020044,344,109,33,76,235,189,46
E33020045,475,137,34,103,338,286,52
E33020046,306,105,48,57,201,146,55
E33020047,304,119,39,80,185,152,33
E33020048,695,241,92,149,454,367,87
E33020049,347,95,27,68,252,204,48
E33020050,297,106,31,75,191,146,45
E33020051,358,104,26,78,254,199,55
E33020052,387,134,47,87,253,210,43
E33020053,301,108,44,64,193,153,40
E33020054,340,69,30,39,271,175,96
E33020055,579,108,44,64,471,375,96
E33020056,449,151,55,96,298,250,48
E33020057,303,123,46,77,180,148,32
E33020058,549,178,55,123,371,313,58
E33020059,309,142,61,81,167,139,28
E33020060,293,71,15,56,222,167,55
E33020061,335,91,23,68,244,178,66
E33020062,335,86,18,68,249,210,39
E33020063,339,103,40,63,236,195,41
E33020064,320,118,39,79,202,158,44
E33020065,647,150,45,105,497,442,55
E33020066,483,161,41,120,322,278,44
E33020067,449,179,51,128,270,219,51
E33020068,362,126,49,77,236,183,53
E33020069,495,101,24,77,394,372,22
E33020070,452,102,35,67,350,301,49
E33020071,293,105,35,70,188,161,27
E33020072,386,127,25,102,259,228,31
E33020073,777,95,34,61,682,499,183
E33020074,463,172,49,123,291,228,63
E33020075,309,118,53,65,191,153,38
E33020076,310,113,31,82,197,160,37
E33020077,575,131,36,95,444,404,40
E33020078,269,108,40,68,161,130,31
E33020079,366,99,26,73,267,240,27
E33020080,261,106,25,81,155,129,26
E33020081,380,139,32,107,241,213,28
E33020082,929,223,49,174,706,587,119
E33020083,675,337,104,233,338,296,42
E33020084,675,125,35,90,550,461,89
E33020085,282,116,44,72,166,134,32
E33020086,567,76,22,54,491,418,73
E33020087,450,175,45,130,275,212,63
E33020088,246,100,28,72,146,118,28
E33020089,307,90,20,70,217,196,21
E33020090,403,137,34,103,266,231,35
E33020091,395,138,57,81,257,201,56
E33020092,320,100,26,74,220,182,38
E33020093,290,111,35,76,179,154,25
E33020094,369,97,26,71,272,253,19
E33020095,570,191,54,137,379,313,66
E33020096,501,104,42,62,397,304,93
E33020097,273,109,40,69,164,126,38
E33020098,307,124,39,85,183,163,20
E33020099,402,143,47,96,259,203,56
E33020100,352,118,27,91,234,198,36
E33020101,326,160,74,86,166,132,34
E33020102,499,162,60,102,337,287,50
E33020103,486,252,80,172,234,196,38
E33020104,412,52,18,34,360,307,53
E33020105,393,161,56,105,232,189,43
E33020106,331,144,38,106,187,149,38
E33020107,418,165,57,108,253,204,49
E33020108,373,151,55,96,222,183,39
E33020109,292,151,61,90,141,110,31
E33020110,262,109,46,63,153,127,26
E33020111,258,90,41,49,168,148,20
E33020112,293,130,38,92,163,147,16
E33020113,477,170,48,122,307,247,60
E33020114,412,141,43,98,271,233,38
E33020115,337,152,48,104,185,151,34
E33020116,297,146,42,104,151,125,26
E33020117,279,77,30,47,202,157,45
E33020118,428,111,31,80,317,274,43
E33020119,300,65,20,45,235,209,26
E33020120,224,93,27,66,131,103,28
E33020121,220,69,12,57,151,133,18
E33020122,306,175,37,138,131,109,22
E33020123,427,86,31,55,341,257,84
E33020124,312,130,35,95,182,155,27
E33020125,613,261,77,184,352,280,72
E33020126,396,159,49,110,237,187,50
E33020127,279,115,37,78,164,128,36
E33020128,373,193,80,113,180,150,30
E33020129,360,122,47,75,238,193,45
E33020130,461,144,49,95,317,272,45
E33020131,596,167,53,114,429,344,85
E33020132,337,159,37,122,178,156,22
E33020133,391,167,62,105,224,198,26
E33020134,259,119,31,88,140,117,23
E33020135,458,195,57,138,263,240,23
E33020136,326,155,32,123,171,144,27
E33020137,282,102,39,63,180,147,33
E33020138,338,109,30,79,229,206,23
E33020139,399,201,83,118,198,155,43
E33020140,230,126,25,101,104,91,13
E33020141,505,150,39,111,355,296,59
E33020142,252,111,32,79,141,120,21
E33020143,316,140,51,89,176,132,44
E33020144,510,233,51,182,277,244,33
E33020145,400,196,57,139,204,172,32
E33020146,333,126,29,97,207,176,31
E33020147,335,100,25,75,235,196,39
E33020148,278,124,23,101,154,128,26
E33020149,339,142,54,88,197,166,31
E33020150,666,170,46,124,496,419,77
E33020151,332,96,14,82,236,212,24
E33020152,232,122,26,96,110,100,10
E33020153,533,242,81,161,291,252,39
E33020154,358,128,34,94,230,166,64
E33020155,429,175,32,143,254,211,43
E33020156,327,115,34,81,212,174,38
E33020157,352,112,45,67,240,193,47
E33020158,459,238,57,181,221,198,23
E33020159,494,128,20,108,366,334,32
E33020160,600,246,80,166,354,298,56
E33020161,687,174,54,120,513,469,44
E33020162,473,195,66,129,278,229,49
E33020163,417,157,41,116,260,203,57
E33020164,4642,1094,200,894,3548,3133,415
E33020165,519,230,89,141,289,233,56
E33020166,475,128,34,94,347,280,67
E33020167,541,215,62,153,326,306,20
E33020168,239,78,17,61,161,130,31
E33020169,307,65,18,47,242,202,40
E33020170,493,178,55,123,315,288,27
E33020171,416,165,53,112,251,216,35
E33020172,664,155,35,120,509,425,84
E33020173,225,79,21,58,146,135,11
E33020174,399,77,26,51,322,242,80
E33020175,466,120,29,91,346,287,59
E33020176,1790,270,71,199,1520,1296,224
E33020177,759,155,39,116,604,533,71
E33020178,313,103,28,75,210,183,27
E33020179,1008,191,36,155,817,717,100
E33020180,1101,218,59,159,883,806,77
E33020181,393,191,73,118,202,177,25
E33020182,498,277,44,233,221,184,37
E33020183,277,145,38,107,132,110,22
E33020184,282,149,27,122,133,111,22
E33020185,307,145,33,112,162,142,20
E33020186,643,134,43,91,509,370,139
E33020187,318,69,25,44,249,196,53
E33020188,466,238,51,187,228,181,47
E33020189,268,147,35,112,121,96,25
E33020190,474,146,37,109,328,243,85
E33020191,432,211,54,157,221,188,33
E33020192,579,191,57,134,388,360,28
E33020193,380,120,39,81,260,220,40
E33020194,421,182,67,115,239,192,47
E33020195,360,203,40,163,157,136,21
E33020196,293,114,23,91,179,154,25
E33020197,336,156,45,111,180,145,35
E33020198,527,201,61,140,326,277,49
E33020199,318,168,46,122,150,120,30
E33020200,546,176,40,136,370,319,51
E33020201,415,161,53,108,254,211,43
E33020202,400,194,63,131,206,176,30
E33020203,566,275,104,171,291,225,66
E33020204,620,148,45,103,472,361,111
E33020205,385,183,57,126,202,167,35
E33020206,607,179,42,137,428,360,68
E33020207,284,128,34,94,156,138,18
E33020208,487,77,22,55,410,337,73
E33020209,336,125,41,84,211,173,38
E33020210,340,118,23,95,222,184,38
E33020211,322,118,40,78,204,165,39
E33020212,362,84,22,62,278,216,62
E33020213,678,256,62,194,422,377,45
E33020214,262,84,15,69,178,132,46
E33020215,844,295,77,218,549,497,52
E33020216,293,101,30,71,192,153,39
E33020217,332,114,41,73,218,191,27
E33020218,245,110,28,82,135,110,25
E33020219,350,107,46,61,243,187,56
E33020220,465,192,59,133,273,242,31
E33020221,239,82,35,47,157,138,19
E33020222,499,124,33,91,375,329,46
E33020223,336,89,33,56,247,211,36
E33020224,431,108,31,77,323,242,81
E33020225,411,170,31,139,241,195,46
E33020226,754,363,80,283,391,339,52
E33020227,355,158,46,112,197,167,30
E33020228,1037,182,47,135,855,734,121
E33020229,405,147,47,100,258,214,44
E33020230,1281,305,93,212,976,833,143
E33020231,411,151,63,88,260,220,40
E33020232,411,123,30,93,288,205,83
E33020233,252,70,34,36,182,134,48
E33020234,335,117,34,83,218,187,31
E33020235,578,232,80,152,346,276,70
E33020236,294,118,48,70,176,137,39
E33020237,323,120,23,97,203,182,21
E33020238,379,133,22,111,246,229,17
E33020239,253,84,19,65,169,141,28
E33020240,399,181,58,123,218,197,21
E33020241,315,143,53,90,172,130,42
E33020242,535,213,55,158,322,255,67
E33020243,352,120,24,96,232,174,58
E33020244,378,151,31,120,227,182,45
E33020245,556,236,68,168,320,278,42
E33020246,416,211,78,133,205,164,41
E33020247,330,221,47,174,109,98,11
E33020248,466,230,71,159,236,199,37
E33020249,376,122,41,81,254,232,22
E33020250,638,204,43,161,434,369,65
E33020251,475,203,63,140,272,233,39
E33020252,472,128,32,96,344,283,61
E33020253,220,88,34,54,132,108,24
E33020254,227,104,52,52,123,106,17
E33020255,500,150,43,107,350,304,46
E33020256,333,112,40,72,221,173,48
E33020257,386,122,35,87,264,190,74
E33020258,499,195,50,145,304,260,44
E33020259,599,179,68,111,420,323,97
E33020260,696,241,77,164,455,393,62
E33020261,281,89,22,67,192,154,38
E33020262,619,264,68,196,355,288,67
E33020263,431,140,42,98,291,238,53
E33020264,671,186,58,128,485,436,49
E33020265,404,159,60,99,245,204,41
E33020266,401,137,37,100,264,219,45
E33020267,414,156,59,97,258,207,51
E33020268,415,67,22,45,348,267,81
E33020269,316,122,44,78,194,165,29
E33020270,597,271,111,160,326,279,47
E33020271,284,91,23,68,193,176,17
E33020272,382,170,66,104,212,170,42
E33020273,521,165,56,109,356,292,64
E33020274,283,101,22,79,182,162,20
E33020275,332,139,53,86,193,155,38
E33020276,397,165,54,111,232,200,32
E33020277,297,151,52,99,146,118,28
E33020278,413,128,32,96,285,229,56
E33020279,551,242,67,175,309,269,40
E33020280,277,120,36,84,157,121,36
E33020281,281,120,29,91,161,133,28
E33020282,328,76,23,53,252,213,39
E33020283,407,132,27,105,275,233,42
E33020284,622,100,22,78,522,431,91
E33020285,369,101,23,78,268,229,39
E33020286,444,174,81,93,270,213,57
E33020287,305,116,49,67,189,157,32
E33020288,436,170,65,105,266,231,35
E33020289,697,264,128,136,433,356,77
E33020290,1031,387,129,258,644,556,88
E33020291,263,105,21,84,158,136,22
E33020292,305,83,31,52,222,179,43
E33020293,282,88,30,58,194,150,44
E33020294,423,120,37,83,303,251,52
E33020295,364,145,52,93,219,190,29
E33020296,288,134,53,81,154,122,32
E33020297,645,218,52,166,427,380,47
E33020298,575,140,41,99,435,395,40
E33020299,393,137,54,83,256,194,62
E33020300,359,70,15,55,289,243,46
E33020301,368,151,37,114,217,191,26
E33020302,431,234,76,158,197,168,29
E33020303,229,122,38,84,107,93,14
E33020304,444,183,54,129,261,213,48
E33020305,474,253,107,146,221,175,46
E33020306,310,165,33,132,145,133,12
E33020307,386,150,27,123,236,198,38
E33020308,456,200,53,147,256,219,37
E33020309,528,254,71,183,274,229,45
E33020310,575,249,65,184,326,269,57
E33020311,262,92,31,61,170,140,30
E33020312,294,148,48,100,146,119,27
E33020313,318,117,36,81,201,161,40
E33020314,371,128,47,81,243,195,48
E33020315,351,133,38,95,218,189,29
E33020316,331,145,53,92,186,146,40
E33020317,287,106,37,69,181,146,35
E33020318,259,93,28,65,166,127,39
E33020319,495,171,60,111,324,302,22
E33020320,282,80,25,55,202,182,20
E33020321,434,215,60,155,219,201,18
E33020322,387,104,38,66,283,219,64
E33020323,314,92,27,65,222,185,37
E33020324,428,164,49,115,264,219,45
E33020325,381,113,24,89,268,221,47
E33020326,310,131,48,83,179,140,39
E33020327,751,375,113,262,376,321,55
E33020328,382,158,38,120,224,181,43
E33020329,539,279,86,193,260,226,34
E33020330,452,189,66,123,263,214,49
E33020331,512,71,21,50,441,380,61
E33020332,244,87,28,59,157,132,25
E33020333,343,93,16,77,250,215,35
E33020334,540,141,35,106,399,346,53
E33020335,231,96,26,70,135,113,22
E33020336,429,176,66,110,253,205,48
E33020337,293,116,44,72,177,128,49
E33020338,266,125,57,68,141,114,27
E33020339,264,113,38,75,151,134,17
E33020340,420,157,56,101,263,224,39
E33020341,490,191,61,130,299,244,55
E33020342,234,80,28,52,154,114,40
E33020343,341,147,47,100,194,157,37
E33020344,466,169,45,124,297,258,39
E33020345,346,128,49,79,218,161,57
E33020346,823,81,18,63,742,630,112
E33020347,465,77,27,50,388,343,45
E33020348,277,99,24,75,178,143,35
E33020349,1030,98,28,70,932,799,133
E33020350,240,84,27,57,156,141,15
E33020351,435,102,36,66,333,268,65
E33020352,409,142,61,81,267,211,56
E33020353,395,211,91,120,184,163,21
E33020354,359,206,121,85,153,126,27
E33020355,256,139,76,63,117,97,20
E33020356,729,230,107,123,499,447,52
E33020357,876,422,158,264,454,425,29
E33020358,326,185,104,81,141,116,25
E33020359,296,96,19,77,200,162,38
E33020360,434,162,53,109,272,227,45
E33020361,593,312,70,242,281,228,53
E33020362,570,69,15,54,501,460,41
E33020363,501,190,66,124,311,227,84
E33020364,395,158,51,107,237,179,58
E33020365,412,165,69,96,247,201,46
E33020366,274,93,25,68,181,148,33
E33020367,262,45,13,32,217,191,26
E33020368,430,128,48,80,302,242,60
E33020369,347,132,51,81,215,185,30
E33020370,482,185,46,139,297,271,26
E33020371,315,70,24,46,245,154,91
E33020372,270,116,44,72,154,127,27
E33020373,573,108,37,71,465,392,73
E33020374,282,99,42,57,183,142,41
E33020375,352,160,39,121,192,161,31
E33020376,431,195,79,116,236,198,38
E33020377,456,105,27,78,351,322,29
E33020378,419,134,57,77,285,206,79
E33020379,365,155,42,113,210,165,45
E33020380,311,115,37,78,196,149,47
E33020381,328,104,25,79,224,190,34
E33020382,279,136,35,101,143,115,28
E33020383,809,155,56,99,654,557,97
E33020384,506,195,65,130,311,241,70
E33020385,366,133,52,81,233,182,51
E33020386,572,204,71,133,368,275,93
E33020387,301,131,46,85,170,134,36
E33020388,481,217,62,155,264,202,62
E33020389,801,331,108,223,470,382,88
E33020390,261,102,32,70,159,118,41
E33020391,407,157,53,104,250,181,69
E33020392,266,102,34,68,164,124,40
E33020393,352,112,40,72,240,195,45
E33020394,416,123,41,82,293,210,83
E33020395,716,245,89,156,471,391,80
E33020396,333,83,20,63,250,215,35
E33020397,333,113,38,75,220,177,43
E33020398,366,97,33,64,269,206,63
E33020399,439,179,47,132,260,224,36
E33020400,737,172,29,143,565,504,61
E33020401,904,359,123,236,545,439,106
E33020402,629,251,92,159,378,308,70
E33020403,328,118,28,90,210,161,49
E33020404,414,171,53,118,243,197,46
E33020405,255,95,38,57,160,127,33
E33020406,577,208,62,146,369,307,62
E33020407,345,60,23,37,285,252,33
E33020408,422,188,59,129,234,202,32
E33020409,363,139,55,84,224,184,40
E33020410,394,136,62,74,258,210,48
E33020411,330,113,29,84,217,176,41
E33020412,496,174,52,122,322,264,58
E33020413,518,162,57,105,356,283,73
E33020414,500,209,50,159,291,234,57
E33020415,392,146,43,103,246,180,66
E33020416,398,72,27,45,326,256,70
E33020417,289,101,37,64,188,154,34
E33020418,230,86,23,63,144,113,31
E33020419,359,84,21,63,275,238,37
E33020420,278,111,37,74,167,122,45
E33020421,418,156,37,119,262,210,52
E33020422,1546,496,148,348,1050,942,108
E33020423,594,197,67,130,397,329,68
E33020424,328,138,41,97,190,142,48
E33020425,572,214,64,150,358,307,51
E33020426,307,108,35,73,199,159,40
E33020427,424,159,49,110,265,198,67
E33020428,440,98,24,74,342,290,52
E33020429,381,159,56,103,222,172,50
E33020430,523,112,38,74,411,350,61
E33020431,351,152,63,89,199,161,38
E33020432,900,283,75,208,617,545,72
E33020433,327,110,22,88,217,170,47
E33020434,346,90,31,59,256,212,44
E33020435,720,343,85,258,377,331,46
E33020436,367,138,45,93,229,173,56
E33020437,223,94,39,55,129,101,28
E33020438,331,100,37,63,231,203,28
E33020439,450,182,56,126,268,224,44
E33020440,521,185,51,134,336,275,61
E33020441,256,99,27,72,157,140,17
E33020442,656,247,83,164,409,334,75
E33020443,283,137,36,101,146,120,26
E33020444,683,198,59,139,485,426,59
E33020445,345,100,31,69,245,203,42
E33020446,329,131,30,101,198,168,30
E33020447,466,186,59,127,280,242,38
E33020448,307,69,15,54,238,192,46
E33020449,556,174,46,128,382,306,76
E33020450,354,104,25,79,250,204,46
E33020451,510,159,46,113,351,275,76
E33020452,367,115,37,78,252,205,47
E33020453,423,56,17,39,367,329,38
E33020454,602,169,42,127,433,373,60
E33020455,390,148,58,90,242,187,55
E33020456,390,129,31,98,261,215,46
E33020457,282,68,26,42,214,176,38
E33020458,461,161,57,104,300,232,68
E33020459,286,102,38,64,184,135,49
E33020460,305,93,30,63,212,181,31
E33020461,279,109,28,81,170,136,34
E33020462,546,209,66,143,337,261,76
E33020463,396,104,38,66,292,221,71
E33020464,329,126,52,74,203,168,35
E33020465,906,285,58,227,621,563,58
E33020466,552,206,84,122,346,267,79
E33020467,488,135,48,87,353,297,56
E33020468,502,80,24,56,422,373,49
E33020469,690,251,78,173,439,352,87
E33020470,577,161,21,140,416,353,63
E33020471,548,124,29,95,424,375,49
E33020472,502,148,42,106,354,286,68
E33020473,477,158,51,107,319,257,62
E33020474,565,191,43,148,374,314,60
E33020475,722,163,58,105,559,432,127
E33020476,343,116,42,74,227,172,55
E33020477,338,149,28,121,189,164,25
E33020478,1230,545,282,263,685,573,112
E33020479,739,162,40,122,577,492,85
E33020480,333,114,39,75,219,181,38
E33020481,273,108,46,62,165,127,38
E33020482,445,209,44,165,236,191,45
E33020483,437,184,54,130,253,199,54
E33020484,1634,219,80,139,1415,1233,182
E33020485,309,116,37,79,193,142,51
E33020486,296,119,31,88,177,155,22
E33020487,342,139,46,93,203,158,45
E33020488,433,117,44,73,316,260,56
E33020489,1170,566,216,350,604,521,83
E33020490,389,141,47,94,248,208,40
E33020491,317,136,36,100,181,145,36
E33020492,751,324,106,218,427,326,101
E33020493,420,129,31,98,291,257,34
E33020494,679,227,78,149,452,358,94
E33020495,570,83,17,66,487,438,49
E33020496,683,133,28,105,550,493,57
E33020497,295,100,34,66,195,156,39
E33020498,292,105,35,70,187,147,40
E33020499,512,197,60,137,315,254,61
E33020500,736,174,42,132,562,493,69
E33020501,680,114,39,75,566,478,88
E33020502,308,113,37,76,195,150,45
E33020503,370,137,35,102,233,195,38
E33020504,718,83,33,50,635,594,41
E33020505,313,148,48,100,165,129,36
E33020506,601,249,114,135,352,273,79
E33020507,420,149,55,94,271,202,69
E33020508,335,107,36,71,228,177,51
E33020509,420,59,18,41,361,322,39
E33020510,368,187,52,135,181,153,28
E33020511,388,160,37,123,228,182,46
E33020512,265,102,28,74,163,128,35
E33020513,331,128,60,68,203,156,47
E33020514,330,109,42,67,221,174,47
E33020515,318,114,39,75,204,160,44
E33020516,595,222,76,146,373,332,41
E33020517,308,102,37,65,206,162,44
E33020518,350,139,53,86,211,154,57
E33020519,282,90,29,61,192,163,29
E33020520,327,91,20,71,236,207,29
E33020521,449,215,93,122,234,191,43
E33020522,372,103,27,76,269,221,48
E33020523,421,72,16,56,349,292,57
E33020524,243,105,41,64,138,108,30
E33020525,281,95,30,65,186,148,38
E33020526,243,91,30,61,152,124,28
E33020527,470,161,40,121,309,250,59
E33020528,331,85,36,49,246,205,41
E33020529,494,201,43,158,293,242,51
E33020530,585,304,85,219,281,251,30
E33020531,285,106,39,67,179,136,43
E33020532,906,452,149,303,454,406,48
E33020533,288,94,28,66,194,143,51
E33020534,389,149,48,101,240,188,52
E33020535,389,153,50,103,236,199,37
E33020536,380,150,46,104,230,179,51
E33020537,407,202,70,132,205,149,56
E33020538,312,121,36,85,191,142,49
E33020539,7835,2330,379,1951,5505,4907,598
E33020540,915,180,51,129,735,575,160
E33020541,372,168,56,112,204,174,30
E33020542,1953,589,139,450,1364,1190,174
E33020543,311,107,29,78,204,183,21
E33020544,255,98,38,60,157,135,22
E33020545,628,141,39,102,487,401,86
E33020546,424,140,47,93,284,239,45
E33020547,464,88,21,67,376,333,43
E33020548,461,137,40,97,324,288,36
E33020549,415,96,32,64,319,286,33
E33020550,574,200,57,143,374,276,98
E33020551,356,150,64,86,206,167,39
E33020552,1020,324,79,245,696,632,64
E33020553,423,129,56,73,294,224,70
E33020554,389,108,35,73,281,248,33
E33020555,294,114,33,81,180,152,28
E33020556,427,240,78,162,187,145,42
E33020557,418,175,70,105,243,171,72
E33020558,346,117,49,68,229,168,61
E33020559,197,85,20,65,112,98,14
E33020560,291,121,40,81,170,137,33
E33020561,298,126,49,77,172,155,17
E33020562,386,100,26,74,286,249,37
E33020563,315,119,42,77,196,155,41
E33020564,352,161,48,113,191,164,27
E33020565,338,144,65,79,194,143,51
E33020566,609,112,34,78,497,401,96
E33020567,403,112,25,87,291,228,63
E33020568,690,261,110,151,429,339,90
E33020569,520,205,65,140,315,270,45
E33020570,256,135,52,83,121,99,22
E33020571,288,95,22,73,193,162,31
E33020572,317,112,44,68,205,172,33
E33020573,652,236,67,169,416,352,64
E33020574,338,104,25,79,234,186,48
E33020575,407,147,48,99,260,196,64
E33020576,287,90,35,55,197,175,22
E33020577,594,211,66,145,383,320,63
E33020578,369,172,50,122,197,164,33
E33020579,553,234,84,150,319,285,34
E33020580,346,114,30,84,232,176,56
E33020581,254,88,26,62,166,145,21
E33020582,265,136,36,100,129,112,17
E33020583,429,158,42,116,271,248,23
E33020584,422,133,34,99,289,246,43
E33020585,300,116,48,68,184,134,50
E33020586,531,93,32,61,438,384,54
E33020587,275,86,36,50,189,139,50
E33020588,317,137,36,101,180,143,37
E33020589,321,142,58,84,179,153,26
E33020590,661,359,178,181,302,254,48
E33020591,814,426,171,255,388,334,54
E33020592,538,161,52,109,377,337,40
E33020593,1604,237,26,211,1367,1249,118
E33020594,891,403,119,284,488,434,54
E33020595,389,114,27,87,275,238,37
E33020596,299,70,14,56,229,207,22
E33020597,253,95,21,74,158,135,23
E33020598,282,114,48,66,168,123,45
E33020599,779,168,55,113,611,525,86
E33020600,271,105,28,77,166,139,27
E33020601,331,60,16,44,271,228,43
E33020602,289,117,39,78,172,140,32
E33020603,294,90,28,62,204,164,40
E33020604,760,348,133,215,412,327,85
E33020605,272,114,32,82,158,127,31
E33020606,402,144,50,94,258,209,49
E33020607,410,121,55,66,289,221,68
E33020608,520,203,90,113,317,229,88
E33020609,277,98,44,54,179,138,41
E33020610,286,108,22,86,178,151,27
E33020611,294,103,33,70,191,163,28
E33020612,431,119,32,87,312,291,21
E33020613,290,112,34,78,178,147,31
E33020614,311,132,50,82,179,139,40
E33020615,523,82,37,45,441,351,90
E33020616,804,138,38,100,666,575,91
E33020617,1839,312,49,263,1527,1374,153
E33020618,591,138,48,90,453,389,64
E33020619,275,107,35,72,168,138,30
E33020620,248,131,34,97,117,99,18
E33020621,715,156,38,118,559,501,58
E33020622,511,217,63,154,294,253,41
E33020623,305,116,40,76,189,144,45
E33020624,344,154,42,112,190,161,29
E33020625,1189,231,92,139,958,793,165
E33020626,3179,212,71,141,2967,2714,253
E33020627,256,100,21,79,156,136,20
E33020628,310,62,18,44,248,215,33
E33020629,1154,399,65,334,755,712,43
E33020630,843,102,33,69,741,620,121
E33020631,678,93,32,61,585,487,98
E33020632,633,188,65,123,445,385,60
E33020633,383,103,27,76,280,253,27
E33020634,596,160,43,117,436,365,71
E33020635,319,152,30,122,167,143,24
E33020636,361,147,68,79,214,153,61
E33020637,620,220,87,133,400,311,89
E33020638,366,145,52,93,221,180,41
E33020639,539,149,43,106,390,302,88
E33020640,341,145,56,89,196,148,48
E33020641,322,130,51,79,192,150,42
E33020642,838,401,134,267,437,370,67
E33020643,1430,297,83,214,1133,965,168
E33020644,5436,1941,1009,932,3495,2857,638
E33020645,311,118,32,86,193,159,34
E33020646,468,122,40,82,346,294,52
E33020647,550,83,23,60,467,396,71
E33020648,309,89,26,63,220,167,53
E33020649,333,160,68,92,173,141,32
E33020650,285,112,53,59,173,134,39
E33020651,380,144,47,97,236,183,53
E33020652,488,178,83,95,310,247,63
E33020653,313,138,43,95,175,153,22
E33020654,447,216,70,146,231,200,31
E33020655,466,178,78,100,288,231,57
E33020656,379,176,55,121,203,160,43
E33020657,296,86,26,60,210,164,46
E33020658,321,149,45,104,172,143,29
E33020659,507,181,84,97,326,264,62
E33020660,605,190,49,141,415,352,63
E33020661,348,116,43,73,232,180,52
E33020662,570,220,73,147,350,293,57
E33020663,413,159,58,101,254,193,61
E33020664,268,78,19,59,190,156,34
E33020665,442,187,63,124,255,206,49
E33020666,283,108,43,65,175,134,41
E33020667,284,125,43,82,159,132,27
E33020668,322,133,55,78,189,141,48
E33020669,511,201,81,120,310,234,76
E33020670,419,161,65,96,258,187,71
E33020671,325,105,37,68,220,176,44
E33020672,367,70,22,48,297,260,37
E33020673,259,59,21,38,200,156,44
E33020674,456,135,30,105,321,264,57
E33020675,756,284,78,206,472,380,92
E33020676,294,124,39,85,170,141,29
E33020677,350,96,22,74,254,224,30
E33020678,846,262,75,187,584,508,76
E33020679,626,86,22,64,540,446,94
E33020680,282,71,11,60,211,162,49
E33020681,298,113,42,71,185,156,29
E33020682,493,128,32,96,365,295,70
E33020683,551,211,67,144,340,256,84
E33020684,693,318,118,200,375,303,72
E33020685,302,86,22,64,216,158,58
E33020686,519,239,62,177,280,228,52
E33020687,301,120,24,96,181,149,32
E33020688,280,129,62,67,151,123,28
E33020689,243,96,33,63,147,121,26
E33020690,395,157,55,102,238,180,58
E33020691,320,146,46,100,174,136,38
E33020692,272,106,34,72,166,132,34
E33020693,281,100,24,76,181,155,26
E33020694,343,94,19,75,249,205,44
E33020695,584,89,11,78,495,471,24
E33020696,361,95,27,68,266,220,46
E33020697,585,105,34,71,480,399,81
E33020698,339,144,50,94,195,153,42
E33020699,274,96,33,63,178,140,38
E33020700,279,123,31,92,156,136,20
E33020701,249,99,26,73,150,110,40
E33020702,534,126,31,95,408,350,58
E33020703,811,139,32,107,672,553,119
E33020704,370,109,25,84,261,225,36
E33020705,406,95,24,71,311,256,55
E33020706,334,130,27,103,204,174,30
E33020707,445,179,51,128,266,226,40
E33020708,800,125,34,91,675,556,119
E33020709,467,79,23,56,388,316,72
E33020710,373,120,33,87,253,207,46
E33020711,766,137,51,86,629,520,109
E33020712,356,144,47,97,212,163,49
E33020713,581,261,119,142,320,235,85
E33020714,278,120,44,76,158,121,37
E33020715,457,221,85,136,236,192,44
E33020716,282,97,38,59,185,142,43
E33020717,266,65,26,39,201,170,31
E33020718,427,56,20,36,371,310,61
E33020719,446,111,44,67,335,277,58
E33020720,530,241,89,152,289,233,56
E33020721,437,145,35,110,292,249,43
E33020722,672,129,40,89,543,446,97
E33020723,379,123,34,89,256,219,37
E33020724,393,149,63,86,244,189,55
E33020725,434,160,46,114,274,246,28
E33020726,628,227,61,166,401,331,70
E33020727,1812,400,77,323,1412,1286,126
E33020728,282,61,21,40,221,183,38
E33020729,521,113,19,94,408,330,78
E33020730,588,160,52,108,428,347,81
E33020731,286,57,25,32,229,179,50
E33020732,230,62,14,48,168,146,22
E33020733,255,100,31,69,155,122,33
E33020734,247,128,29,99,119,99,20
E33020735,257,41,14,27,216,182,34
E33020736,281,57,20,37,224,175,49
E33020737,289,103,49,54,186,128,58
E33020738,378,86,34,52,292,236,56
E33020739,342,133,51,82,209,161,48
E33020740,408,105,31,74,303,251,52
E33020741,272,100,40,60,172,133,39
E33020742,321,59,14,45,262,222,40
E33020743,245,73,28,45,172,144,28
E33020744,267,106,42,64,161,134,27
E33020745,460,91,39,52,369,281,88
E33020746,294,82,23,59,212,156,56
E33020747,354,70,21,49,284,241,43
E33020748,298,99,25,74,199,163,36
E33020749,528,180,56,124,348,280,68
E33020750,542,195,79,116,347,266,81
E33020751,512,185,65,120,327,243,84
E33020752,473,246,83,163,227,198,29
E33020753,390,153,50,103,237,178,59
E33020754,383,130,50,80,253,191,62
E33020755,222,97,25,72,125,107,18
E33020756,355,138,63,75,217,167,50
E33020757,743,177,66,111,566,480,86
E33020758,411,141,54,87,270,218,52
E33020759,400,93,22,71,307,247,60
E33020760,628,140,42,98,488,401,87
E33020761,396,117,44,73,279,227,52
E33020762,327,155,25,130,172,157,15
E33020763,577,116,36,80,461,390,71
E33020764,298,82,22,60,216,196,20
E33020765,285,109,29,80,176,130,46
E33020766,751,127,36,91,624,508,116
E33020767,527,99,22,77,428,347,81
E33020768,379,88,22,66,291,223,68
E33020769,318,125,39,86,193,144,49
E33020770,324,129,36,93,195,163,32
E33020771,639,124,40,84,515,438,77
E33020772,302,125,43,82,177,140,37
E33020773,276,110,38,72,166,135,31
E33020774,310,46,10,36,264,225,39
E33020775,325,54,18,36,271,220,51
E33020776,273,94,24,70,179,155,24
E33020777,684,230,57,173,454,377,77
E33020778,304,119,42,77,185,145,40
E33020779,262,77,26,51,185,155,30
E33020780,250,85,40,45,165,122,43
E33020781,268,106,33,73,162,127,35
E33020782,332,136,43,93,196,161,35
E33020783,389,176,54,122,213,159,54
E33020784,561,156,57,99,405,319,86
E33020785,392,56,22,34,336,279,57
E33020786,399,181,63,118,218,169,49
E33020787,240,104,30,74,136,114,22
E33020788,318,105,32,73,213,164,49
E33020789,669,252,76,176,417,320,97
E33020790,476,63,15,48,413,331,82
E33020791,725,312,123,189,413,329,84
E33020792,303,132,46,86,171,132,39
E33020793,354,166,46,120,188,152,36
E33020794,345,97,41,56,248,205,43
E33020795,268,94,33,61,174,135,39
E33020796,285,157,56,101,128,118,10
E33020797,308,115,41,74,193,152,41
E33020798,441,158,72,86,283,209,74
E33020799,349,74,29,45,275,238,37
E33020800,600,126,45,81,474,382,92
E33020801,259,96,38,58,163,123,40
E33020802,573,241,72,169,332,282,50
E33020803,442,124,41,83,318,240,78
E33020804,490,221,73,148,269,223,46
E33020805,333,120,40,80,213,154,59
E33020806,409,191,74,117,218,165,53
E33020807,245,87,45,42,158,125,33
E33020808,257,97,27,70,160,127,33
E33020809,493,215,85,130,278,219,59
E33020810,274,100,40,60,174,126,48
E33020811,457,197,76,121,260,182,78
E33020812,335,114,44,70,221,180,41
E33020813,349,125,48,77,224,184,40
E33020814,256,106,35,71,150,125,25
E33020815,344,163,54,109,181,142,39
E33020816,582,200,62,138,382,310,72
E33020817,1122,580,215,365,542,485,57
E33020818,346,96,21,75,250,200,50
E33020819,349,131,35,96,218,179,39
E33020820,400,107,22,85,293,248,45
E33020821,352,148,48,100,204,163,41
E33020822,256,75,27,48,181,159,22
E33020823,442,146,48,98,296,257,39
E33020824,317,96,35,61,221,181,40
E33020825,660,217,39,178,443,384,59
E33020826,472,159,42,117,313,274,39
E33020827,253,87,22,65,166,145,21
E33020828,591,88,18,70,503,431,72
E33020829,777,112,40,72,665,589,76
E33020830,570,60,12,48,510,407,103
E33020831,588,137,37,100,451,396,55
E33020832,502,80,17,63,422,356,66
E33020833,390,152,58,94,238,181,57
E33020834,357,110,54,56,247,176,71
E33020835,357,145,36,109,212,171,41
E33020836,477,189,80,109,288,237,51
E33020837,312,60,20,40,252,217,35
E33020838,362,105,40,65,257,194,63
E33020839,1086,110,35,75,976,868,108
E33020840,471,124,27,97,347,285,62
E33020841,671,217,71,146,454,376,78
E33020842,283,55,10,45,228,196,32
E33020843,386,123,37,86,263,218,45
E33020844,273,107,31,76,166,145,21
E33020845,308,69,12,57,239,206,33
E33020846,424,119,29,90,305,255,50
E33020847,323,111,33,78,212,176,36
E33020848,491,58,14,44,433,362,71
E33020849,277,135,42,93,142,127,15
E33020850,340,95,30,65,245,195,50
E33020851,393,167,43,124,226,189,37
E33020852,661,244,80,164,417,323,94
E33020853,294,107,31,76,187,149,38
E33020854,294,65,25,40,229,193,36
E33020855,472,64,23,41,408,307,101
E33020856,988,162,38,124,826,751,75
E33020857,244,104,21,83,140,124,16
E33020858,293,94,35,59,199,136,63
E33020859,299,107,20,87,192,167,25
E33020860,396,109,28,81,287,229,58
E33020861,467,320,84,236,147,129,18
E33020862,609,171,20,151,438,394,44
E33020863,360,79,20,59,281,245,36
E33020864,499,109,27,82,390,296,94
E33020865,289,110,34,76,179,153,26
E33020866,259,75,27,48,184,112,72
E33020867,255,109,23,86,146,121,25
E33020868,258,69,24,45,189,159,30
E33020869,315,148,45,103,167,138,29
E33020870,658,165,65,100,493,416,77
E33020871,284,78,18,60,206,182,24
E33020872,531,75,13,62,456,396,60
E33020873,349,130,19,111,219,195,24
E33020874,457,138,44,94,319,272,47
E33020875,666,68,15,53,598,495,103
E33020876,264,88,39,49,176,129,47
E33020877,382,104,22,82,278,240,38
E33020878,328,111,29,82,217,174,43
E33020879,248,74,19,55,174,152,22
E33020880,960,263,53,210,697,642,55
E33020881,396,118,34,84,278,252,26
E33020882,2761,858,205,653,1903,1739,164
E33020883,548,143,30,113,405,367,38
E33020884,273,110,25,85,163,142,21
E33020885,324,119,42,77,205,165,40
E33020886,375,101,35,66,274,219,55
E33020887,339,89,19,70,250,219,31
E33020888,687,165,65,100,522,458,64
E33020889,523,106,38,68,417,340,77
E33020890,298,106,28,78,192,170,22
E33020891,503,89,21,68,414,343,71
E33020892,346,121,30,91,225,183,42
E33020893,602,205,46,159,397,336,61
E33020894,539,173,30,143,366,335,31
E33020895,335,105,27,78,230,193,37
E33020896,253,55,6,49,198,161,37
E33020897,428,102,25,77,326,301,25
E33020898,312,65,20,45,247,207,40
E33020899,255,116,35,81,139,115,24
E33020900,536,105,36,69,431,366,65
E33020901,267,120,36,84,147,124,23
E33020902,325,119,48,71,206,156,50
E33020903,401,144,46,98,257,195,62
E33020904,343,118,24,94,225,189,36
E33020905,708,224,102,122,484,384,100
E33020906,571,137,35,102,434,359,75
E33020907,338,129,39,90,209,159,50
E33020908,358,117,34,83,241,198,43
E33020909,396,160,37,123,236,213,23
E33020910,451,188,49,139,263,227,36
E33020911,386,138,43,95,248,198,50
E33020912,320,98,31,67,222,202,20
E33020913,242,82,28,54,160,130,30
E33020914,563,134,33,101,429,318,111
E33020915,423,179,62,117,244,181,63
E33020916,842,432,115,317,410,345,65
E33020917,347,113,39,74,234,196,38
E33020918,243,121,32,89,122,106,16
E33020919,349,141,46,95,208,185,23
E33020920,470,152,35,117,318,270,48
E33020921,258,108,30,78,150,113,37
E33020922,329,91,27,64,238,199,39
E33020923,240,72,21,51,168,131,37
E33020924,457,189,61,128,268,202,66
E33020925,586,200,51,149,386,323,63
E33020926,401,127,46,81,274,231,43
E33020927,341,103,27,76,238,217,21
E33020928,411,190,59,131,221,179,42
E33020929,776,288,95,193,488,390,98
E33020930,268,86,27,59,182,164,18
E33020931,291,87,29,58,204,152,52
E33020932,414,125,37,88,289,230,59
E33020933,414,166,65,101,248,215,33
E33020934,327,88,28,60,239,182,57
E33020935,579,255,56,199,324,276,48
E33020936,371,153,33,120,218,171,47
E33020937,308,136,46,90,172,142,30
E33020938,401,175,60,115,226,171,55
E33020939,313,145,40,105,168,136,32
E33020940,329,111,35,76,218,178,40
E33020941,381,148,53,95,233,196,37
E33020942,594,191,32,159,403,301,102
E33020943,407,143,39,104,264,204,60
E33020944,349,35,14,21,314,232,82
E33020945,293,118,40,78,175,140,35
E33020946,552,214,64,150,338,278,60
E33020947,630,241,72,169,389,312,77
E33020948,358,158,55,103,200,150,50
E33020949,446,153,53,100,293,259,34
E33020950,278,101,36,65,177,134,43
E33020951,293,105,25,80,188,153,35
E33020952,553,69,26,43,484,371,113
E33020953,226,81,25,56,145,124,21
E33020954,293,100,44,56,193,152,41
E33020955,665,157,48,109,508,448,60
E33020956,448,157,50,107,291,245,46
E33020957,517,120,36,84,397,292,105
E33020958,621,184,50,134,437,355,82
E33020959,522,206,65,141,316,237,79
E33020960,430,175,66,109,255,212,43
E33020961,310,88,18,70,222,194,28
E33020962,381,126,37,89,255,181,74
E33020963,319,127,26,101,192,160,32
E33020964,482,116,37,79,366,295,71
E33020965,704,149,48,101,555,456,99
E33020966,281,85,26,59,196,161,35
E33020967,289,91,39,52,198,183,15
E33020968,301,61,32,29,240,219,21
E33020969,234,96,29,67,138,115,23
E33020970,323,113,48,65,210,172,38
E33020971,380,118,43,75,262,204,58
E33020972,465,147,55,92,318,251,67
E33020973,464,186,52,134,278,219,59
E33020974,324,120,42,78,204,159,45
E33020975,244,108,33,75,136,92,44
E33020976,369,111,29,82,258,231,27
E33020977,225,109,39,70,116,97,19
E33020978,482,169,45,124,313,266,47
E33020979,361,156,45,111,205,162,43
E33020980,260,109,18,91,151,121,30
E33020981,285,105,29,76,180,142,38
E33020982,343,116,35,81,227,189,38
E33020983,406,145,37,108,261,221,40
E33020984,899,544,132,412,355,314,41
E33020985,613,153,21,132,460,388,72
E33020986,416,147,41,106,269,232,37
E33020987,606,158,45,113,448,378,70
E33020988,371,129,28,101,242,211,31
E33020989,370,124,39,85,246,202,44
E33020990,578,172,67,105,406,340,66
E33020991,767,292,79,213,475,390,85
E33020992,358,101,28,73,257,208,49
E33020993,327,117,32,85,210,156,54
E33020994,339,134,52,82,205,157,48
E33020995,287,84,24,60,203,158,45
E33020996,305,108,30,78,197,150,47
E33020997,368,132,49,83,236,193,43
E33020998,437,143,49,94,294,244,50
E33020999,7939,496,197,299,7443,6883,560
E33021000,438,161,60,101,277,220,57
E33021001,298,86,33,53,212,159,53
E33021002,301,126,41,85,175,146,29
E33021003,410,167,51,116,243,193,50
E33021004,566,258,92,166,308,257,51
E33021005,570,191,50,141,379,332,47
E33021006,274,134,46,88,140,99,41
E33021007,266,99,31,68,167,123,44
E33021008,484,219,69,150,265,206,59
E33021009,564,236,74,162,328,260,68
E33021010,259,110,50,60,149,107,42
E33021011,258,90,35,55,168,128,40
E33021012,283,68,28,40,215,159,56
E33021013,324,127,48,79,197,158,39
E33021014,422,129,53,76,293,223,70
E33021015,554,156,65,91,398,303,95
E33021016,408,151,56,95,257,196,61
E33021017,574,307,92,215,267,229,38
E33021018,282,112,28,84,170,142,28
E33021019,289,130,49,81,159,109,50
E33021020,338,139,56,83,199,170,29
E33021021,342,136,52,84,206,167,39
E33021022,848,297,74,223,551,446,105
E33021023,411,190,79,111,221,161,60
E33021024,662,144,63,81,518,420,98
E33021025,405,125,42,83,280,216,64
E33021026,421,139,43,96,282,207,75
E33021027,444,156,66,90,288,225,63
E33021028,431,211,105,106,220,173,47
E33021029,257,81,29,52,176,123,53
E33021030,547,141,51,90,406,284,122
E33021031,296,120,51,69,176,125,51
E33021032,325,123,38,85,202,162,40
E33021033,371,149,52,97,222,183,39
E33021034,675,212,60,152,463,373,90
E33021035,466,205,58,147,261,227,34
E33021036,249,91,41,50,158,125,33
E33021037,1900,256,62,194,1644,1514,130
E33021038,473,141,41,100,332,287,45
E33021039,272,83,42,41,189,148,41
E33021040,244,110,41,69,134,102,32
E33021041,328,85,18,67,243,188,55
E33021042,323,145,46,99,178,150,28
E33021043,301,135,48,87,166,140,26
E33021044,390,141,59,82,249,191,58
E33021045,338,108,49,59,230,155,75
E33021046,349,93,34,59,256,217,39
E33021047,373,170,50,120,203,170,33
E33021048,695,357,170,187,338,287,51
E33021049,355,89,36,53,266,218,48
E33021050,466,185,72,113,281,222,59
E33021051,423,175,61,114,248,169,79
E33021052,542,188,91,97,354,258,96
E33021053,489,243,107,136,246,188,58
E33021054,290,145,52,93,145,109,36
E33021055,256,104,40,64,152,97,55
E33021056,292,109,46,63,183,125,58
E33021057,237,86,40,46,151,108,43
E33021058,378,149,61,88,229,169,60
E33021059,389,192,87,105,197,153,44
E33021060,293,122,59,63,171,144,27
E33021061,457,128,66,62,329,272,57
E33021062,356,142,51,91,214,148,66
E33021063,376,131,36,95,245,209,36
E33021064,255,90,34,56,165,128,37
E33021065,379,189,63,126,190,139,51
E33021066,545,177,64,113,368,292,76
E33021067,1223,517,216,301,706,575,131
E33021068,396,163,76,87,233,163,70
E33021069,243,109,54,55,134,94,40
E33021070,282,118,49,69,164,125,39
E33021071,290,121,54,67,169,118,51
E33021072,487,233,95,138,254,182,72
E33021073,294,127,55,72,167,106,61
E33021074,362,131,56,75,231,154,77
E33021075,232,73,24,49,159,122,37
E33021076,381,114,40,74,267,199,68
E33021077,362,103,42,61,259,185,74
E33021078,472,178,67,111,294,193,101
E33021079,272,107,41,66,165,119,46
E33021080,411,211,57,154,200,167,33
E33021081,331,88,31,57,243,178,65
E33021082,417,209,79,130,208,162,46
E33021083,297,124,36,88,173,134,39
E33021084,712,151,39,112,561,446,115
E33021085,412,183,48,135,229,189,40
E33021086,298,102,35,67,196,166,30
E33021087,373,143,52,91,230,170,60
E33021088,556,197,80,117,359,274,85
E33021089,778,197,53,144,581,483,98
E33021090,474,172,53,119,302,233,69
E33021091,295,119,41,78,176,134,42
E33021092,386,141,52,89,245,210,35
E33021093,275,112,49,63,163,123,40
E33021094,737,315,113,202,422,349,73
E33021095,405,143,38,105,262,220,42
E33021096,263,113,41,72,150,105,45
E33021097,378,110,36,74,268,208,60
E33021098,417,194,58,136,223,177,46
E33021099,318,75,29,46,243,188,55
E33021100,315,104,35,69,211,151,60
E33021101,455,104,25,79,351,295,56
E33021102,644,309,79,230,335,276,59
E33021103,315,90,38,52,225,176,49
E33021104,291,132,54,78,159,120,39
E33021105,563,219,48,171,344,288,56
E33021106,299,108,35,73,191,135,56
E33021107,614,169,41,128,445,383,62
E33021108,375,108,36,72,267,212,55
E33021109,328,127,52,75,201,161,40
E33021110,707,214,80,134,493,425,68
E33021111,422,143,41,102,279,241,38
E33021112,448,195,38,157,253,213,40
E33021113,578,240,77,163,338,274,64
E33021114,256,95,47,48,161,137,24
E33021115,360,138,52,86,222,185,37
E33021116,387,120,31,89,267,231,36
E33021117,259,83,19,64,176,152,24
E33021118,288,119,42,77,169,120,49
E33021119,444,161,52,109,283,228,55
E33021120,928,220,76,144,708,587,121
E33021121,706,318,119,199,388,306,82
E33021122,379,161,51,110,218,183,35
E33021123,434,178,81,97,256,219,37
E33021124,337,111,31,80,226,174,52
E33021125,317,109,35,74,208,158,50
E33021126,398,143,49,94,255,211,44
E33021127,748,108,35,73,640,559,81
E33021128,269,80,20,60,189,160,29
E33021129,894,137,29,108,757,690,67
E33021130,292,107,36,71,185,148,37
E33021131,738,320,109,211,418,374,44
E33021132,394,105,25,80,289,219,70
E33021133,537,71,26,45,466,371,95
E33021134,429,186,80,106,243,191,52
E33021135,385,143,53,90,242,191,51
E33021136,274,130,32,98,144,111,33
E33021137,344,133,54,79,211,179,32
E33021138,266,51,16,35,215,185,30
E33021139,299,49,11,38,250,194,56
E33021140,451,105,20,85,346,282,64
E33021141,1378,173,25,148,1205,958,247
E33021142,264,99,31,68,165,150,15
E33021143,467,115,23,92,352,309,43
E33021144,651,387,119,268,264,237,27
E33021145,259,109,42,67,150,134,16
E33021146,457,162,69,93,295,231,64
E33021147,671,89,25,64,582,481,101
E33021148,373,97,32,65,276,222,54
E33021149,314,110,53,57,204,153,51
E33021150,328,118,47,71,210,157,53
E33021151,263,105,31,74,158,121,37
E33021152,485,183,41,142,302,254,48
E33021153,294,88,18,70,206,181,25
E33021154,384,134,41,93,250,206,44
E33021155,387,123,47,76,264,215,49
E33021156,437,157,52,105,280,232,48
E33021157,353,46,16,30,307,223,84
E33021158,299,102,24,78,197,164,33
E33021159,241,94,19,75,147,129,18
E33021160,515,118,34,84,397,327,70
E33021161,495,165,43,122,330,270,60
E33021162,436,71,14,57,365,300,65
E33021163,506,178,54,124,328,267,61
E33021164,537,237,67,170,300,235,65
E33021165,552,123,29,94,429,365,64
E33021166,433,150,35,115,283,243,40
E33021167,1013,250,70,180,763,641,122
E33021168,544,150,37,113,394,331,63
E33021169,387,119,45,74,268,222,46
E33021170,300,114,24,90,186,135,51
E33021171,617,161,36,125,456,369,87
E33021172,254,92,47,45,162,119,43
E33021173,503,232,87,145,271,195,76
E33021174,294,146,47,99,148,107,41
E33021175,347,138,52,86,209,173,36
E33021176,524,126,38,88,398,329,69
E33021177,451,189,57,132,262,201,61
E33021178,261,54,8,46,207,179,28
E33021179,288,90,18,72,198,160,38
E33021180,411,153,57,96,258,189,69
E33021181,471,104,29,75,367,316,51
E33021182,378,107,37,70,271,213,58
E33021183,408,178,46,132,230,208,22
E33021184,320,136,43,93,184,159,25
E33021185,445,164,64,100,281,223,58
E33021186,451,173,43,130,278,251,27
E33021187,733,355,148,207,378,347,31
E33021188,355,78,11,67,277,234,43
E33021189,258,70,19,51,188,141,47
E33021190,707,255,58,197,452,383,69
E33021191,483,145,40,105,338,299,39
E33021192,223,105,27,78,118,93,25
E33021193,267,80,34,46,187,148,39
E33021194,254,89,35,54,165,120,45
E33021195,344,88,32,56,256,202,54
E33021196,503,150,40,110,353,297,56
E33021197,252,43,13,30,209,179,30
E33021198,501,267,78,189,234,210,24
E33021199,340,81,18,63,259,220,39
E33021200,487,98,33,65,389,299,90
E33021201,431,221,56,165,210,167,43
E33021202,409,82,21,61,327,299,28
E33021203,558,77,28,49,481,348,133
E33021204,253,144,50,94,109,90,19
E33021205,281,133,41,92,148,124,24
E33021206,426,215,100,115,211,163,48
E33021207,495,216,77,139,279,219,60
E33021208,348,131,39,92,217,159,58
E33021209,473,172,71,101,301,248,53
E33021210,440,174,40,134,266,214,52
E33021211,499,96,28,68,403,357,46
E33021212,335,120,22,98,215,182,33
E33021213,277,97,30,67,180,143,37
E33021214,254,114,42,72,140,102,38
E33021215,161,65,19,46,96,78,18
E33021216,409,94,19,75,315,266,49
E33021217,248,104,29,75,144,121,23
E33021218,399,86,36,50,313,243,70
E33021219,286,108,44,64,178,138,40
E33021220,584,208,54,154,376,310,66
E33021221,289,121,42,79,168,127,41
E33021222,572,215,89,126,357,249,108
E33021223,487,140,36,104,347,276,71
E33021224,315,113,40,73,202,164,38
E33021225,416,178,50,128,238,196,42
E33021226,496,186,64,122,310,245,65
E33021227,471,163,49,114,308,251,57
E33021228,280,73,24,49,207,176,31
E33021229,295,103,29,74,192,162,30
E33021230,265,59,18,41,206,170,36
E33021231,415,231,43,188,184,167,17
E33021232,281,76,21,55,205,168,37
E33021233,326,109,36,73,217,179,38
E33021234,485,147,49,98,338,278,60
E33021235,301,113,43,70,188,156,32
E33021236,544,210,70,140,334,268,66
E33021237,364,65,20,45,299,245,54
E33021238,305,101,34,67,204,167,37
E33021239,412,88,30,58,324,297,27
E33021240,361,112,28,84,249,212,37
E33021241,294,128,39,89,166,147,19
E33021242,268,67,18,49,201,165,36
E33021243,284,101,24,77,183,144,39
E33021244,300,87,21,66,213,183,30
E33021245,520,236,65,171,284,237,47
E33021246,372,154,55,99,218,177,41
E33021247,245,71,22,49,174,137,37
E33021248,378,53,9,44,325,289,36
E33021249,341,142,56,86,199,153,46
E33021250,250,122,39,83,128,106,22
E33021251,255,106,38,68,149,118,31
E33021252,294,88,35,53,206,153,53
E33021253,242,111,29,82,131,109,22
E33021254,253,79,31,48,174,134,40
E33021255,443,179,39,140,264,219,45
E33021256,439,148,59,89,291,246,45
E33021257,257,57,13,44,200,176,24
E33021258,329,164,42,122,165,123,42
E33021259,403,105,40,65,298,246,52
E33021260,502,66,9,57,436,390,46
E33021261,685,198,56,142,487,443,44
E33021262,800,125,43,82,675,563,112
E33021263,332,102,27,75,230,193,37
E33021264,870,128,46,82,742,635,107
E33021265,366,135,49,86,231,198,33
E33021266,425,46,14,32,379,343,36
E33021267,295,105,24,81,190,157,33
E33021268,308,96,37,59,212,164,48
E33021269,219,77,33,44,142,116,26
E33021270,320,148,44,104,172,145,27
E33021271,608,224,66,158,384,337,47
E33021272,524,126,50,76,398,361,37
E33021273,377,156,56,100,221,166,55
E33021274,278,45,15,30,233,179,54
E33021275,249,64,13,51,185,161,24
E33021276,255,135,42,93,120,89,31
E33021277,371,107,45,62,264,215,49
E33021278,355,106,49,57,249,193,56
E33021279,5843,1782,319,1463,4061,3586,475
E33021280,257,81,31,50,176,153,23
E33021281,695,444,107,337,251,228,23
E33021282,387,118,36,82,269,215,54
E33021283,364,166,65,101,198,183,15
E33021284,320,144,45,99,176,148,28
E33021285,331,147,53,94,184,154,30
E33021286,401,130,35,95,271,218,53
E33021287,281,115,36,79,166,145,21
E33021288,279,118,31,87,161,141,20
E33021289,509,151,17,134,358,331,27
E33021290,239,90,32,58,149,120,29
E33021291,286,124,41,83,162,115,47
E33021292,342,117,29,88,225,178,47
E33021293,296,68,18,50,228,197,31
E33021294,373,127,27,100,246,208,38
E33021295,296,121,52,69,175,132,43
E33021296,407,186,66,120,221,174,47
E33021297,359,158,58,100,201,153,48
E33021298,419,192,98,94,227,195,32
E33021299,1052,296,58,238,756,675,81
E33021300,253,122,32,90,131,101,30
E33021301,517,94,23,71,423,394,29
E33021302,255,73,24,49,182,158,24
E33021303,495,85,17,68,410,338,72
E33021304,323,102,32,70,221,185,36
E33021305,350,93,30,63,257,221,36
E33021306,268,84,20,64,184,143,41
E33021307,277,113,35,78,164,133,31
E33021308,385,176,65,111,209,153,56
E33021309,262,99,29,70,163,126,37
E33021310,412,135,39,96,277,225,52
E33021311,495,254,73,181,241,211,30
E33021312,389,141,44,97,248,215,33
E33021313,270,75,30,45,195,170,25
E33021314,332,96,27,69,236,190,46
E33021315,354,99,34,65,255,194,61
E33021316,546,219,73,146,327,290,37
E33021317,469,162,46,116,307,237,70
E33021318,325,117,28,89,208,164,44
E33021319,345,156,42,114,189,148,41
E33021320,633,224,99,125,409,339,70
E33021321,284,52,19,33,232,179,53
E33021322,809,127,32,95,682,588,94
E33021323,780,168,48,120,612,548,64
E33021324,369,111,41,70,258,219,39
E33021325,335,108,15,93,227,187,40
E33021326,290,99,30,69,191,165,26
E33021327,358,53,7,46,305,239,66
E33021328,750,274,109,165,476,370,106
E33021329,273,93,37,56,180,133,47
E33021330,272,138,19,119,134,117,17
E33021331,282,118,36,82,164,130,34
E33021332,541,100,25,75,441,356,85
E33021333,353,95,31,64,258,216,42
E33021334,413,110,14,96,303,259,44
E33021335,250,42,17,25,208,136,72
E33021336,363,111,35,76,252,231,21
E33021337,444,162,62,100,282,233,49
E33021338,331,133,35,98,198,153,45
E33021339,479,180,52,128,299,243,56
E33021340,255,96,40,56,159,122,37
E33021341,431,202,59,143,229,205,24
E33021342,766,249,80,169,517,447,70
E33021343,414,105,38,67,309,251,58
E33021344,296,102,38,64,194,151,43
E33021345,379,128,41,87,251,209,42
E33021346,384,97,20,77,287,232,55
E33021347,559,150,30,120,409,354,55
E33021348,215,69,25,44,146,109,37
E33021349,407,144,53,91,263,218,45
E33021350,653,119,36,83,534,448,86
E33021351,308,84,38,46,224,116,108
E33021352,377,115,37,78,262,144,118
E33021353,241,106,39,67,135,90,45
E33021354,293,101,37,64,192,128,64
E33021355,368,137,61,76,231,165,66
E33021356,406,108,34,74,298,187,111
E33021357,395,140,49,91,255,174,81
E33021358,344,94,29,65,250,193,57
E33021359,395,177,52,125,218,168,50
E33021360,242,102,36,66,140,109,31
E33021361,489,233,89,144,256,219,37
E33021362,416,172,39,133,244,203,41
E33021363,335,126,28,98,209,171,38
E33021364,614,151,45,106,463,339,124
E33021365,404,105,31,74,299,200,99
E33021366,317,91,31,60,226,121,105
E33021367,386,99,44,55,287,183,104
E33021368,636,203,67,136,433,324,109
E33021369,588,117,46,71,471,373,98
E33021370,293,103,36,67,190,125,65
E33021371,266,106,44,62,160,102,58
E33021372,259,74,20,54,185,126,59
E33021373,240,84,36,48,156,104,52
E33021374,299,72,15,57,227,148,79
E33021375,343,110,43,67,233,141,92
E33021376,417,93,42,51,324,225,99
E33021377,795,173,55,118,622,558,64
E33021378,334,86,31,55,248,141,107
E33021379,434,113,39,74,321,251,70
E33021380,300,82,29,53,218,133,85
E33021381,351,110,42,68,241,129,112
E33021382,345,140,44,96,205,159,46
E33021383,642,257,81,176,385,302,83
E33021384,278,103,50,53,175,111,64
E33021385,324,75,29,46,249,143,106
E33021386,527,205,72,133,322,241,81
E33021387,269,65,17,48,204,105,99
E33021388,317,103,48,55,214,127,87
E33021389,228,79,34,45,149,94,55
E33021390,309,85,38,47,224,147,77
E33021391,435,108,43,65,327,272,55
E33021392,409,111,48,63,298,176,122
E33021393,246,100,35,65,146,104,42
E33021394,613,198,52,146,415,305,110
E33021395,388,161,72,89,227,157,70
E33021396,1443,217,83,134,1226,779,447
E33021397,570,198,95,103,372,259,113
E33021398,431,124,41,83,307,248,59
E33021399,375,87,29,58,288,188,100
E33021400,506,172,53,119,334,268,66
E33021401,735,170,52,118,565,436,129
E33021402,517,100,37,63,417,352,65
E33021403,428,177,54,123,251,185,66
E33021404,308,116,43,73,192,124,68
E33021405,278,86,30,56,192,121,71
E33021406,421,168,65,103,253,177,76
E33021407,470,173,75,98,297,192,105
E33021408,469,194,89,105,275,199,76
E33021409,266,120,41,79,146,86,60
E33021410,329,138,50,88,191,139,52
E33021411,504,164,49,115,340,274,66
E33021412,328,100,41,59,228,160,68
E33021413,1404,275,60,215,1129,967,162
E33021414,445,127,53,74,318,246,72
E33021415,302,62,24,38,240,179,61
E33021416,276,108,22,86,168,126,42
E33021417,627,298,87,211,329,266,63
E33021418,320,100,30,70,220,170,50
E33021419,351,90,32,58,261,204,57
E33021420,238,67,23,44,171,121,50
E33021421,327,129,34,95,198,175,23
E33021422,605,200,57,143,405,332,73
E33021423,315,101,27,74,214,152,62
E33021424,258,105,32,73,153,113,40
E33021425,1891,735,155,580,1156,1044,112
E33021426,412,132,37,95,280,231,49
E33021427,426,158,52,106,268,205,63
E33021428,564,238,65,173,326,293,33
E33021429,366,146,42,104,220,168,52
E33021430,308,112,39,73,196,143,53
E33021431,395,157,54,103,238,197,41
E33021432,466,218,78,140,248,183,65
E33021433,343,144,58,86,199,143,56
E33021434,338,115,30,85,223,176,47
E33021435,337,88,28,60,249,187,62
E33021436,378,112,30,82,266,203,63
E33021437,290,122,51,71,168,146,22
E33021438,472,210,46,164,262,194,68
E33021439,768,350,113,237,418,329,89
E33021440,648,229,69,160,419,328,91
E33021441,621,117,44,73,504,369,135
E33021442,302,119,43,76,183,136,47
E33021443,409,148,33,115,261,211,50
E33021444,374,129,48,81,245,166,79
E33021445,397,157,69,88,240,170,70
E33021446,280,127,51,76,153,92,61
E33021447,375,126,44,82,249,160,89
E33021448,263,88,37,51,175,106,69
E33021449,422,126,59,67,296,218,78
E33021450,348,79,41,38,269,220,49
E33021451,339,125,36,89,214,157,57
E33021452,761,142,45,97,619,493,126
E33021453,634,303,120,183,331,266,65
E33021454,264,114,58,56,150,109,41
E33021455,403,161,43,118,242,202,40
E33021456,540,244,86,158,296,227,69
E33021457,531,211,76,135,320,199,121
E33021458,291,91,36,55,200,113,87
E33021459,295,104,37,67,191,88,103
E33021460,237,76,30,46,161,108,53
E33021461,281,90,35,55,191,98,93
E33021462,430,101,31,70,329,204,125
E33021463,234,80,28,52,154,79,75
E33021464,258,59,19,40,199,137,62
E33021465,305,89,38,51,216,149,67
E33021466,221,63,21,42,158,86,72
E33021467,422,158,54,104,264,173,91
E33021468,348,104,40,64,244,162,82
E33021469,254,109,44,65,145,98,47
E33021470,616,119,39,80,497,384,113
E33021471,623,120,41,79,503,384,119
E33021472,364,93,24,69,271,165,106
E33021473,313,122,38,84,191,137,54
E33021474,977,137,47,90,840,697,143
E33021475,232,81,40,41,151,78,73
E33021476,567,118,38,80,449,383,66
E33021477,328,124,47,77,204,148,56
E33021478,346,110,33,77,236,162,74
E33021479,689,314,103,211,375,317,58
E33021480,516,244,74,170,272,240,32
E33021481,274,95,32,63,179,136,43
E33021482,498,204,63,141,294,228,66
E33021483,312,74,26,48,238,186,52
E33021484,258,97,49,48,161,110,51
E33021485,411,164,77,87,247,180,67
E33021486,326,126,59,67,200,121,79
E33021487,254,101,51,50,153,96,57
E33021488,525,159,63,96,366,257,109
E33021489,199,57,31,26,142,92,50
E33021490,333,98,44,54,235,166,69
E33021491,241,83,30,53,158,112,46
E33021492,290,100,31,69,190,142,48
E33021493,489,176,71,105,313,178,135
E33021494,241,74,27,47,167,116,51
E33021495,242,82,23,59,160,124,36
E33021496,477,243,129,114,234,182,52
E33021497,470,197,61,136,273,204,69
E33021498,299,73,42,31,226,149,77
E33021499,310,112,38,74,198,119,79
E33021500,930,316,138,178,614,490,124
E33021501,291,58,22,36,233,184,49
E33021502,233,86,25,61,147,112,35
E33021503,714,195,67,128,519,411,108
E33021504,337,132,37,95,205,160,45
E33021505,296,142,35,107,154,121,33
E33021506,396,126,58,68,270,188,82
E33021507,537,173,67,106,364,261,103
E33021508,782,435,107,328,347,285,62
E33021509,267,88,27,61,179,154,25
E33021510,382,138,36,102,244,201,43
E33021511,311,155,71,84,156,114,42
E33021512,383,193,39,154,190,154,36
E33021513,319,131,54,77,188,145,43
E33021514,477,193,57,136,284,212,72
E33021515,443,146,49,97,297,237,60
E33021516,399,179,52,127,220,168,52
E33021517,1229,420,67,353,809,715,94
E33021518,272,94,32,62,178,131,47
E33021519,280,122,42,80,158,128,30
E33021520,346,131,34,97,215,153,62
E33021521,531,198,45,153,333,252,81
E33021522,328,124,29,95,204,158,46
E33021523,388,93,25,68,295,235,60
E33021524,389,100,42,58,289,247,42
E33021525,580,103,21,82,477,424,53
E33021526,1491,152,54,98,1339,1213,126
E33021527,301,103,49,54,198,134,64
E33021528,295,113,39,74,182,121,61
E33021529,286,78,24,54,208,153,55
E33021530,325,68,29,39,257,188,69
E33021531,362,144,71,73,218,146,72
E33021532,304,72,28,44,232,187,45
E33021533,480,131,38,93,349,262,87
E33021534,435,128,50,78,307,217,90
E33021535,359,140,48,92,219,174,45
E33021536,303,97,41,56,206,146,60
E33021537,1195,620,229,391,575,490,85
E33021538,476,136,43,93,340,276,64
E33021539,564,228,70,158,336,284,52
E33021540,347,130,48,82,217,147,70
E33021541,405,177,70,107,228,166,62
E33021542,280,110,25,85,170,148,22
E33021543,391,114,49,65,277,240,37
E33021544,557,197,52,145,360,297,63
E33021545,289,98,27,71,191,152,39
E33021546,417,102,37,65,315,238,77
E33021547,289,87,34,53,202,159,43
E33021548,239,47,10,37,192,151,41
E33021549,325,100,29,71,225,170,55
E33021550,592,129,46,83,463,352,111
E33021551,368,102,34,68,266,230,36
E33021552,435,145,48,97,290,241,49
E33021553,274,86,25,61,188,141,47
E33021554,498,105,20,85,393,367,26
E33021555,637,138,53,85,499,456,43
E33021556,310,102,31,71,208,141,67
E33021557,323,82,19,63,241,188,53
E33021558,400,120,26,94,280,205,75
E33021559,309,93,30,63,216,158,58
E33021560,306,80,32,48,226,151,75
E33021561,290,91,26,65,199,152,47
E33021562,316,129,37,92,187,146,41
E33021563,619,185,43,142,434,365,69
E33021564,410,123,32,91,287,224,63
E33021565,364,139,37,102,225,177,48
E33021566,342,161,45,116,181,132,49
E33021567,259,106,25,81,153,131,22
E33021568,1422,172,48,124,1250,1158,92
E33021569,295,99,35,64,196,141,55
E33021570,276,113,33,80,163,120,43
E33021571,285,79,32,47,206,163,43
E33021572,274,79,27,52,195,171,24
E33021573,532,188,59,129,344,265,79
E33021574,634,266,87,179,368,280,88
E33021575,271,97,33,64,174,127,47
E33021576,336,154,26,128,182,151,31
E33021577,417,135,42,93,282,229,53
E33021578,356,114,46,68,242,178,64
E33021579,257,106,21,85,151,135,16
E33021580,345,147,45,102,198,149,49
E33021581,387,165,46,119,222,176,46
E33021582,314,115,44,71,199,153,46
E33021583,325,110,28,82,215,168,47
E33021584,249,95,26,69,154,126,28
E33021585,356,145,29,116,211,176,35
E33021586,306,132,30,102,174,157,17
E33021587,280,125,42,83,155,127,28
E33021588,323,54,17,37,269,204,65
E33021589,306,120,28,92,186,159,27
E33021590,290,101,25,76,189,149,40
E33021591,527,198,59,139,329,264,65
E33021592,284,117,31,86,167,130,37
E33021593,291,77,34,43,214,150,64
E33021594,321,101,42,59,220,172,48
E33021595,270,57,19,38,213,179,34
E33021596,434,102,40,62,332,259,73
E33021597,582,308,69,239,274,247,27
E33021598,506,172,43,129,334,296,38
E33021599,526,212,53,159,314,270,44
E33021600,297,105,23,82,192,166,26
E33021601,598,169,47,122,429,356,73
E33021602,400,136,33,103,264,208,56
E33021603,415,122,46,76,293,234,59
E33021604,667,105,23,82,562,499,63
E33021605,266,90,25,65,176,137,39
E33021606,974,350,58,292,624,575,49
E33021607,301,89,23,66,212,178,34
E33021608,445,159,64,95,286,202,84
E33021609,555,239,96,143,316,250,66
E33021610,375,141,40,101,234,181,53
E33021611,305,133,52,81,172,128,44
E33021612,276,102,23,79,174,141,33
E33021613,397,120,36,84,277,232,45
E33021614,344,136,48,88,208,167,41
E33021615,363,86,24,62,277,194,83
E33021616,303,67,18,49,236,189,47
E33021617,247,69,19,50,178,144,34
E33021618,667,218,90,128,449,388,61
E33021619,381,84,29,55,297,233,64
E33021620,450,130,22,108,320,295,25
E33021621,482,105,31,74,377,316,61
E33021622,375,144,35,109,231,182,49
E33021623,231,64,14,50,167,133,34
E33021624,564,187,63,124,377,292,85
E33021625,330,118,34,84,212,175,37
E33021626,276,109,26,83,167,142,25
E33021627,363,173,56,117,190,173,17
E33021628,495,100,26,74,395,315,80
E33021629,408,127,29,98,281,255,26
E33021630,321,65,14,51,256,212,44
E33021631,303,117,55,62,186,167,19
E33021632,341,119,32,87,222,175,47
E33021633,337,152,24,128,185,168,17
E33021634,849,256,53,203,593,546,47
E33021635,290,129,45,84,161,120,41
E33021636,259,66,20,46,193,185,8
E33021637,322,98,29,69,224,188,36
E33021638,250,96,38,58,154,122,32
E33021639,454,60,20,40,394,366,28
E33021640,562,172,27,145,390,360,30
E33021641,264,121,42,79,143,115,28
E33021642,277,91,27,64,186,150,36
E33021643,224,84,15,69,140,99,41
E33021644,237,105,13,92,132,113,19
E33021645,287,85,27,58,202,163,39
E33021646,403,118,34,84,285,233,52
E33021647,645,192,64,128,453,407,46
E33021648,254,77,21,56,177,148,29
E33021649,261,39,13,26,222,180,42
E33021650,582,241,53,188,341,305,36
E33021651,244,68,19,49,176,144,32
E33021652,282,111,33,78,171,153,18
E33021653,306,65,17,48,241,175,66
E33021654,273,40,7,33,233,189,44
E33021655,551,169,62,107,382,321,61
E33021656,869,193,60,133,676,608,68
E33021657,1469,559,232,327,910,803,107
E33021658,467,196,126,70,271,220,51
E33021659,301,91,28,63,210,174,36
E33021660,252,135,39,96,117,98,19
E33021661,307,120,44,76,187,163,24
E33021662,541,94,31,63,447,367,80
E33021663,377,146,38,108,231,188,43
E33021664,577,229,61,168,348,306,42
E33021665,433,66,10,56,367,301,66
E33021666,274,109,52,57,165,141,24
E33021667,341,121,31,90,220,183,37
E33021668,565,133,44,89,432,364,68
E33021669,369,128,37,91,241,193,48
E33021670,621,72,16,56,549,413,136
E33021671,644,200,60,140,444,371,73
E33021672,254,63,18,45,191,170,21
E33021673,243,44,14,30,199,176,23
E33021674,249,97,34,63,152,113,39
E33021675,477,78,18,60,399,341,58
E33021676,667,242,56,186,425,394,31
E33021677,284,121,22,99,163,135,28
E33021678,607,177,49,128,430,379,51
E33021679,331,67,22,45,264,230,34
E33021680,453,79,23,56,374,316,58
E33021681,391,119,20,99,272,238,34
E33021682,307,100,30,70,207,177,30
E33021683,577,156,41,115,421,372,49
E33021684,312,66,20,46,246,209,37
E33021685,1534,280,89,191,1254,1040,214
E33021686,449,116,27,89,333,265,68
E33021687,354,166,49,117,188,150,38
E33021688,572,95,29,66,477,389,88
E33021689,1297,549,117,432,748,592,156
E33021690,240,100,39,61,140,108,32
E33021691,378,63,15,48,315,271,44
E33021692,352,103,38,65,249,187,62
E33021693,1061,85,23,62,976,846,130
E33021694,520,169,59,110,351,280,71
E33021695,254,112,46,66,142,111,31
E33021696,251,99,30,69,152,128,24
E33021697,272,110,40,70,162,124,38
E33021698,252,51,15,36,201,156,45
E33021699,694,241,58,183,453,340,113
E33021700,369,143,51,92,226,189,37
E33021701,539,118,35,83,421,325,96
E33021702,752,273,93,180,479,393,86
E33021703,480,219,54,165,261,213,48
E33021704,801,324,70,254,477,404,73
E33021705,347,136,32,104,211,187,24
E33021706,320,133,46,87,187,145,42
E33021707,287,136,15,121,151,136,15
E33021708,466,172,40,132,294,239,55
E33021709,556,155,41,114,401,302,99
E33021710,415,149,45,104,266,197,69
E33021711,252,99,38,61,153,117,36
E33021712,299,92,37,55,207,157,50
E33021713,357,134,47,87,223,177,46
E33021714,498,204,50,154,294,242,52
E33021715,252,85,25,60,167,124,43
E33021716,310,85,22,63,225,190,35
E33021717,242,112,28,84,130,105,25
E33021718,823,156,48,108,667,599,68
E33021719,450,88,39,49,362,286,76
E33021720,1195,506,121,385,689,588,101
E33021721,252,89,23,66,163,134,29
E33021722,518,145,30,115,373,331,42
E33021723,292,133,63,70,159,113,46
E33021724,278,72,23,49,206,172,34
E33021725,516,148,55,93,368,262,106
E33021726,308,156,68,88,152,114,38
E33021727,442,155,43,112,287,237,50
E33021728,325,141,62,79,184,138,46
E33021729,445,148,52,96,297,234,63
E33021730,301,106,31,75,195,155,40
E33021731,415,98,45,53,317,262,55
E33021732,356,116,34,82,240,179,61
E33021733,420,166,54,112,254,191,63
E33021734,348,138,50,88,210,150,60
E33021735,278,87,26,61,191,156,35
E33021736,314,52,23,29,262,209,53
E33021737,297,111,42,69,186,103,83
E33021738,446,206,78,128,240,171,69
E33021739,384,165,43,122,219,162,57
E33021740,244,100,40,60,144,102,42
E33021741,268,80,30,50,188,115,73
E33021742,262,105,38,67,157,119,38
E33021743,394,154,45,109,240,184,56
E33021744,315,103,41,62,212,146,66
E33021745,395,106,50,56,289,201,88
E33021746,331,111,41,70,220,159,61
E33021747,510,194,74,120,316,253,63
E33021748,468,153,50,103,315,251,64
E33021749,447,235,73,162,212,179,33
E33021750,430,82,31,51,348,286,62
E33021751,267,105,39,66,162,130,32
E33021752,459,177,68,109,282,224,58
E33021753,376,157,62,95,219,161,58
E33021754,274,99,31,68,175,158,17
E33021755,308,117,52,65,191,127,64
E33021756,483,185,80,105,298,207,91
E33021757,260,73,22,51,187,128,59
E33021758,248,101,28,73,147,109,38
E33021759,287,97,42,55,190,120,70
E33021760,246,64,27,37,182,139,43
E33021761,327,121,54,67,206,162,44
E33021762,958,331,128,203,627,482,145
E33021763,260,97,50,47,163,88,75
E33021764,377,149,48,101,228,175,53
E33021765,268,69,27,42,199,125,74
E33021766,349,123,42,81,226,147,79
E33021767,375,112,48,64,263,164,99
E33021768,288,101,41,60,187,123,64
E33021769,296,115,32,83,181,134,47
E33021770,420,172,42,130,248,199,49
E33021771,297,97,32,65,200,157,43
E33021772,280,87,22,65,193,161,32
E33021773,430,180,54,126,250,213,37
E33021774,686,309,116,193,377,303,74
E33021775,281,62,25,37,219,150,69
E33021776,636,334,130,204,302,240,62
E33021777,512,175,76,99,337,227,110
E33021778,489,148,56,92,341,226,115
E33021779,269,74,30,44,195,140,55
E33021780,443,114,42,72,329,209,120
E33021781,404,87,44,43,317,211,106
E33021782,343,129,55,74,214,110,104
E33021783,648,143,58,85,505,292,213
E33021784,314,75,25,50,239,139,100
E33021785,324,49,21,28,275,199,76
E33021786,346,114,29,85,232,152,80
E33021787,611,279,77,202,332,254,78
E33021788,359,162,57,105,197,151,46
E33021789,485,124,33,91,361,325,36
E33021790,1235,181,61,120,1054,827,227
E33021791,546,179,64,115,367,308,59
E33021792,1144,379,121,258,765,697,68
E33021793,367,151,51,100,216,163,53
E33021794,348,145,48,97,203,146,57
E33021795,390,191,63,128,199,156,43
E33021796,1593,167,76,91,1426,1123,303
E33021797,324,111,39,72,213,168,45
E33021798,361,134,63,71,227,167,60
E33021799,601,207,60,147,394,339,55
E33021800,407,123,43,80,284,217,67
E33021801,264,129,48,81,135,103,32
E33021802,306,101,32,69,205,151,54
E33021803,312,114,52,62,198,130,68
E33021804,291,89,35,54,202,124,78
E33021805,452,168,70,98,284,190,94
E33021806,268,83,32,51,185,108,77
E33021807,338,100,37,63,238,157,81
E33021808,685,129,44,85,556,480,76
E33021809,445,156,46,110,289,202,87
E33021810,354,122,44,78,232,169,63
E33021811,409,161,55,106,248,164,84
E33021812,316,110,34,76,206,122,84
E33021813,249,68,31,37,181,114,67
E33021814,734,131,56,75,603,364,239
E33021815,370,94,45,49,276,173,103
E33021816,361,118,40,78,243,157,86
E33021817,504,148,57,91,356,278,78
E33021818,267,70,25,45,197,108,89
E33021819,527,144,67,77,383,255,128
E33021820,1488,214,66,148,1274,1077,197
E33021821,355,112,36,76,243,160,83
E33021822,450,180,55,125,270,215,55
E33021823,557,254,91,163,303,213,90
E33021824,353,98,36,62,255,170,85
E33021825,567,173,57,116,394,318,76
E33021826,455,142,42,100,313,240,73
E33021827,620,233,73,160,387,307,80
E33021828,618,152,49,103,466,397,69
E33021829,338,126,38,88,212,159,53
E33021830,368,129,44,85,239,170,69
E33021831,389,158,44,114,231,188,43
E33021832,317,124,29,95,193,164,29
E33021833,397,97,23,74,300,244,56
E33021834,331,92,29,63,239,186,53
E33021835,254,91,37,54,163,120,43
E33021836,312,116,32,84,196,134,62
E33021837,328,104,52,52,224,131,93
E33021838,504,102,29,73,402,337,65
E33021839,247,78,37,41,169,122,47
E33021840,314,96,44,52,218,157,61
E33021841,384,125,48,77,259,149,110
E33021842,306,56,18,38,250,174,76
E33021843,252,73,31,42,179,96,83
E33021844,362,120,46,74,242,163,79
E33021845,310,136,44,92,174,111,63
E33021846,306,115,46,69,191,128,63
E33021847,292,93,37,56,199,162,37
E33021848,288,63,32,31,225,190,35
E33021849,407,124,48,76,283,175,108
E33021850,626,174,39,135,452,368,84
E33021851,412,150,83,67,262,145,117
E33021852,392,129,43,86,263,158,105
E33021853,438,147,64,83,291,183,108
E33021854,748,317,86,231,431,360,71
E33021855,506,215,77,138,291,218,73
E33021856,373,149,50,99,224,179,45
E33021857,322,101,29,72,221,171,50
E33021858,346,170,66,104,176,154,22
E33021859,376,135,33,102,241,182,59
E33021860,473,93,26,67,380,313,67
E33021861,313,126,36,90,187,144,43
E33021862,311,111,20,91,200,147,53
E33021863,361,123,32,91,238,184,54
E33021864,349,126,46,80,223,165,58
E33021865,576,201,62,139,375,309,66
E33021866,662,175,26,149,487,418,69
E33021867,594,171,37,134,423,343,80
E33021868,335,134,44,90,201,159,42
E33021869,717,172,50,122,545,437,108
E33021870,488,150,35,115,338,312,26
E33021871,376,107,29,78,269,215,54
E33021872,444,170,42,128,274,227,47
E33021873,413,154,58,96,259,207,52
E33021874,706,282,74,208,424,361,63
E33021875,350,163,77,86,187,152,35
E33021876,217,80,37,43,137,100,37
E33021877,357,126,28,98,231,200,31
E33021878,251,113,49,64,138,111,27
E33021879,341,129,38,91,212,178,34
E33021880,310,147,37,110,163,130,33
E33021881,400,162,59,103,238,189,49
E33021882,516,208,84,124,308,258,50
E33021883,364,74,22,52,290,256,34
E33021884,265,101,23,78,164,142,22
E33021885,1006,560,272,288,446,384,62
E33021886,650,243,91,152,407,259,148
E33021887,531,211,74,137,320,249,71
E33021888,276,101,37,64,175,144,31
E33021889,268,106,29,77,162,132,30
E33021890,430,249,74,175,181,153,28
E33021891,259,105,44,61,154,118,36
E33021892,226,71,24,47,155,132,23
E33021893,522,214,82,132,308,217,91
E33021894,410,95,37,58,315,231,84
E33021895,362,107,42,65,255,175,80
E33021896,246,60,22,38,186,123,63
E33021897,320,89,34,55,231,168,63
E33021898,311,143,53,90,168,134,34
E33021899,897,117,40,77,780,602,178
E33021900,328,131,37,94,197,162,35
E33021901,260,76,25,51,184,134,50
E33021902,406,167,57,110,239,169,70
E33021903,440,131,46,85,309,182,127
E33021904,391,100,36,64,291,231,60
E33021905,248,86,35,51,162,116,46
E33021906,321,116,44,72,205,116,89
E33021907,429,133,54,79,296,187,109
E33021908,382,100,59,41,282,196,86
E33021909,323,89,36,53,234,164,70
E33021910,337,156,48,108,181,137,44
E33021911,387,70,29,41,317,246,71
E33021912,385,127,55,72,258,177,81
E33021913,268,87,51,36,181,119,62
E33021914,275,88,38,50,187,119,68
E33021915,487,181,62,119,306,230,76
E33021916,287,135,41,94,152,124,28
E33021917,286,104,39,65,182,133,49
E33021918,268,74,30,44,194,114,80
E33021919,366,135,66,69,231,134,97
E33021920,379,108,37,71,271,164,107
E33021921,408,147,55,92,261,201,60
E33021922,434,161,59,102,273,216,57
E33021923,303,134,55,79,169,125,44
E33021924,273,104,52,52,169,119,50
E33021925,378,136,60,76,242,140,102
E33021926,693,296,133,163,397,308,89
E33021927,380,73,19,54,307,248,59
E33021928,262,81,29,52,181,108,73
E33021929,326,105,36,69,221,137,84
E33021930,450,133,39,94,317,278,39
E33021931,446,153,33,120,293,211,82
E33021932,435,125,48,77,310,175,135
E33021933,433,175,80,95,258,149,109
E33021934,219,69,25,44,150,90,60
E33021935,267,79,38,41,188,110,78
E33021936,455,104,34,70,351,281,70
E33021937,284,81,31,50,203,102,101
E33021938,401,114,53,61,287,181,106
E33021939,279,105,41,64,174,112,62
E33021940,384,151,62,89,233,161,72
E33021941,265,130,48,82,135,113,22
E33021942,415,217,70,147,198,158,40
E33021943,630,171,43,128,459,394,65
E33021944,429,216,48,168,213,187,26
E33021945,366,155,51,104,211,175,36
E33021946,298,112,46,66,186,139,47
E33021947,475,184,47,137,291,241,50
E33021948,531,102,34,68,429,375,54
E33021949,724,166,53,113,558,480,78
E33021950,405,152,52,100,253,154,99
E33021951,856,190,55,135,666,560,106
E33021952,284,103,39,64,181,138,43
E33021953,364,106,41,65,258,171,87
E33021954,472,174,59,115,298,233,65
E33021955,319,101,43,58,218,119,99
E33021956,363,146,57,89,217,150,67
E33021957,254,87,30,57,167,95,72
E33021958,365,129,57,72,236,168,68
E33021959,343,94,21,73,249,197,52
E33021960,413,148,65,83,265,190,75
E33021961,264,117,33,84,147,104,43
E33021962,356,150,39,111,206,144,62
E33021963,395,185,49,136,210,172,38
E33021964,354,124,39,85,230,156,74
E33021965,362,134,33,101,228,175,53
E33021966,309,96,42,54,213,170,43
E33021967,433,115,25,90,318,231,87
E33021968,385,154,55,99,231,162,69
E33021969,521,135,50,85,386,302,84
E33021970,420,149,62,87,271,197,74
E33021971,481,154,51,103,327,248,79
E33021972,344,125,56,69,219,150,69
E33021973,375,137,48,89,238,194,44
E33021974,372,105,54,51,267,213,54
E33021975,415,137,30,107,278,215,63
E33021976,821,220,81,139,601,438,163
E33021977,759,258,92,166,501,386,115
E33021978,347,113,47,66,234,177,57
E33021979,347,144,49,95,203,146,57
E33021980,472,200,61,139,272,209,63
E33021981,355,129,67,62,226,168,58
E33021982,472,77,20,57,395,324,71
E33021983,339,117,35,82,222,178,44
E33021984,335,132,40,92,203,157,46
E33021985,373,164,62,102,209,158,51
E33021986,357,111,54,57,246,180,66
E33021987,312,85,30,55,227,183,44
E33021988,353,61,13,48,292,234,58
E33021989,489,252,71,181,237,194,43
E33021990,582,210,63,147,372,316,56
E33021991,404,170,64,106,234,184,50
E33021992,779,328,67,261,451,413,38
E33021993,329,73,25,48,256,194,62
E33021994,512,231,110,121,281,209,72
E33021995,428,148,56,92,280,206,74
E33021996,137,55,11,44,82,71,11
E33021997,257,69,17,52,188,167,21
E33021998,383,73,18,55,310,253,57
E33021999,921,189,54,135,732,430,302
E33022000,612,367,95,272,245,201,44
E33022001,690,233,58,175,457,392,65
E33022002,269,101,43,58,168,122,46
E33022003,302,103,40,63,199,154,45
E33022004,274,97,48,49,177,133,44
E33022005,314,130,46,84,184,144,40
E33022006,546,110,46,64,436,322,114
E33022007,231,58,18,40,173,126,47
E33022008,312,69,37,32,243,190,53
E33022009,272,65,22,43,207,144,63
E33022010,224,69,34,35,155,92,63
E33022011,271,80,29,51,191,107,84
E33022012,655,240,76,164,415,262,153
E33022013,261,77,29,48,184,131,53
E33022014,272,130,44,86,142,102,40
E33022015,623,235,77,158,388,281,107
E33022016,396,129,59,70,267,189,78
E33022017,537,183,64,119,354,271,83
E33022018,367,150,61,89,217,171,46
E33022019,414,79,22,57,335,260,75
E33022020,398,171,71,100,227,158,69
E33022021,408,182,83,99,226,155,71
E33022022,294,115,52,63,179,118,61
E33022023,332,137,57,80,195,125,70
E33022024,340,160,47,113,180,140,40
E33022025,331,151,35,116,180,142,38
E33022026,256,112,49,63,144,110,34
E33022027,379,138,59,79,241,183,58
E33022028,284,67,14,53,217,167,50
E33022029,400,122,47,75,278,151,127
E33022030,519,111,48,63,408,297,111
E33022031,473,151,68,83,322,208,114
E33022032,522,177,73,104,345,222,123
E33022033,473,192,58,134,281,197,84
E33022034,624,252,96,156,372,289,83
E33022035,1184,279,117,162,905,789,116
E33022036,303,103,36,67,200,149,51
E33022037,3583,1338,239,1099,2245,2066,179
E33022038,311,108,47,61,203,149,54
E33022039,483,170,50,120,313,236,77
E33022040,317,121,32,89,196,145,51
E33022041,294,87,32,55,207,155,52
E33022042,569,141,32,109,428,349,79
E33022043,271,107,40,67,164,126,38
E33022044,240,114,37,77,126,108,18
E33022045,319,78,21,57,241,198,43
E33022046,340,131,15,116,209,181,28
E33022047,305,105,32,73,200,179,21
E33022048,274,99,41,58,175,132,43
E33022049,659,249,96,153,410,333,77
E33022050,275,113,47,66,162,121,41
E33022051,1274,154,29,125,1120,1028,92
E33022052,816,143,33,110,673,549,124
E33022053,310,75,27,48,235,200,35
E33022054,270,89,16,73,181,151,30
E33022055,591,342,99,243,249,234,15
E33022056,263,73,29,44,190,160,30
E33022057,604,92,20,72,512,393,119
E33022058,251,102,26,76,149,120,29
E33022059,237,23,9,14,214,179,35
E33022060,512,150,38,112,362,301,61
E33022061,358,102,37,65,256,203,53
E33022062,310,107,36,71,203,164,39
E33022063,370,125,48,77,245,168,77
E33022064,622,86,29,57,536,452,84
E33022065,270,93,26,67,177,151,26
E33022066,1928,444,112,332,1484,1232,252
E33022067,306,103,31,72,203,130,73
E33022068,453,44,13,31,409,306,103
E33022069,329,66,24,42,263,195,68
E33022070,333,145,55,90,188,148,40
E33022071,569,215,85,130,354,262,92
E33022072,372,142,39,103,230,171,59
E33022073,321,141,54,87,180,130,50
E33022074,559,247,98,149,312,222,90
E33022075,275,90,38,52,185,135,50
E33022076,231,50,22,28,181,139,42
E33022077,333,102,26,76,231,176,55
E33022078,629,140,61,79,489,411,78
E33022079,656,146,40,106,510,442,68
E33022080,347,102,25,77,245,180,65
E33022081,452,105,43,62,347,268,79
E33022082,254,97,39,58,157,112,45
E33022083,252,77,34,43,175,110,65
E33022084,282,133,57,76,149,103,46
E33022085,314,109,40,69,205,137,68
E33022086,364,107,50,57,257,175,82
E33022087,347,118,54,64,229,178,51
E33022088,449,169,79,90,280,198,82
E33022089,348,137,64,73,211,146,65
E33022090,271,85,34,51,186,140,46
E33022091,592,237,84,153,355,279,76
E33022092,332,132,53,79,200,145,55
E33022093,459,179,72,107,280,212,68
E33022094,584,196,68,128,388,315,73
E33022095,840,289,98,191,551,427,124
E33022096,559,178,51,127,381,345,36
E33022097,279,127,60,67,152,113,39
E33022098,710,174,41,133,536,454,82
E33022099,350,85,31,54,265,220,45
E33022100,427,196,55,141,231,206,25
E33022101,329,106,31,75,223,183,40
E33022102,499,110,44,66,389,310,79
E33022103,387,167,68,99,220,171,49
E33022104,627,314,77,237,313,285,28
E33022105,702,197,63,134,505,372,133
E33022106,346,110,50,60,236,195,41
E33022107,255,128,48,80,127,94,33
E33022108,715,281,78,203,434,349,85
E33022109,539,140,38,102,399,335,64
E33022110,337,99,34,65,238,181,57
E33022111,339,102,36,66,237,167,70
E33022112,377,79,28,51,298,246,52
E33022113,352,125,58,67,227,173,54
E33022114,465,151,63,88,314,236,78
E33022115,279,94,21,73,185,150,35
E33022116,407,213,109,104,194,146,48
E33022117,303,134,45,89,169,113,56
E33022118,605,247,86,161,358,274,84
E33022119,360,121,52,69,239,178,61
E33022120,804,172,68,104,632,465,167
E33022121,466,197,60,137,269,223,46
E33022122,240,83,38,45,157,103,54
E33022123,483,209,88,121,274,176,98
E33022124,271,95,38,57,176,110,66
E33022125,457,196,67,129,261,196,65
E33022126,422,153,68,85,269,199,70
E33022127,277,121,41,80,156,116,40
E33022128,377,130,54,76,247,180,67
E33022129,315,146,51,95,169,126,43
E33022130,319,117,45,72,202,143,59
E33022131,341,43,14,29,298,223,75
E33022132,388,66,24,42,322,233,89
E33022133,434,179,46,133,255,200,55
E33022134,446,252,77,175,194,172,22
E33022135,402,155,73,82,247,184,63
E33022136,556,195,63,132,361,274,87
E33022137,270,116,51,65,154,100,54
E33022138,269,145,39,106,124,77,47
E33022139,293,103,40,63,190,157,33
E33022140,641,214,88,126,427,346,81
E33022141,725,262,47,215,463,377,86
E33022142,760,243,80,163,517,380,137
E33022143,397,105,42,63,292,213,79
E33022144,565,229,108,121,336,275,61
E33022145,261,62,26,36,199,159,40
E33022146,276,93,40,53,183,139,44
E33022147,348,100,48,52,248,197,51
E33022148,390,129,45,84,261,212,49
E33022149,495,171,61,110,324,241,83
E33022150,577,268,92,176,309,259,50
E33022151,442,240,77,163,202,174,28
E33022152,273,95,26,69,178,148,30
E33022153,374,142,50,92,232,194,38
E33022154,356,126,47,79,230,183,47
E33022155,317,112,45,67,205,158,47
E33022156,297,87,34,53,210,181,29
E33022157,744,184,38,146,560,464,96
E33022158,584,100,42,58,484,429,55
E33022159,678,131,34,97,547,481,66
E33022160,715,74,29,45,641,537,104
E33022161,476,206,89,117,270,227,43
E33022162,268,88,28,60,180,148,32
E33022163,268,72,28,44,196,147,49
E33022164,821,162,42,120,659,543,116
E33022165,320,75,20,55,245,203,42
E33022166,276,90,31,59,186,144,42
E33022167,252,69,31,38,183,131,52
E33022168,295,140,28,112,155,128,27
E33022169,276,139,36,103,137,106,31
E33022170,241,77,31,46,164,104,60
E33022171,332,145,63,82,187,151,36
E33022172,264,108,44,64,156,123,33
E33022173,301,136,56,80,165,132,33
E33022174,253,103,41,62,150,127,23
E33022175,446,174,27,147,272,241,31
E33022176,290,56,9,47,234,176,58
E33022177,289,108,21,87,181,152,29
E33022178,652,144,43,101,508,435,73
E33022179,633,127,31,96,506,378,128
E33022180,316,112,38,74,204,159,45
E33022181,1769,264,70,194,1505,1322,183
E33022182,546,54,16,38,492,398,94
E33022183,277,94,36,58,183,150,33
E33022184,236,91,17,74,145,124,21
E33022185,1300,508,114,394,792,664,128
E33022186,321,123,42,81,198,163,35
E33022187,317,113,36,77,204,158,46
E33022188,330,130,47,83,200,152,48
E33022189,551,109,44,65,442,359,83
E33022190,301,110,36,74,191,149,42
E33022191,254,98,28,70,156,118,38
E33022192,286,95,33,62,191,138,53
E33022193,357,147,44,103,210,177,33
E33022194,474,79,26,53,395,324,71
E33022195,369,115,29,86,254,215,39
E33022196,248,96,31,65,152,127,25
E33022197,401,206,48,158,195,179,16
E33022198,717,172,33,139,545,418,127
E33022199,241,101,26,75,140,126,14
E33022200,709,182,29,153,527,474,53
E33022201,487,137,47,90,350,314,36
E33022202,557,102,26,76,455,404,51
E33022203,229,89,21,68,140,127,13
E33022204,702,249,71,178,453,391,62
E33022205,524,166,68,98,358,322,36
E33022206,276,115,40,75,161,133,28
E33022207,473,191,64,127,282,217,65
E33022208,318,89,27,62,229,201,28
E33022209,382,86,25,61,296,243,53
E33022210,374,94,30,64,280,200,80
E33022211,295,95,34,61,200,151,49
E33022212,700,306,122,184,394,326,68
E33022213,287,139,48,91,148,106,42
E33022214,371,133,39,94,238,177,61
E33022215,376,177,83,94,199,134,65
E33022216,291,139,55,84,152,121,31
E33022217,313,125,43,82,188,149,39
E33022218,423,127,53,74,296,225,71
E33022219,314,146,52,94,168,134,34
E33022220,340,123,45,78,217,164,53
E33022221,294,140,47,93,154,126,28
E33022222,273,98,48,50,175,141,34
E33022223,299,98,37,61,201,151,50
E33022224,315,111,40,71,204,150,54
E33022225,352,151,45,106,201,176,25
E33022226,326,118,49,69,208,139,69
E33022227,518,120,53,67,398,292,106
E33022228,309,112,42,70,197,129,68
E33022229,335,127,54,73,208,136,72
E33022230,260,109,48,61,151,102,49
E33022231,448,153,68,85,295,217,78
E33022232,578,295,123,172,283,235,48
E33022233,435,161,63,98,274,197,77
E33022234,644,318,110,208,326,244,82
E33022235,331,91,34,57,240,180,60
E33022236,325,119,66,53,206,130,76
E33022237,345,65,30,35,280,196,84
E33022238,339,102,39,63,237,170,67
E33022239,582,160,58,102,422,310,112
E33022240,889,277,115,162,612,439,173
E33022241,407,118,50,68,289,206,83
E33022242,279,109,48,61,170,113,57
E33022243,355,140,53,87,215,156,59
E33022244,297,100,33,67,197,143,54
E33022245,406,128,42,86,278,217,61
E33022246,480,236,89,147,244,183,61
E33022247,297,78,32,46,219,138,81
E33022248,324,143,54,89,181,144,37
E33022249,328,112,52,60,216,158,58
E33022250,317,75,32,43,242,154,88
E33022251,530,48,19,29,482,426,56
E33022252,433,189,47,142,244,187,57
E33022253,356,110,50,60,246,184,62
E33022254,390,118,52,66,272,200,72
E33022255,437,104,35,69,333,257,76
E33022256,439,230,76,154,209,168,41
E33022257,330,122,42,80,208,154,54
E33022258,327,91,26,65,236,190,46
E33022259,668,107,34,73,561,474,87
E33022260,377,130,65,65,247,194,53
E33022261,460,178,54,124,282,227,55
E33022262,259,109,43,66,150,107,43
E33022263,652,182,66,116,470,364,106
E33022264,481,159,69,90,322,244,78
E33022265,262,117,28,89,145,128,17
E33022266,300,99,37,62,201,168,33
E33022267,445,233,68,165,212,182,30
E33022268,263,103,31,72,160,129,31
E33022269,341,142,67,75,199,144,55
E33022270,627,246,97,149,381,288,93
E33022271,403,158,80,78,245,193,52
E33022272,372,110,35,75,262,195,67
E33022273,270,89,33,56,181,138,43
E33022274,235,80,50,30,155,119,36
E33022275,548,141,51,90,407,331,76
E33022276,770,438,153,285,332,265,67
E33022277,349,142,63,79,207,155,52
E33022278,336,160,66,94,176,133,43
E33022279,252,109,42,67,143,113,30
E33022280,226,94,27,67,132,108,24
E33022281,472,140,49,91,332,260,72
E33022282,513,215,72,143,298,254,44
E33022283,307,103,39,64,204,145,59
E33022284,315,103,52,51,212,158,54
E33022285,316,112,53,59,204,136,68
E33022286,731,235,74,161,496,379,117
E33022287,398,135,64,71,263,183,80
E33022288,525,166,79,87,359,235,124
E33022289,300,114,40,74,186,147,39
E33022290,681,309,109,200,372,300,72
E33022291,550,242,93,149,308,234,74
E33022292,427,191,69,122,236,168,68
E33022293,276,112,48,64,164,97,67
E33022294,299,129,56,73,170,122,48
E33022295,583,208,60,148,375,282,93
E33022296,269,56,24,32,213,159,54
E33022297,370,145,25,120,225,194,31
E33022298,235,86,31,55,149,115,34
E33022299,405,132,48,84,273,186,87
E33022300,351,103,43,60,248,140,108
E33022301,384,90,29,61,294,169,125
E33022302,484,218,78,140,266,202,64
E33022303,582,86,34,52,496,376,120
E33022304,301,105,39,66,196,142,54
E33022305,282,114,45,69,168,128,40
E33022306,442,235,87,148,207,169,38
E33022307,316,76,29,47,240,192,48
E33022308,428,219,56,163,209,184,25
E33022309,584,134,36,98,450,356,94
E33022310,678,225,82,143,453,351,102
E33022311,336,112,55,57,224,166,58
E33022312,665,157,60,97,508,386,122
E33022313,293,102,40,62,191,125,66
E33022314,419,77,28,49,342,268,74
E33022315,431,161,57,104,270,174,96
E33022316,639,258,102,156,381,289,92
E33022317,504,64,23,41,440,353,87
E33022318,287,81,29,52,206,147,59
E33022319,660,175,46,129,485,423,62
E33022320,391,114,52,62,277,166,111
E33022321,441,157,62,95,284,171,113
E33022322,294,105,36,69,189,148,41
E33022323,1510,190,45,145,1320,1032,288
E33022324,269,89,36,53,180,100,80
E33022325,1110,201,60,141,909,756,153
E33022326,995,123,32,91,872,698,174
E33022327,524,231,75,156,293,229,64
E33022328,419,113,45,68,306,254,52
E33022329,305,124,42,82,181,144,37
E33022330,263,96,31,65,167,128,39
E33022331,809,133,47,86,676,504,172
E33022332,246,122,54,68,124,93,31
E33022333,383,120,45,75,263,189,74
E33022334,231,97,47,50,134,89,45
E33022335,356,134,69,65,222,153,69
E33022336,429,165,60,105,264,226,38
E33022337,2188,789,187,602,1399,1238,161
E33022338,419,134,50,84,285,232,53
E33022339,838,101,35,66,737,615,122
E33022340,291,95,22,73,196,154,42
E33022341,528,123,34,89,405,317,88
E33022342,357,125,21,104,232,214,18
E33022343,367,95,32,63,272,225,47
E33022344,424,213,76,137,211,187,24
E33022345,493,160,57,103,333,270,63
E33022346,465,85,18,67,380,303,77
E33022347,375,136,63,73,239,168,71
E33022348,1133,380,107,273,753,655,98
E33022349,298,110,26,84,188,171,17
E33022350,1362,146,48,98,1216,1080,136
E33022351,1013,91,38,53,922,861,61
E33022352,371,122,51,71,249,187,62
E33022353,259,93,17,76,166,135,31
E33022354,736,126,45,81,610,372,238
E33022355,489,226,70,156,263,204,59
E33022356,348,112,39,73,236,162,74
E33022357,310,124,54,70,186,129,57
E33022358,316,133,54,79,183,144,39
E33022359,633,267,92,175,366,315,51
E33022360,444,94,35,59,350,286,64
E33022361,426,129,56,73,297,234,63
E33022362,320,122,60,62,198,135,63
E33022363,487,193,84,109,294,217,77
E33022364,331,132,58,74,199,148,51
E33022365,275,99,49,50,176,137,39
E33022366,320,136,51,85,184,146,38
E33022367,307,144,56,88,163,108,55
E33022368,297,106,37,69,191,136,55
E33022369,341,102,34,68,239,134,105
E33022370,279,120,54,66,159,86,73
E33022371,334,112,44,68,222,127,95
E33022372,524,173,62,111,351,238,113
E33022373,452,152,50,102,300,225,75
E33022374,501,283,149,134,218,182,36
E33022375,247,70,23,47,177,151,26
E33022376,411,147,52,95,264,215,49
E33022377,391,134,60,74,257,148,109
E33022378,445,100,24,76,345,299,46
E33022379,265,73,21,52,192,104,88
E33022380,376,165,40,125,211,168,43
E33022381,430,177,35,142,253,209,44
E33022382,319,81,37,44,238,174,64
E33022383,256,71,35,36,185,101,84
E33022384,286,113,49,64,173,126,47
E33022385,564,204,70,134,360,267,93
E33022386,331,141,60,81,190,141,49
E33022387,303,118,34,84,185,136,49
E33022388,452,130,44,86,322,240,82
E33022389,387,162,42,120,225,202,23
E33022390,562,230,92,138,332,261,71
E33022391,283,103,44,59,180,123,57
E33022392,497,88,31,57,409,325,84
E33022393,254,90,23,67,164,119,45
E33022394,578,192,54,138,386,355,31
E33022395,319,72,18,54,247,193,54
E33022396,297,56,21,35,241,222,19
E33022397,461,157,33,124,304,267,37
E33022398,263,118,36,82,145,110,35
E33022399,388,126,39,87,262,201,61
E33022400,341,107,30,77,234,203,31
E33022401,233,95,31,64,138,105,33
E33022402,300,118,47,71,182,142,40
E33022403,307,93,25,68,214,170,44
E33022404,519,112,30,82,407,349,58
E33022405,480,135,49,86,345,285,60
E33022406,936,313,83,230,623,579,44
E33022407,331,121,30,91,210,184,26
E33022408,358,142,63,79,216,162,54
E33022409,468,200,84,116,268,189,79
E33022410,967,116,42,74,851,746,105
E33022411,430,102,44,58,328,212,116
E33022412,415,70,28,42,345,226,119
E33022413,337,110,52,58,227,132,95
E33022414,278,77,31,46,201,104,97
E33022415,244,66,23,43,178,112,66
E33022416,634,173,52,121,461,291,170
E33022417,363,183,81,102,180,129,51
E33022418,380,122,43,79,258,192,66
E33022419,244,95,49,46,149,82,67
E33022420,262,104,38,66,158,129,29
E33022421,455,175,72,103,280,217,63
E33022422,339,61,25,36,278,116,162
E33022423,606,170,54,116,436,383,53
E33022424,329,138,41,97,191,149,42
E33022425,253,111,34,77,142,100,42
E33022426,394,159,60,99,235,156,79
E33022427,422,128,45,83,294,225,69
E33022428,268,96,40,56,172,110,62
E33022429,384,70,27,43,314,251,63
E33022430,319,92,36,56,227,139,88
E33022431,302,97,41,56,205,131,74
E33022432,787,35,14,21,752,656,96
E33022433,532,274,92,182,258,218,40
E33022434,342,134,45,89,208,160,48
E33022435,430,148,62,86,282,247,35
E33022436,643,247,102,145,396,286,110
E33022437,330,84,24,60,246,164,82
E33022438,327,78,29,49,249,175,74
E33022439,457,156,52,104,301,225,76
E33022440,491,188,63,125,303,215,88
E33022441,610,152,48,104,458,344,114
E33022442,652,222,75,147,430,296,134
E33022443,380,102,35,67,278,194,84
E33022444,1078,153,58,95,925,747,178
E33022445,293,104,54,50,189,117,72
E33022446,256,113,46,67,143,104,39
E33022447,364,124,46,78,240,156,84
E33022448,374,107,29,78,267,221,46
E33022449,492,248,72,176,244,189,55
E33022450,305,86,24,62,219,175,44
E33022451,769,328,90,238,441,368,73
E33022452,269,107,26,81,162,127,35
E33022453,327,85,31,54,242,195,47
E33022454,345,111,45,66,234,180,54
E33022455,663,161,60,101,502,404,98
E33022456,512,150,66,84,362,251,111
E33022457,1554,248,49,199,1306,1097,209
E33022458,461,165,63,102,296,215,81
E33022459,392,133,40,93,259,192,67
E33022460,508,172,66,106,336,248,88
E33022461,360,124,32,92,236,209,27
E33022462,293,116,52,64,177,129,48
E33022463,303,61,19,42,242,165,77
E33022464,437,144,41,103,293,230,63
E33022465,510,193,54,139,317,239,78
E33022466,274,94,28,66,180,141,39
E33022467,514,247,89,158,267,203,64
E33022468,295,157,39,118,138,103,35
E33022469,353,102,33,69,251,191,60
E33022470,325,136,59,77,189,132,57
E33022471,1400,170,58,112,1230,1063,167
E33022472,339,122,54,68,217,149,68
E33022473,302,91,32,59,211,163,48
E33022474,415,116,60,56,299,225,74
E33022475,942,134,36,98,808,630,178
E33022476,391,124,41,83,267,197,70
E33022477,537,207,84,123,330,242,88
E33022478,404,160,38,122,244,201,43
E33022479,566,214,83,131,352,269,83
E33022480,704,393,161,232,311,240,71
E33022481,283,122,44,78,161,122,39
E33022482,293,92,41,51,201,152,49
E33022483,320,71,24,47,249,190,59
E33022484,272,94,31,63,178,129,49
E33022485,481,189,82,107,292,202,90
E33022486,400,182,71,111,218,162,56
E33022487,348,134,39,95,214,148,66
E33022488,420,179,64,115,241,168,73
E33022489,623,189,71,118,434,288,146
E33022490,519,177,53,124,342,281,61
E33022491,285,98,42,56,187,130,57
E33022492,329,96,32,64,233,178,55
E33022493,444,202,47,155,242,201,41
E33022494,407,151,56,95,256,186,70
E33022495,251,76,27,49,175,141,34
E33022496,313,133,44,89,180,124,56
E33022497,267,88,23,65,179,143,36
E33022498,295,96,43,53,199,136,63
E33022499,268,85,36,49,183,130,53
E33022500,831,161,46,115,670,540,130
E33022501,871,178,56,122,693,586,107
E33022502,298,96,29,67,202,149,53
E33022503,340,119,47,72,221,142,79
E33022504,643,188,66,122,455,342,113
E33022505,364,163,52,111,201,147,54
E33022506,427,211,70,141,216,148,68
E33022507,345,83,37,46,262,191,71
E33022508,266,101,32,69,165,123,42
E33022509,563,100,33,67,463,352,111
E33022510,592,86,29,57,506,401,105
E33022511,403,159,36,123,244,199,45
E33022512,888,129,44,85,759,635,124
E33022513,549,244,95,149,305,247,58
E33022514,260,112,32,80,148,114,34
E33022515,474,150,44,106,324,243,81
E33022516,346,106,44,62,240,150,90
E33022517,400,100,44,56,300,178,122
E33022518,924,130,35,95,794,501,293
E33022519,625,237,79,158,388,321,67
E33022520,539,183,65,118,356,256,100
E33022521,325,110,28,82,215,162,53
E33022522,344,146,62,84,198,140,58
E33022523,308,112,49,63,196,137,59
E33022524,414,112,42,70,302,252,50
E33022525,288,115,43,72,173,133,40
E33022526,425,146,47,99,279,219,60
E33022527,590,152,32,120,438,378,60
E33022528,351,126,33,93,225,177,48
E33022529,261,130,48,82,131,106,25
E33022530,368,58,20,38,310,230,80
E33022531,798,334,88,246,464,407,57
E33022532,294,66,30,36,228,164,64
E33022533,323,156,61,95,167,133,34
E33022534,694,124,30,94,570,460,110
E33022535,324,74,19,55,250,189,61
E33022536,316,109,29,80,207,149,58
E33022537,385,126,42,84,259,200,59
E33022538,240,85,24,61,155,127,28
E33022539,460,194,33,161,266,233,33
E33022540,350,46,15,31,304,290,14
E33022541,321,73,29,44,248,204,44
E33022542,458,202,66,136,256,225,31
E33022543,264,109,40,69,155,115,40
E33022544,374,111,15,96,263,220,43
E33022545,348,138,41,97,210,153,57
E33022546,300,93,38,55,207,151,56
E33022547,315,133,52,81,182,144,38
E33022548,284,116,37,79,168,122,46
E33022549,300,119,39,80,181,146,35
E33022550,396,144,49,95,252,174,78
E33022551,338,67,26,41,271,221,50
E33022552,436,130,44,86,306,246,60
E33022553,294,142,34,108,152,127,25
E33022554,250,99,36,63,151,113,38
E33022555,653,249,96,153,404,336,68
E33022556,589,136,40,96,453,345,108
E33022557,302,119,31,88,183,150,33
E33022558,289,109,39,70,180,142,38
E33022559,482,197,58,139,285,222,63
E33022560,303,116,45,71,187,130,57
E33022561,654,170,36,134,484,419,65
E33022562,332,148,34,114,184,178,6
E33022563,414,160,57,103,254,189,65
E33022564,445,124,45,79,321,244,77
E33022565,328,120,39,81,208,146,62
E33022566,294,100,39,61,194,137,57
E33022567,359,164,57,107,195,166,29
E33022568,864,364,91,273,500,432,68
E33022569,432,160,51,109,272,209,63
E33022570,343,126,53,73,217,164,53
E33022571,392,161,52,109,231,181,50
E33022572,273,95,31,64,178,142,36
E33022573,410,166,65,101,244,181,63
E33022574,392,178,74,104,214,177,37
E33022575,503,67,15,52,436,358,78
E33022576,409,107,39,68,302,246,56
E33022577,259,107,25,82,152,130,22
E33022578,358,160,52,108,198,141,57
E33022579,308,99,35,64,209,149,60
E33022580,795,108,31,77,687,576,111
E33022581,288,80,33,47,208,171,37
E33022582,611,56,19,37,555,427,128
E33022583,371,88,41,47,283,202,81
E33022584,353,145,63,82,208,143,65
E33022585,342,139,35,104,203,152,51
E33022586,398,141,62,79,257,181,76
E33022587,234,91,37,54,143,85,58
E33022588,591,144,52,92,447,360,87
E33022589,867,85,35,50,782,475,307
E33022590,318,89,31,58,229,163,66
E33022591,543,223,65,158,320,230,90
E33022592,293,70,16,54,223,174,49
E33022593,401,122,41,81,279,216,63
E33022594,668,179,37,142,489,441,48
E33022595,1458,181,62,119,1277,1088,189
E33022596,890,115,31,84,775,654,121
E33022597,332,128,62,66,204,151,53
E33022598,293,109,40,69,184,139,45
E33022599,617,256,97,159,361,271,90
E33022600,224,47,15,32,177,122,55
E33022601,419,102,34,68,317,228,89
E33022602,440,90,32,58,350,275,75
E33022603,294,103,38,65,191,137,54
E33022604,515,78,23,55,437,345,92
E33022605,311,97,26,71,214,164,50
E33022606,537,227,70,157,310,261,49
E33022607,361,154,45,109,207,167,40
E33022608,240,87,30,57,153,122,31
E33022609,300,78,31,47,222,166,56
E33022610,312,123,43,80,189,138,51
E33022611,586,112,36,76,474,391,83
E33022612,295,103,41,62,192,150,42
E33022613,320,135,49,86,185,139,46
E33022614,450,143,50,93,307,205,102
E33022615,301,100,44,56,201,144,57
E33022616,417,167,64,103,250,187,63
E33022617,460,186,69,117,274,228,46
E33022618,285,111,51,60,174,142,32
E33022619,655,349,120,229,306,263,43
E33022620,784,316,86,230,468,403,65
E33022621,349,114,30,84,235,180,55
E33022622,293,125,42,83,168,124,44
E33022623,334,138,62,76,196,130,66
E33022624,519,200,83,117,319,222,97
E33022625,414,146,45,101,268,213,55
E33022626,245,116,49,67,129,88,41
E33022627,263,98,31,67,165,123,42
E33022628,379,151,44,107,228,186,42
E33022629,356,134,44,90,222,170,52
E33022630,303,114,50,64,189,142,47
E33022631,285,113,48,65,172,121,51
E33022632,498,197,95,102,301,233,68
E33022633,452,184,56,128,268,179,89
E33022634,307,98,42,56,209,113,96
E33022635,326,103,38,65,223,138,85
E33022636,366,133,59,74,233,150,83
E33022637,258,115,59,56,143,114,29
E33022638,291,102,41,61,189,141,48
E33022639,463,196,68,128,267,197,70
E33022640,476,76,22,54,400,270,130
E33022641,264,100,46,54,164,112,52
E33022642,224,87,38,49,137,95,42
E33022643,256,79,32,47,177,139,38
E33022644,347,105,50,55,242,176,66
E33022645,244,75,27,48,169,136,33
E33022646,396,128,47,81,268,187,81
E33022647,435,179,83,96,256,181,75
E33022648,376,106,28,78,270,181,89
E33022649,373,112,37,75,261,198,63
E33022650,232,59,17,42,173,135,38
E33022651,459,201,62,139,258,199,59
E33022652,234,71,21,50,163,117,46
E33022653,333,108,34,74,225,172,53
E33022654,493,225,78,147,268,206,62
E33022655,352,141,35,106,211,164,47
E33022656,322,104,51,53,218,160,58
E33022657,508,210,92,118,298,214,84
E33022658,688,244,85,159,444,344,100
E33022659,461,151,70,81,310,222,88
E33022660,474,215,83,132,259,216,43
E33022661,561,147,55,92,414,247,167
E33022662,540,187,76,111,353,250,103
E33022663,317,124,58,66,193,138,55
E33022664,516,107,47,60,409,342,67
E33022665,644,261,117,144,383,284,99
E33022666,371,121,55,66,250,159,91
E33022667,292,82,33,49,210,169,41
E33022668,576,113,42,71,463,288,175
E33022669,434,139,53,86,295,222,73
E33022670,438,210,81,129,228,187,41
E33022671,491,192,53,139,299,180,119
E33022672,326,127,50,77,199,154,45
E33022673,312,109,50,59,203,126,77
E33022674,267,95,35,60,172,115,57
E33022675,569,152,49,103,417,302,115
E33022676,271,84,35,49,187,142,45
E33022677,462,142,53,89,320,223,97
E33022678,285,93,38,55,192,135,57
E33022679,252,86,25,61,166,134,32
E33022680,253,96,36,60,157,104,53
E33022681,311,116,55,61,195,157,38
E33022682,426,182,48,134,244,196,48
E33022683,394,133,61,72,261,188,73
E33022684,412,120,52,68,292,188,104
E33022685,493,159,49,110,334,264,70
E33022686,237,76,37,39,161,123,38
E33022687,362,173,58,115,189,148,41
E33022688,419,154,53,101,265,228,37
E33022689,1176,606,271,335,570,510,60
E33022690,521,105,38,67,416,341,75
E33022691,268,92,27,65,176,152,24
E33022692,369,50,11,39,319,272,47
E33022693,481,205,95,110,276,234,42
E33022694,499,101,32,69,398,336,62
E33022695,355,89,38,51,266,237,29
E33022696,564,102,26,76,462,405,57
E33022697,1062,196,61,135,866,737,129
E33022698,259,125,52,73,134,90,44
E33022699,341,119,48,71,222,154,68
E33022700,278,109,41,68,169,132,37
E33022701,1069,169,38,131,900,800,100
E33022702,228,91,45,46,137,91,46
E33022703,641,215,77,138,426,345,81
E33022704,409,139,48,91,270,213,57
E33022705,297,100,30,70,197,155,42
E33022706,667,177,49,128,490,378,112
E33022707,273,109,46,63,164,131,33
E33022708,305,114,49,65,191,141,50
E33022709,356,169,57,112,187,139,48
E33022710,280,102,43,59,178,131,47
E33022711,358,162,71,91,196,149,47
E33022712,245,113,50,63,132,97,35
E33022713,304,106,37,69,198,146,52
E33022714,320,111,31,80,209,164,45
E33022715,422,89,37,52,333,269,64
E33022716,524,167,61,106,357,264,93
E33022717,282,118,50,68,164,109,55
E33022718,743,101,33,68,642,499,143
E33022719,379,132,59,73,247,176,71
E33022720,366,91,33,58,275,192,83
E33022721,502,213,73,140,289,220,69
E33022722,295,107,44,63,188,131,57
E33022723,531,142,54,88,389,325,64
E33022724,254,84,36,48,170,107,63
E33022725,278,93,41,52,185,142,43
E33022726,244,108,44,64,136,100,36
E33022727,674,117,47,70,557,443,114
E33022728,431,97,26,71,334,227,107
E33022729,354,117,44,73,237,183,54
E33022730,290,92,32,60,198,122,76
E33022731,382,158,80,78,224,160,64
E33022732,670,144,43,101,526,376,150
E33022733,392,148,60,88,244,150,94
E33022734,328,88,35,53,240,183,57
E33022735,443,182,71,111,261,202,59
E33022736,423,155,67,88,268,168,100
E33022737,574,214,65,149,360,290,70
E33022738,303,123,58,65,180,128,52
E33022739,234,84,40,44,150,90,60
E33022740,311,97,30,67,214,133,81
E33022741,393,123,40,83,270,219,51
E33022742,320,141,49,92,179,125,54
E33022743,250,82,35,47,168,120,48
E33022744,388,200,91,109,188,130,58
E33022745,581,225,85,140,356,290,66
E33022746,387,157,56,101,230,200,30
E33022747,395,142,45,97,253,192,61
E33022748,258,116,69,47,142,107,35
E33022749,426,156,71,85,270,204,66
E33022750,678,181,65,116,497,397,100
E33022751,366,165,70,95,201,148,53
E33022752,229,74,24,50,155,128,27
E33022753,380,128,56,72,252,211,41
E33022754,324,144,67,77,180,147,33
E33022755,233,88,42,46,145,97,48
E33022756,376,121,50,71,255,170,85
E33022757,227,64,31,33,163,119,44
E33022758,235,77,45,32,158,110,48
E33022759,263,106,56,50,157,91,66
E33022760,268,110,46,64,158,108,50
E33022761,552,200,94,106,352,275,77
E33022762,400,216,72,144,184,163,21
E33022763,600,105,50,55,495,417,78
E33022764,685,145,78,67,540,458,82
E33022765,466,84,23,61,382,287,95
E33022766,349,106,44,62,243,195,48
E33022767,332,110,30,80,222,176,46
E33022768,285,109,40,69,176,138,38
E33022769,471,106,41,65,365,288,77
E33022770,396,145,49,96,251,184,67
E33022771,273,105,44,61,168,104,64
E33022772,256,79,38,41,177,106,71
E33022773,449,208,64,144,241,197,44
E33022774,308,129,47,82,179,143,36
E33022775,297,140,48,92,157,133,24
E33022776,257,90,33,57,167,137,30
E33022777,631,199,86,113,432,368,64
E33022778,413,117,52,65,296,222,74
E33022779,285,105,29,76,180,145,35
E33022780,268,102,41,61,166,135,31
E33022781,502,169,60,109,333,275,58
E33022782,252,116,54,62,136,103,33
E33022783,327,92,31,61,235,186,49
E33022784,251,88,44,44,163,129,34
E33022785,264,79,23,56,185,157,28
E33022786,449,114,30,84,335,274,61
E33022787,269,95,40,55,174,138,36
E33022788,652,189,44,145,463,395,68
E33022789,270,89,25,64,181,140,41
E33022790,407,96,31,65,311,245,66
E33022791,474,117,35,82,357,291,66
E33022792,270,86,35,51,184,144,40
E33022793,294,67,19,48,227,204,23
E33022794,264,118,38,80,146,117,29
E33022795,283,83,40,43,200,149,51
E33022796,342,121,41,80,221,165,56
E33022797,391,61,18,43,330,269,61
E33022798,1143,205,58,147,938,793,145
E33022799,343,118,41,77,225,184,41
E33022800,477,239,79,160,238,214,24
E33022801,323,138,52,86,185,151,34
E33022802,394,170,64,106,224,179,45
E33022803,243,81,29,52,162,122,40
E33022804,317,141,71,70,176,141,35
E33022805,484,112,33,79,372,300,72
E33022806,536,99,35,64,437,330,107
E33022807,452,191,35,156,261,233,28
E33022808,859,209,47,162,650,556,94
E33022809,305,99,40,59,206,158,48
E33022810,264,114,53,61,150,119,31
E33022811,510,193,58,135,317,231,86
E33022812,2402,887,183,704,1515,1361,154
E33022813,321,54,19,35,267,215,52
E33022814,484,180,86,94,304,230,74
E33022815,459,177,50,127,282,248,34
E33022816,335,89,30,59,246,180,66
E33022817,316,128,50,78,188,145,43
E33022818,617,274,112,162,343,256,87
E33022819,503,223,60,163,280,258,22
E33022820,418,171,58,113,247,194,53
E33022821,408,169,63,106,239,180,59
E33022822,315,130,59,71,185,140,45
E33022823,410,125,54,71,285,241,44
E33022824,347,115,38,77,232,193,39
E33022825,598,82,29,53,516,490,26
E33022826,552,225,80,145,327,260,67
E33022827,395,151,54,97,244,189,55
E33022828,270,121,39,82,149,100,49
E33022829,282,66,21,45,216,176,40
E33022830,247,82,36,46,165,117,48
E33022831,563,204,84,120,359,254,105
E33022832,286,90,36,54,196,147,49
E33022833,411,161,50,111,250,184,66
E33022834,316,107,25,82,209,163,46
E33022835,356,123,48,75,233,178,55
E33022836,267,97,40,57,170,139,31
E33022837,394,174,79,95,220,169,51
E33022838,439,161,65,96,278,206,72
E33022839,482,194,89,105,288,226,62
E33022840,713,307,128,179,406,292,114
E33022841,320,131,64,67,189,143,46
E33022842,359,109,51,58,250,205,45
E33022843,301,133,68,65,168,118,50
E33022844,303,68,16,52,235,184,51
E33022845,419,168,61,107,251,173,78
E33022846,397,144,59,85,253,209,44
E33022847,273,139,62,77,134,102,32
E33022848,446,187,81,106,259,182,77
E33022849,478,219,71,148,259,221,38
E33022850,359,145,56,89,214,146,68
E33022851,489,148,57,91,341,273,68
E33022852,302,122,35,87,180,142,38
E33022853,533,197,76,121,336,261,75
E33022854,572,212,86,126,360,263,97
E33022855,281,113,48,65,168,134,34
E33022856,398,104,42,62,294,238,56
E33022857,455,131,30,101,324,264,60
E33022858,344,110,46,64,234,181,53
E33022859,542,179,61,118,363,297,66
E33022860,356,140,47,93,216,177,39
E33022861,385,152,57,95,233,185,48
E33022862,250,102,47,55,148,102,46
E33022863,277,111,40,71,166,130,36
E33022864,430,130,42,88,300,222,78
E33022865,263,92,29,63,171,138,33
E33022866,329,106,27,79,223,170,53
E33022867,631,292,88,204,339,252,87
E33022868,303,110,49,61,193,133,60
E33022869,279,113,45,68,166,123,43
E33022870,299,100,38,62,199,149,50
E33022871,342,129,48,81,213,165,48
E33022872,451,153,45,108,298,242,56
E33022873,472,193,61,132,279,217,62
E33022874,458,150,38,112,308,251,57
E33022875,504,131,53,78,373,301,72
E33022876,288,104,37,67,184,160,24
E33022877,269,84,47,37,185,140,45
E33022878,357,127,36,91,230,179,51
E33022879,235,100,29,71,135,115,20
E33022880,845,393,69,324,452,401,51
E33022881,355,129,47,82,226,184,42
E33022882,369,94,31,63,275,227,48
E33022883,542,159,56,103,383,277,106
E33022884,372,136,58,78,236,191,45
E33022885,650,237,76,161,413,377,36
E33022886,679,282,92,190,397,309,88
E33022887,263,125,44,81,138,101,37
E33022888,306,102,42,60,204,153,51
E33022889,324,124,49,75,200,163,37
E33022890,644,262,97,165,382,270,112
E33022891,951,211,60,151,740,601,139
E33022892,368,170,66,104,198,149,49
E33022893,422,141,60,81,281,205,76
E33022894,367,90,31,59,277,188,89
E33022895,326,90,45,45,236,159,77
E33022896,259,92,44,48,167,104,63
E33022897,339,94,41,53,245,162,83
E33022898,259,91,30,61,168,113,55
E33022899,487,206,64,142,281,234,47
E33022900,299,99,40,59,200,142,58
E33022901,239,99,34,65,140,108,32
E33022902,483,183,68,115,300,224,76
E33022903,318,88,36,52,230,170,60
E33022904,307,104,45,59,203,133,70
E33022905,403,141,58,83,262,151,111
E33022906,315,152,71,81,163,103,60
E33022907,386,122,53,69,264,172,92
E33022908,231,87,24,63,144,104,40
E33022909,385,142,42,100,243,190,53
E33022910,311,86,36,50,225,161,64
E33022911,420,155,59,96,265,209,56
E33022912,292,134,53,81,158,111,47
E33022913,262,110,43,67,152,96,56
E33022914,273,94,33,61,179,129,50
E33022915,303,110,48,62,193,126,67
E33022916,268,78,32,46,190,127,63
E33022917,268,112,47,65,156,107,49
E33022918,322,82,37,45,240,177,63
E33022919,290,87,41,46,203,159,44
E33022920,419,129,38,91,290,224,66
E33022921,650,251,65,186,399,327,72
E33022922,481,141,34,107,340,300,40
E33022923,429,146,63,83,283,201,82
E33022924,620,213,75,138,407,318,89
E33022925,576,192,60,132,384,296,88
E33022926,440,114,44,70,326,252,74
E33022927,293,110,30,80,183,137,46
E33022928,277,72,26,46,205,156,49
E33022929,240,103,33,70,137,107,30
E33022930,302,128,50,78,174,131,43
E33022931,281,112,46,66,169,128,41
E33022932,352,145,57,88,207,160,47
E33022933,892,410,107,303,482,381,101
E33022934,291,110,42,68,181,129,52
E33022935,758,137,51,86,621,465,156
E33022936,448,154,49,105,294,193,101
E33022937,309,107,45,62,202,126,76
E33022938,525,210,72,138,315,259,56
E33022939,334,141,32,109,193,166,27
E33022940,361,100,37,63,261,188,73
E33022941,1636,177,46,131,1459,1325,134
E33022942,483,214,91,123,269,159,110
E33022943,585,201,54,147,384,328,56
E33022944,647,312,128,184,335,285,50
E33022945,370,144,63,81,226,165,61
E33022946,633,279,108,171,354,303,51
E33022947,277,76,27,49,201,160,41
E33022948,305,115,57,58,190,143,47
E33022949,570,236,85,151,334,242,92
E33022950,304,113,42,71,191,118,73
E33022951,244,54,18,36,190,160,30
E33022952,351,105,46,59,246,140,106
E33022953,241,84,28,56,157,117,40
E33022954,241,95,41,54,146,94,52
E33022955,292,83,33,50,209,134,75
E33022956,299,120,50,70,179,123,56
E33022957,392,162,82,80,230,183,47
E33022958,356,68,13,55,288,266,22
E33022959,1286,313,105,208,973,886,87
E33022960,327,83,26,57,244,186,58
E33022961,454,120,46,74,334,292,42
E33022962,370,171,45,126,199,166,33
E33022963,495,205,52,153,290,225,65
E33022964,328,102,26,76,226,164,62
E33022965,240,64,20,44,176,163,13
E33022966,400,115,25,90,285,258,27
E33022967,376,149,34,115,227,195,32
E33022968,272,95,30,65,177,139,38
E33022969,420,146,32,114,274,241,33
E33022970,575,233,81,152,342,298,44
E33022971,680,380,149,231,300,278,22
E33022972,384,72,15,57,312,251,61
E33022973,326,116,44,72,210,160,50
E33022974,1479,339,85,254,1140,974,166
E33022975,287,121,41,80,166,132,34
E33022976,648,224,65,159,424,347,77
E33022977,311,104,29,75,207,157,50
E33022978,316,189,64,125,127,110,17
E33022979,468,72,25,47,396,316,80
E33022980,1170,197,45,152,973,831,142
E33022981,308,122,48,74,186,138,48
E33022982,540,148,63,85,392,302,90
E33022983,330,98,30,68,232,174,58
E33022984,237,106,36,70,131,106,25
E33022985,336,125,53,72,211,164,47
E33022986,423,164,51,113,259,205,54
E33022987,962,153,41,112,809,671,138
E33022988,2360,874,200,674,1486,1318,168
E33022989,913,153,46,107,760,666,94
E33022990,292,71,30,41,221,172,49
E33022991,310,57,12,45,253,210,43
E33022992,524,186,50,136,338,263,75
E33022993,677,136,42,94,541,442,99
E33022994,952,479,186,293,473,428,45
E33022995,417,123,41,82,294,243,51
E33022996,323,101,39,62,222,163,59
E33022997,360,170,59,111,190,157,33
E33022998,223,94,32,62,129,86,43
E33022999,378,120,58,62,258,189,69
E33023000,266,100,44,56,166,123,43
E33023001,437,109,34,75,328,261,67
E33023002,268,107,45,62,161,115,46
E33023003,251,89,39,50,162,94,68
E33023004,353,126,51,75,227,160,67
E33023005,348,54,18,36,294,246,48
E33023006,469,226,69,157,243,183,60
E33023007,335,128,59,69,207,147,60
E33023008,448,205,78,127,243,183,60
E33023009,679,333,81,252,346,264,82
E33023010,1163,163,51,112,1000,833,167
E33023011,1656,299,92,207,1357,1124,233
E33023012,314,95,28,67,219,156,63
E33023013,830,91,25,66,739,662,77
E33023014,2276,210,65,145,2066,1653,413
E33023015,1275,381,174,207,894,752,142
E33023016,480,173,49,124,307,223,84
E33023017,297,121,45,76,176,137,39
E33023018,403,138,52,86,265,177,88
E33023019,624,181,64,117,443,362,81
E33023020,384,111,38,73,273,211,62
E33023021,347,123,45,78,224,172,52
E33023022,700,297,77,220,403,347,56
E33023023,364,152,59,93,212,159,53
E33023024,823,280,118,162,543,452,91
E33023025,411,135,47,88,276,228,48
E33023026,454,128,36,92,326,244,82
E33023027,426,145,38,107,281,231,50
E33023028,317,122,38,84,195,160,35
E33023029,508,188,66,122,320,271,49
E33023030,589,300,114,186,289,243,46
E33023031,411,155,49,106,256,201,55
E33023032,298,73,23,50,225,175,50
E33023033,380,145,41,104,235,182,53
E33023034,522,265,89,176,257,199,58
E33023035,468,245,101,144,223,186,37
E33023036,425,68,27,41,357,294,63
E33023037,536,223,57,166,313,285,28
E33023038,275,130,34,96,145,101,44
E33023039,524,97,25,72,427,379,48
E33023040,637,150,39,111,487,412,75
E33023041,359,146,37,109,213,182,31
E33023042,620,248,85,163,372,320,52
E33023043,371,107,39,68,264,220,44
E33023044,255,87,28,59,168,130,38
E33023045,837,206,62,144,631,517,114
E33023046,523,228,87,141,295,237,58
E33023047,404,171,60,111,233,196,37
E33023048,239,115,37,78,124,84,40
E33023049,251,102,30,72,149,127,22
E33023050,583,268,87,181,315,253,62
E33023051,308,88,33,55,220,169,51
E33023052,395,81,30,51,314,212,102
E33023053,631,225,70,155,406,334,72
E33023054,622,164,51,113,458,379,79
E33023055,273,94,30,64,179,146,33
E33023056,729,178,35,143,551,520,31
E33023057,722,321,92,229,401,311,90
E33023058,296,82,32,50,214,158,56
E33023059,344,136,65,71,208,148,60
E33023060,673,350,154,196,323,279,44
E33023061,324,115,45,70,209,145,64
E33023062,887,130,52,78,757,608,149
E33023063,247,73,25,48,174,124,50
E33023064,353,119,53,66,234,161,73
E33023065,341,135,42,93,206,172,34
E33023066,431,148,49,99,283,238,45
E33023067,591,107,39,68,484,392,92
E33023068,2169,276,90,186,1893,1549,344
E33023069,305,131,34,97,174,140,34
E33023070,485,202,87,115,283,215,68
E33023071,307,117,54,63,190,139,51
E33023072,610,265,89,176,345,306,39
E33023073,393,96,36,60,297,243,54
E33023074,272,110,34,76,162,129,33
E33023075,423,173,54,119,250,184,66
E33023076,359,165,52,113,194,164,30
E33023077,417,123,46,77,294,226,68
E33023078,366,162,72,90,204,145,59
E33023079,398,129,51,78,269,176,93
E33023080,296,98,33,65,198,144,54
E33023081,335,133,42,91,202,144,58
E33023082,371,144,60,84,227,151,76
E33023083,277,132,44,88,145,106,39
E33023084,416,169,72,97,247,166,81
E33023085,254,84,34,50,170,115,55
E33023086,333,155,73,82,178,137,41
E33023087,340,134,54,80,206,152,54
E33023088,234,76,35,41,158,104,54
E33023089,268,110,50,60,158,100,58
E33023090,231,74,28,46,157,105,52
E33023091,244,102,45,57,142,96,46
E33023092,228,104,38,66,124,94,30
E33023093,365,130,48,82,235,166,69
E33023094,365,118,48,70,247,149,98
E33023095,343,122,44,78,221,169,52
E33023096,362,83,27,56,279,187,92
E33023097,424,143,62,81,281,205,76
E33023098,648,218,89,129,430,315,115
E33023099,347,89,36,53,258,194,64
E33023100,436,119,52,67,317,215,102
E33023101,328,111,41,70,217,158,59
E33023102,323,124,65,59,199,148,51
E33023103,323,133,46,87,190,137,53
E33023104,384,83,34,49,301,247,54
E33023105,264,74,22,52,190,147,43
E33023106,1261,197,56,141,1064,966,98
E33023107,263,84,33,51,179,120,59
E33023108,1047,247,61,186,800,720,80
E33023109,379,63,26,37,316,216,100
E33023110,259,67,23,44,192,127,65
E33023111,433,211,55,156,222,179,43
E33023112,418,183,62,121,235,162,73
E33023113,674,247,66,181,427,374,53
E33023114,367,120,46,74,247,193,54
E33023115,270,87,28,59,183,132,51
E33023116,470,180,75,105,290,223,67
E33023117,287,104,54,50,183,115,68
E33023118,318,93,33,60,225,158,67
E33023119,315,94,47,47,221,140,81
E33023120,656,113,35,78,543,368,175
E33023121,251,98,45,53,153,117,36
E33023122,592,231,80,151,361,290,71
E33023123,362,106,37,69,256,208,48
E33023124,344,127,45,82,217,170,47
E33023125,252,95,32,63,157,128,29
E33023126,323,140,48,92,183,147,36
E33023127,381,92,29,63,289,226,63
E33023128,318,116,43,73,202,147,55
E33023129,530,214,79,135,316,242,74
E33023130,493,82,18,64,411,361,50
E33023131,320,105,39,66,215,168,47
E33023132,256,93,37,56,163,135,28
E33023133,327,134,51,83,193,152,41
E33023134,322,91,30,61,231,154,77
E33023135,606,273,92,181,333,282,51
E33023136,487,172,63,109,315,264,51
E33023137,521,263,58,205,258,238,20
E33023138,522,213,78,135,309,237,72
E33023139,422,116,35,81,306,239,67
E33023140,653,256,102,154,397,301,96
E33023141,394,143,48,95,251,182,69
E33023142,271,85,43,42,186,141,45
E33023143,279,81,38,43,198,158,40
E33023144,319,75,31,44,244,172,72
E33023145,552,97,30,67,455,346,109
E33023146,553,108,45,63,445,363,82
E33023147,255,94,38,56,161,111,50
E33023148,373,121,49,72,252,186,66
E33023149,244,89,34,55,155,104,51
E33023150,351,118,58,60,233,189,44
E33023151,406,135,60,75,271,188,83
E33023152,299,124,45,79,175,119,56
E33023153,525,73,27,46,452,393,59
E33023154,406,128,50,78,278,195,83
E33023155,325,115,42,73,210,153,57
E33023156,293,122,47,75,171,119,52
E33023157,418,152,47,105,266,210,56
E33023158,534,130,52,78,404,265,139
E33023159,536,227,81,146,309,231,78
E33023160,503,249,86,163,254,203,51
E33023161,310,134,42,92,176,132,44
E33023162,266,106,36,70,160,126,34
E33023163,455,101,33,68,354,287,67
E33023164,546,215,78,137,331,251,80
E33023165,333,115,48,67,218,164,54
E33023166,376,136,43,93,240,206,34
E33023167,310,113,34,79,197,175,22
E33023168,309,108,26,82,201,150,51
E33023169,353,66,19,47,287,256,31
E33023170,410,148,38,110,262,197,65
E33023171,445,138,51,87,307,224,83
E33023172,481,170,57,113,311,231,80
E33023173,453,177,61,116,276,195,81
E33023174,470,158,29,129,312,263,49
E33023175,274,116,49,67,158,107,51
E33023176,455,182,55,127,273,218,55
E33023177,415,185,45,140,230,175,55
E33023178,461,177,42,135,284,216,68
E33023179,360,156,51,105,204,152,52
E33023180,717,269,90,179,448,329,119
E33023181,345,127,38,89,218,175,43
E33023182,262,128,34,94,134,101,33
E33023183,346,123,41,82,223,178,45
E33023184,298,111,48,63,187,160,27
E33023185,962,426,64,362,536,472,64
E33023186,553,209,58,151,344,285,59
E33023187,788,160,42,118,628,522,106
E33023188,496,142,51,91,354,286,68
E33023189,331,98,36,62,233,176,57
E33023190,302,143,40,103,159,114,45
E33023191,303,135,50,85,168,114,54
E33023192,388,112,47,65,276,206,70
E33023193,586,280,92,188,306,235,71
E33023194,606,267,112,155,339,243,96
E33023195,355,81,34,47,274,220,54
E33023196,557,143,52,91,414,339,75
E33023197,796,266,96,170,530,391,139
E33023198,304,136,39,97,168,143,25
E33023199,328,153,60,93,175,133,42
E33023200,207,58,23,35,149,109,40
E33023201,295,92,32,60,203,149,54
E33023202,218,107,33,74,111,74,37
E33023203,407,81,25,56,326,259,67
E33023204,311,115,49,66,196,139,57
E33023205,319,144,54,90,175,136,39
E33023206,382,140,59,81,242,173,69
E33023207,334,101,21,80,233,197,36
E33023208,590,256,67,189,334,274,60
E33023209,594,256,102,154,338,265,73
E33023210,501,145,46,99,356,275,81
E33023211,211,70,21,49,141,110,31
E33023212,584,124,38,86,460,353,107
E33023213,648,227,83,144,421,318,103
E33023214,494,153,69,84,341,273,68
E33023215,295,64,19,45,231,174,57
E33023216,304,103,32,71,201,174,27
E33023217,353,126,36,90,227,184,43
E33023218,290,115,46,69,175,145,30
E33023219,685,143,40,103,542,482,60
E33023220,268,99,23,76,169,143,26
E33023221,319,104,42,62,215,158,57
E33023222,352,105,29,76,247,194,53
E33023223,334,141,52,89,193,167,26
E33023224,414,162,64,98,252,211,41
E33023225,315,111,43,68,204,168,36
E33023226,509,182,61,121,327,273,54
E33023227,256,78,15,63,178,157,21
E33023228,387,162,52,110,225,180,45
E33023229,409,113,31,82,296,267,29
E33023230,347,135,40,95,212,171,41
E33023231,339,100,37,63,239,193,46
E33023232,581,153,41,112,428,357,71
E33023233,415,98,35,63,317,268,49
E33023234,298,99,31,68,199,163,36
E33023235,271,115,30,85,156,108,48
E33023236,437,127,35,92,310,278,32
E33023237,844,226,67,159,618,529,89
E33023238,639,131,27,104,508,406,102
E33023239,640,161,34,127,479,415,64
E33023240,487,172,30,142,315,271,44
E33023241,359,140,49,91,219,202,17
E33023242,871,203,52,151,668,609,59
E33023243,318,56,11,45,262,223,39
E33023244,264,67,10,57,197,163,34
E33023245,319,79,21,58,240,196,44
E33023246,734,213,33,180,521,470,51
E33023247,227,78,27,51,149,126,23
E33023248,349,113,13,100,236,205,31
E33023249,501,177,75,102,324,281,43
E33023250,376,135,53,82,241,213,28
E33023251,306,86,18,68,220,191,29
E33023252,416,185,36,149,231,189,42
E33023253,476,182,70,112,294,249,45
E33023254,452,137,33,104,315,289,26
E33023255,477,102,22,80,375,342,33
E33023256,1106,177,40,137,929,841,88
E33023257,478,88,30,58,390,327,63
E33023258,417,68,20,48,349,312,37
E33023259,345,57,11,46,288,275,13
E33023260,462,93,29,64,369,322,47
E33023261,279,112,44,68,167,120,47
E33023262,322,101,37,64,221,191,30
E33023263,510,145,42,103,365,319,46
E33023264,474,78,17,61,396,333,63
E33023265,247,44,8,36,203,174,29
E33023266,264,119,24,95,145,121,24
E33023267,466,232,145,87,234,188,46
E33023268,311,177,52,125,134,112,22
E33023269,414,178,43,135,236,187,49
E33023270,306,74,26,48,232,192,40
E33023271,371,186,59,127,185,150,35
E33023272,614,386,87,299,228,206,22
E33023273,325,110,24,86,215,176,39
E33023274,385,208,51,157,177,150,27
E33023275,301,111,32,79,190,170,20
E33023276,378,124,26,98,254,207,47
E33023277,252,122,36,86,130,102,28
E33023278,304,122,33,89,182,156,26
E33023279,310,127,35,92,183,162,21
E33023280,284,159,43,116,125,97,28
E33023281,1502,201,28,173,1301,1160,141
E33023282,488,268,106,162,220,206,14
E33023283,472,103,28,75,369,332,37
E33023284,422,142,34,108,280,268,12
E33023285,470,119,28,91,351,319,32
E33023286,555,141,14,127,414,394,20
E33023287,671,178,17,161,493,483,10
E33023288,246,61,12,49,185,174,11
E33023289,384,133,45,88,251,232,19
E33023290,517,297,94,203,220,209,11
E33023291,338,53,9,44,285,248,37
E33023292,602,117,21,96,485,455,30
E33023293,461,104,40,64,357,291,66
E33023294,365,159,45,114,206,183,23
E33023295,480,154,38,116,326,270,56
E33023296,1932,985,474,511,947,882,65
E33023297,389,107,32,75,282,245,37
E33023298,639,154,36,118,485,422,63
E33023299,283,116,23,93,167,147,20
E33023300,596,278,136,142,318,299,19
E33023301,315,110,40,70,205,179,26
E33023302,1526,457,109,348,1069,951,118
E33023303,345,46,9,37,299,227,72
E33023304,309,51,12,39,258,199,59
E33023305,2288,156,58,98,2132,1857,275
E33023306,513,64,23,41,449,360,89
E33023307,310,69,21,48,241,215,26
E33023308,338,54,15,39,284,240,44
E33023309,670,130,58,72,540,445,95
E33023310,310,35,8,27,275,229,46
E33023311,676,67,12,55,609,534,75
E33023312,772,95,20,75,677,596,81
E33023313,342,42,11,31,300,226,74
E33023314,266,45,8,37,221,177,44
E33023315,690,145,36,109,545,470,75
E33023316,450,94,30,64,356,269,87
E33023317,291,115,57,58,176,144,32
E33023318,430,73,20,53,357,270,87
E33023319,652,67,20,47,585,458,127
E33023320,258,94,42,52,164,137,27
E33023321,628,216,64,152,412,339,73
E33023322,703,79,17,62,624,554,70
E33023323,774,148,28,120,626,530,96
E33023324,1465,133,40,93,1332,1169,163
E33023325,307,34,7,27,273,241,32
E33023326,378,37,9,28,341,281,60
E33023327,823,217,62,155,606,556,50
E33023328,581,95,12,83,486,431,55
E33023329,2363,366,63,303,1997,1861,136
E33023330,493,83,22,61,410,327,83
E33023331,199,23,6,17,176,126,50
E33023332,665,84,23,61,581,536,45
E33023333,998,144,39,105,854,727,127
E33023334,1064,178,64,114,886,757,129
E33023335,1454,195,41,154,1259,1068,191
E33023336,266,40,13,27,226,175,51
E33023337,442,126,56,70,316,260,56
E33023338,2360,369,72,297,1991,1779,212
E33023339,642,141,59,82,501,441,60
E33023340,136,53,10,43,83,66,17
E33023341,4286,1110,170,940,3176,2854,322
E33023342,600,232,31,201,368,341,27
E33023343,250,65,17,48,185,172,13
E33023344,298,52,9,43,246,207,39
E33023345,510,273,33,240,237,210,27
E33023346,3162,914,208,706,2248,2000,248
E33023347,467,22,12,10,445,416,29
E33023348,443,26,7,19,417,393,24
E33023349,331,49,24,25,282,262,20
E33023350,920,134,44,90,786,665,121
E33023351,317,64,18,46,253,216,37
E33023352,679,125,32,93,554,473,81
E33023353,145,29,10,19,116,90,26
E33023354,819,287,124,163,532,431,101
E33023355,820,327,73,254,493,442,51
E33023356,4055,503,149,354,3552,3012,540
E33023357,1772,166,41,125,1606,1375,231
E33023358,429,96,26,70,333,318,15
E33023359,1493,315,76,239,1178,1091,87
E33023360,321,147,55,92,174,155,19
E33023361,377,195,72,123,182,154,28
E33023362,1021,482,196,286,539,492,47
E33023363,895,236,65,171,659,624,35
E33023364,467,219,56,163,248,225,23
E33023365,201,61,22,39,140,125,15
E33023366,505,141,42,99,364,309,55
E33023367,418,179,53,126,239,224,15
E33023368,495,164,47,117,331,274,57
E33023369,392,102,15,87,290,243,47
E33023370,268,115,36,79,153,129,24
E33023371,296,119,37,82,177,169,8
E33023372,667,329,175,154,338,322,16
E33023373,251,77,25,52,174,156,18
E33023374,299,159,74,85,140,110,30
E33023375,395,229,102,127,166,144,22
E33023376,269,152,52,100,117,112,5
E33023377,415,247,96,151,168,153,15
E33023378,468,103,21,82,365,320,45
E33023379,200,52,11,41,148,114,34
E33023380,1163,366,173,193,797,660,137
E33023381,243,33,8,25,210,159,51
E33023382,303,144,41,103,159,141,18
E33023383,1567,320,65,255,1247,1077,170
E33023384,482,105,22,83,377,343,34
E33023385,1131,198,58,140,933,786,147
E33023386,1081,194,40,154,887,686,201
E33023387,773,73,16,57,700,572,128
E33023388,1251,277,39,238,974,842,132
E33023389,1365,309,112,197,1056,862,194
E33023390,275,39,11,28,236,192,44
E33023391,488,44,14,30,444,326,118
E33023392,1391,241,53,188,1150,941,209
E33023393,1113,298,61,237,815,699,116
E33023394,852,75,27,48,777,650,127
E33023395,953,160,51,109,793,678,115
E33023396,348,165,59,106,183,152,31
E33023397,1066,530,245,285,536,427,109
E33023398,446,175,60,115,271,246,25
E33023399,342,95,19,76,247,221,26
E33023400,476,282,94,188,194,182,12
E33023401,226,78,25,53,148,125,23
E33023402,536,127,38,89,409,351,58
E33023403,226,84,25,59,142,109,33
E33023404,201,91,32,59,110,95,15
E33023405,766,179,38,141,587,564,23
E33023406,266,98,33,65,168,133,35
E33023407,595,311,132,179,284,268,16
E33023408,296,130,40,90,166,160,6
E33023409,300,87,24,63,213,184,29
E33023410,242,98,25,73,144,117,27
E33023411,822,248,62,186,574,490,84
E33023412,316,64,25,39,252,231,21
E33023413,363,57,23,34,306,251,55
E33023414,2040,763,189,574,1277,1235,42
E33023415,313,53,25,28,260,212,48
E33023416,307,69,25,44,238,209,29
E33023417,255,43,14,29,212,162,50
E33023418,1272,155,44,111,1117,803,314
E33023419,476,71,22,49,405,358,47
E33023420,455,129,59,70,326,271,55
E33023421,490,114,31,83,376,320,56
E33023422,367,94,32,62,273,220,53
E33023423,343,140,75,65,203,173,30
E33023424,991,399,132,267,592,515,77
E33023425,456,201,60,141,255,233,22
E33023426,587,114,27,87,473,401,72
E33023427,278,88,29,59,190,184,6
E33023428,566,141,16,125,425,394,31
E33023429,1395,339,90,249,1056,1005,51
E33023430,419,102,35,67,317,292,25
E33023431,609,112,37,75,497,466,31
E33023432,512,147,68,79,365,297,68
E33023433,605,93,27,66,512,395,117
E33023434,304,78,30,48,226,180,46
E33023435,976,125,27,98,851,519,332
E33023436,225,45,17,28,180,125,55
E33023437,275,28,10,18,247,172,75
E33023438,1118,72,37,35,1046,829,217
E33023439,467,232,54,178,235,225,10
E33023440,678,157,40,117,521,431,90
E33023441,234,94,31,63,140,117,23
E33023442,285,138,50,88,147,131,16
E33023443,238,110,30,80,128,118,10
E33023444,1412,323,98,225,1089,1029,60
E33023445,507,159,36,123,348,299,49
E33023446,656,328,114,214,328,285,43
E33023447,530,287,126,161,243,203,40
E33023448,255,77,31,46,178,153,25
E33023449,250,36,8,28,214,161,53
E33023450,331,60,19,41,271,220,51
E33023451,536,105,27,78,431,308,123
E33023452,199,9,4,5,190,149,41
E33023453,257,54,22,32,203,170,33
E33023454,373,33,15,18,340,253,87
E33023455,229,10,2,8,219,137,82
E33023456,334,33,10,23,301,242,59
E33023457,580,79,11,68,501,383,118
E33023458,253,141,54,87,112,100,12
E33023459,299,21,10,11,278,222,56
E33023460,200,81,18,63,119,108,11
E33023461,1221,688,292,396,533,491,42
E33023462,534,111,30,81,423,326,97
E33023463,886,71,22,49,815,699,116
E33023464,463,70,13,57,393,259,134
E33023465,257,35,10,25,222,190,32
E33023466,1519,82,28,54,1437,1104,333
E33023467,325,71,29,42,254,223,31
E33023468,513,70,18,52,443,364,79
E33023469,421,92,40,52,329,306,23
E33023470,714,52,19,33,662,340,322
E33023471,1551,949,486,463,602,547,55
E33023472,1901,941,368,573,960,877,83
E33023473,734,74,27,47,660,454,206
E33023474,3043,1956,932,1024,1087,997,90
E33023475,335,51,10,41,284,208,76
E33023476,550,143,27,116,407,371,36
E33023477,241,82,29,53,159,129,30
E33023478,261,121,51,70,140,116,24
E33023479,218,93,27,66,125,112,13
E33023480,1441,180,63,117,1261,1044,217
E33023481,1395,170,26,144,1225,1020,205
E33023482,1731,365,103,262,1366,1149,217
E33023483,502,64,17,47,438,344,94
E33023484,217,29,9,20,188,124,64
E33023485,585,115,40,75,470,394,76
E33023486,211,34,5,29,177,114,63
E33023487,272,90,41,49,182,145,37
E33023488,257,62,19,43,195,153,42
E33023489,338,54,16,38,284,219,65
E33023490,558,72,21,51,486,369,117
E33023491,1502,114,43,71,1388,990,398
E33023492,1472,146,36,110,1326,1165,161
E33023493,263,97,32,65,166,138,28
E33023494,753,145,47,98,608,524,84
E33023495,401,138,55,83,263,235,28
E33023496,363,54,12,42,309,269,40
E33023497,407,100,29,71,307,258,49
E33023498,253,90,34,56,163,136,27
E33023499,414,155,50,105,259,227,32
E33023500,2951,960,192,768,1991,1786,205
E33023501,1768,515,127,388,1253,1138,115
E33023502,300,55,20,35,245,191,54
E33023503,774,180,45,135,594,564,30
E33023504,215,76,32,44,139,119,20
E33023505,670,236,37,199,434,416,18
E33023506,285,135,41,94,150,132,18
E33023507,398,134,42,92,264,171,93
E33023508,298,27,7,20,271,215,56
E33023509,160,16,2,14,144,131,13
E33023510,528,155,19,136,373,360,13
E33023511,423,77,22,55,346,282,64
E33023512,232,67,27,40,165,124,41
E33023513,310,133,35,98,177,150,27
E33023514,273,72,18,54,201,171,30
E33023515,224,62,12,50,162,145,17
E33023516,283,114,32,82,169,158,11
E33023517,407,178,82,96,229,222,7
E33023518,456,181,63,118,275,216,59
E33023519,268,23,7,16,245,216,29
E33023520,238,34,10,24,204,167,37
E33023521,652,241,92,149,411,338,73
E33023522,743,113,11,102,630,594,36
E33023523,604,146,60,86,458,356,102
E33023524,348,124,22,102,224,202,22
E33023525,245,49,12,37,196,156,40
E33023526,404,74,20,54,330,294,36
E33023527,230,37,12,25,193,170,23
E33023528,1333,137,36,101,1196,953,243
E33023529,395,39,10,29,356,294,62
E33023530,159,19,7,12,140,109,31
E33023531,378,41,15,26,337,298,39
E33023532,437,53,19,34,384,291,93
E33023533,578,120,29,91,458,390,68
E33023534,1358,238,44,194,1120,980,140
E33023535,123,22,2,20,101,86,15
E33023536,381,31,6,25,350,303,47
E33023537,1256,201,46,155,1055,955,100
E33023538,689,339,115,224,350,310,40
E33023539,367,38,13,25,329,274,55
E33023540,396,112,45,67,284,240,44
E33023541,205,19,3,16,186,173,13
E33023542,251,27,5,22,224,156,68
E33023543,706,72,20,52,634,436,198
E33023544,494,84,19,65,410,346,64
E33023545,1023,191,67,124,832,734,98
E33023546,662,76,16,60,586,473,113
E33023547,357,49,10,39,308,224,84
E33023548,559,297,135,162,262,211,51
E33023549,358,166,69,97,192,157,35
E33023550,329,166,77,89,163,129,34
E33023551,387,83,22,61,304,273,31
E33023552,343,156,58,98,187,165,22
E33023553,474,262,92,170,212,195,17
E33023554,377,127,40,87,250,218,32
E33023555,340,160,44,116,180,145,35
E33023556,418,142,61,81,276,210,66
E33023557,221,49,14,35,172,127,45
E33023558,405,141,38,103,264,212,52
E33023559,219,65,26,39,154,118,36
E33023560,253,98,32,66,155,123,32
E33023561,250,107,33,74,143,125,18
E33023562,242,99,36,63,143,117,26
E33023563,355,147,63,84,208,186,22
E33023564,283,36,10,26,247,196,51
E33023565,296,58,26,32,238,148,90
E33023566,239,39,12,27,200,162,38
E33023567,787,109,35,74,678,558,120
E33023568,302,41,17,24,261,212,49
E33023569,225,35,18,17,190,153,37
E33023570,557,89,31,58,468,340,128
E33023571,487,72,8,64,415,364,51
E33023572,382,50,13,37,332,277,55
E33023573,675,93,21,72,582,423,159
E33023574,616,77,18,59,539,472,67
E33023575,402,30,10,20,372,331,41
E33023576,576,281,129,152,295,284,11
E33023577,230,108,33,75,122,91,31
E33023578,2122,241,64,177,1881,1534,347
E33023579,330,34,10,24,296,247,49
E33023580,753,286,119,167,467,381,86
E33023581,382,95,22,73,287,243,44
E33023582,386,43,20,23,343,286,57
E33023583,245,36,7,29,209,170,39
E33023584,261,92,35,57,169,148,21
E33023585,410,108,34,74,302,268,34
E33023586,339,45,13,32,294,251,43
E33023587,434,66,26,40,368,309,59
E33023588,331,51,14,37,280,218,62
E33023589,331,29,6,23,302,249,53
E33023590,1800,520,125,395,1280,1184,96
E33023591,1069,65,15,50,1004,892,112
E33023592,287,43,12,31,244,209,35
E33023593,354,31,15,16,323,285,38
E33023594,354,77,18,59,277,217,60
E33023595,1553,124,30,94,1429,1006,423
E33023596,2780,213,44,169,2567,2232,335
E33023597,118,34,5,29,84,70,14
E33023598,443,59,11,48,384,330,54
E33023599,569,139,41,98,430,364,66
E33023600,1515,666,356,310,849,774,75
E33023601,518,89,35,54,429,330,99
E33023602,1005,131,41,90,874,643,231
E33023603,379,132,58,74,247,218,29
E33023604,291,60,21,39,231,201,30
E33023605,522,266,117,149,256,243,13
E33023606,602,58,12,46,544,377,167
E33023607,506,259,137,122,247,225,22
E33023608,328,113,31,82,215,196,19
E33023609,289,107,37,70,182,140,42
E33023610,492,98,27,71,394,327,67
E33023611,785,175,64,111,610,491,119
E33023612,356,71,20,51,285,258,27
E33023613,240,62,17,45,178,149,29
E33023614,503,129,49,80,374,291,83
E33023615,252,62,20,42,190,172,18
E33023616,251,92,27,65,159,139,20
E33023617,759,195,74,121,564,498,66
E33023618,265,87,31,56,178,144,34
E33023619,532,118,43,75,414,345,69
E33023620,328,114,63,51,214,174,40
E33023621,207,86,33,53,121,109,12
E33023622,341,70,28,42,271,223,48
E33023623,628,272,115,157,356,335,21
E33023624,288,124,42,82,164,142,22
E33023625,235,113,62,51,122,109,13
E33023626,350,168,66,102,182,159,23
E33023627,236,44,19,25,192,117,75
E33023628,471,177,66,111,294,250,44
E33023629,440,112,33,79,328,297,31
E33023630,521,131,43,88,390,311,79
E33023631,1229,457,221,236,772,642,130
E33023632,481,86,27,59,395,370,25
E33023633,219,62,14,48,157,142,15
E33023634,335,51,10,41,284,242,42
E33023635,299,72,12,60,227,181,46
E33023636,3200,869,172,697,2331,2113,218
E33023637,283,75,15,60,208,173,35
E33023638,7337,1555,335,1220,5782,4818,964
E33023639,877,93,13,80,784,640,144
E33023640,1498,208,66,142,1290,1231,59
E33023641,243,79,23,56,164,135,29
E33023642,410,128,44,84,282,241,41
E33023643,266,81,22,59,185,155,30
E33023644,865,343,190,153,522,466,56
E33023645,1011,192,54,138,819,733,86
E33023646,266,57,30,27,209,152,57
E33023647,590,366,178,188,224,193,31
E33023648,302,76,23,53,226,187,39
E33023649,214,37,10,27,177,150,27
E33023650,824,134,31,103,690,592,98
E33023651,661,301,133,168,360,312,48
E33023652,348,138,36,102,210,194,16
E33023653,214,76,27,49,138,117,21
E33023654,204,100,47,53,104,91,13
E33023655,500,264,96,168,236,199,37
E33023656,337,46,14,32,291,262,29
E33023657,1801,132,39,93,1669,1139,530
E33023658,652,102,35,67,550,440,110
E33023659,351,34,7,27,317,185,132
E33023660,344,41,17,24,303,221,82
E33023661,444,61,27,34,383,248,135
E33023662,675,87,26,61,588,505,83
E33023663,891,115,41,74,776,668,108
E33023664,869,275,103,172,594,518,76
E33023665,1247,340,108,232,907,820,87
E33023666,546,82,30,52,464,398,66
E33023667,386,42,15,27,344,253,91
E33023668,300,115,43,72,185,145,40
E33023669,337,55,22,33,282,221,61
E33023670,214,92,24,68,122,107,15
E33023671,217,100,19,81,117,105,12
E33023672,209,89,24,65,120,96,24
E33023673,623,296,91,205,327,292,35
E33023674,760,106,32,74,654,588,66
E33023675,228,92,29,63,136,117,19
E33023676,703,41,11,30,662,476,186
E33023677,472,218,66,152,254,200,54
E33023678,774,119,34,85,655,514,141
E33023679,553,123,51,72,430,373,57
E33023680,717,90,10,80,627,519,108
E33023681,1641,100,38,62,1541,1258,283
E33023682,434,107,48,59,327,270,57
E33023683,586,54,16,38,532,467,65
E33023684,256,19,2,17,237,194,43
E33023685,375,65,18,47,310,282,28
E33023686,360,47,7,40,313,276,37
E33023687,310,70,28,42,240,215,25
E33023688,897,70,15,55,827,720,107
E33023689,262,130,48,82,132,114,18
E33023690,590,92,24,68,498,446,52
E33023691,593,323,139,184,270,250,20
E33023692,394,122,13,109,272,257,15
E33023693,297,57,18,39,240,205,35
E33023694,212,64,20,44,148,133,15
E33023695,617,55,15,40,562,473,89
E33023696,408,112,23,89,296,240,56
E33023697,566,88,35,53,478,395,83
E33023698,230,43,9,34,187,156,31
E33023699,235,25,6,19,210,186,24
E33023700,264,108,51,57,156,130,26
E33023701,244,53,9,44,191,153,38
E33023702,417,171,93,78,246,163,83
E33023703,228,71,25,46,157,140,17
E33023704,287,108,25,83,179,161,18
E33023705,260,122,56,66,138,107,31
E33023706,237,111,43,68,126,108,18
E33023707,213,132,60,72,81,73,8
E33023708,238,83,19,64,155,122,33
E33023709,387,139,34,105,248,204,44
E33023710,339,129,53,76,210,180,30
E33023711,756,153,41,112,603,417,186
E33023712,894,108,29,79,786,438,348
E33023713,399,122,54,68,277,221,56
E33023714,101,19,10,9,82,64,18
E33023715,1089,102,28,74,987,798,189
E33023716,545,96,13,83,449,374,75
E33023717,756,400,167,233,356,309,47
E33023718,206,88,50,38,118,102,16
E33023719,439,248,121,127,191,154,37
E33023720,246,76,26,50,170,120,50
E33023721,221,113,33,80,108,103,5
E33023722,259,149,72,77,110,94,16
E33023723,219,107,33,74,112,99,13
E33023724,252,61,19,42,191,144,47
E33023725,865,323,145,178,542,463,79
E33023726,1187,153,53,100,1034,902,132
E33023727,768,105,28,77,663,593,70
E33023728,325,52,11,41,273,238,35
E33023729,763,60,19,41,703,633,70
E33023730,772,252,76,176,520,476,44
E33023731,641,83,31,52,558,479,79
E33023732,1469,297,55,242,1172,1022,150
E33023733,753,146,60,86,607,556,51
E33023734,655,238,63,175,417,363,54
E33023735,387,108,37,71,279,217,62
E33023736,803,94,28,66,709,595,114
E33023737,400,37,8,29,363,333,30
E33023738,1181,84,18,66,1097,997,100
E33023739,510,60,10,50,450,396,54
E33023740,666,57,13,44,609,549,60
E33023741,381,8,3,5,373,339,34
E33023742,372,29,8,21,343,299,44
E33023743,292,18,5,13,274,261,13
E33023744,773,64,19,45,709,632,77
E33023745,1185,302,82,220,883,808,75
E33023746,434,68,24,44,366,324,42
E33023747,273,79,21,58,194,161,33
E33023748,665,101,33,68,564,460,104
E33023749,735,123,50,73,612,508,104
E33023750,280,34,11,23,246,204,42
E33023751,675,59,14,45,616,492,124
E33023752,310,24,7,17,286,254,32
E33023753,1203,118,29,89,1085,987,98
E33023754,1526,133,41,92,1393,1226,167
E33023755,440,75,19,56,365,301,64
E33023756,2429,194,73,121,2235,1925,310
E33023757,313,57,13,44,256,201,55
E33023758,668,75,24,51,593,435,158
E33023759,804,125,34,91,679,580,99
E33023760,1136,110,42,68,1026,720,306
E33023761,304,64,25,39,240,189,51
E33023762,401,165,66,99,236,192,44
E33023763,321,157,67,90,164,130,34
E33023764,136,51,29,22,85,74,11
E33023765,329,133,44,89,196,165,31
E33023766,433,113,30,83,320,262,58
E33023767,307,64,24,40,243,190,53
E33023768,385,68,17,51,317,239,78
E33023769,742,347,153,194,395,322,73
E33023770,270,92,38,54,178,148,30
E33023771,783,160,35,125,623,556,67
E33023772,485,56,21,35,429,304,125
E33023773,167,17,4,13,150,106,44
E33023774,342,27,13,14,315,264,51
E33023775,405,89,19,70,316,239,77
E33023776,1946,150,44,106,1796,1570,226
E33023777,385,53,16,37,332,277,55
E33023778,346,44,11,33,302,217,85
E33023779,218,47,14,33,171,143,28
E33023780,917,561,248,313,356,328,28
E33023781,218,48,19,29,170,154,16
E33023782,431,86,30,56,345,298,47
E33023783,346,45,10,35,301,240,61
E33023784,1133,137,30,107,996,878,118
E33023785,1009,424,139,285,585,530,55
E33023786,463,77,29,48,386,294,92
E33023787,642,279,91,188,363,299,64
E33023788,596,92,33,59,504,442,62
E33023789,540,222,75,147,318,287,31
E33023790,464,151,66,85,313,245,68
E33023791,772,64,17,47,708,591,117
E33023792,362,62,19,43,300,235,65
E33023793,1547,197,44,153,1350,1199,151
E33023794,3112,150,55,95,2962,2599,363
E33023795,278,38,12,26,240,195,45
E33023796,666,83,30,53,583,496,87
E33023797,426,67,16,51,359,279,80
E33023798,286,64,30,34,222,162,60
E33023799,710,90,34,56,620,490,130
E33023800,663,72,9,63,591,472,119
E33023801,310,46,17,29,264,231,33
E33023802,509,35,5,30,474,406,68
E33023803,261,42,12,30,219,172,47
E33023804,430,174,47,127,256,234,22
E33023805,4988,1405,355,1050,3583,3227,356
E33023806,296,48,16,32,248,214,34
E33023807,690,120,25,95,570,434,136
E33023808,271,26,4,22,245,216,29
E33023809,330,50,15,35,280,208,72
E33023810,421,67,14,53,354,311,43
E33023811,578,288,95,193,290,230,60
E33023812,528,186,61,125,342,277,65
E33023813,374,53,11,42,321,236,85
E33023814,476,58,18,40,418,316,102
E33023815,251,54,28,26,197,131,66
E33023816,288,45,8,37,243,158,85
E33023817,399,35,8,27,364,312,52
E33023818,875,375,107,268,500,457,43
E33023819,562,310,125,185,252,202,50
E33023820,431,119,40,79,312,288,24
E33023821,199,75,31,44,124,117,7
E33023822,219,87,28,59,132,116,16
E33023823,1185,718,316,402,467,430,37
E33023824,1135,356,96,260,779,715,64
E33023825,258,114,41,73,144,131,13
E33023826,845,312,73,239,533,504,29
E33023827,226,97,19,78,129,107,22
E33023828,186,55,20,35,131,110,21
E33023829,384,112,29,83,272,232,40
E33023830,282,45,15,30,237,190,47
E33023831,383,96,24,72,287,247,40
E33023832,351,227,103,124,124,118,6
E33023833,292,132,55,77,160,132,28
E33023834,325,140,56,84,185,167,18
E33023835,363,225,109,116,138,106,32
E33023836,212,36,11,25,176,141,35
E33023837,532,58,13,45,474,345,129
E33023838,127,25,11,14,102,80,22
E33023839,141,16,5,11,125,108,17
E33023840,762,132,37,95,630,504,126
E33023841,797,132,43,89,665,527,138
E33023842,303,72,32,40,231,148,83
E33023843,679,241,62,179,438,375,63
E33023844,708,259,84,175,449,410,39
E33023845,426,71,21,50,355,273,82
E33023846,259,73,14,59,186,158,28
E33023847,437,203,59,144,234,212,22
E33023848,220,82,21,61,138,116,22
E33023849,603,288,96,192,315,267,48
E33023850,274,106,37,69,168,141,27
E33023851,460,231,69,162,229,212,17
E33023852,313,161,49,112,152,136,16
E33023853,1092,577,265,312,515,454,61
E33023854,514,121,46,75,393,355,38
E33023855,159,50,20,30,109,83,26
E33023856,288,75,34,41,213,158,55
E33023857,224,65,25,40,159,113,46
E33023858,630,289,114,175,341,284,57
E33023859,417,57,25,32,360,257,103
E33023860,237,34,6,28,203,152,51
E33023861,728,42,15,27,686,625,61
E33023862,556,102,33,69,454,409,45
E33023863,204,84,33,51,120,100,20
E33023864,388,181,83,98,207,182,25
E33023865,279,80,35,45,199,164,35
E33023866,446,151,44,107,295,265,30
E33023867,536,69,16,53,467,391,76
E33023868,223,39,8,31,184,135,49
E33023869,616,65,16,49,551,432,119
E33023870,826,76,17,59,750,641,109
E33023871,276,37,10,27,239,177,62
E33023872,178,18,2,16,160,120,40
E33023873,265,97,25,72,168,144,24
E33023874,404,104,26,78,300,264,36
E33023875,887,64,20,44,823,636,187
E33023876,485,255,104,151,230,190,40
E33023877,351,155,64,91,196,151,45
E33023878,286,160,71,89,126,103,23
E33023879,339,152,55,97,187,141,46
E33023880,581,109,28,81,472,422,50
E33023881,481,145,37,108,336,313,23
E33023882,468,140,42,98,328,236,92
E33023883,843,170,60,110,673,605,68
E33023884,307,133,61,72,174,143,31
E33023885,620,128,44,84,492,418,74
E33023886,663,309,112,197,354,278,76
E33023887,327,117,32,85,210,157,53
E33023888,347,39,14,25,308,222,86
E33023889,1101,111,29,82,990,879,111
E33023890,270,92,35,57,178,132,46
E33023891,956,149,42,107,807,606,201
E33023892,446,122,58,64,324,238,86
E33023893,313,58,17,41,255,195,60
E33023894,928,368,102,266,560,516,44
E33023895,1090,137,49,88,953,594,359
E33023896,215,61,26,35,154,126,28
E33023897,525,175,83,92,350,268,82
E33023898,609,157,54,103,452,295,157
E33023899,2360,276,75,201,2084,1723,361
E33023900,214,89,36,53,125,115,10
E33023901,248,102,39,63,146,126,20
E33023902,350,172,64,108,178,163,15
E33023903,228,98,40,58,130,92,38
E33023904,574,134,37,97,440,355,85
E33023905,260,115,53,62,145,118,27
E33023906,247,58,16,42,189,134,55
E33023907,546,105,25,80,441,347,94
E33023908,553,245,94,151,308,239,69
E33023909,847,152,50,102,695,533,162
E33023910,210,77,34,43,133,89,44
E33023911,584,109,47,62,475,418,57
E33023912,1347,493,204,289,854,729,125
E33023913,438,85,29,56,353,302,51
E33023914,234,33,14,19,201,150,51
E33023915,235,32,9,23,203,158,45
E33023916,533,139,49,90,394,321,73
E33023917,215,21,10,11,194,149,45
E33023918,981,183,45,138,798,606,192
E33023919,258,56,13,43,202,176,26
E33023920,258,30,13,17,228,175,53
E33023921,217,32,15,17,185,135,50
E33023922,218,24,7,17,194,161,33
E33023923,468,55,14,41,413,383,30
E33023924,333,131,48,83,202,148,54
E33023925,604,107,35,72,497,405,92
E33023926,221,88,23,65,133,106,27
E33023927,462,106,28,78,356,340,16
E33023928,236,40,7,33,196,174,22
E33023929,285,99,24,75,186,161,25
E33023930,628,167,36,131,461,431,30
E33023931,1360,310,104,206,1050,957,93
E33023932,471,289,175,114,182,170,12
E33023933,500,240,108,132,260,240,20
E33023934,518,132,52,80,386,344,42
E33023935,465,115,24,91,350,319,31
E33023936,713,148,47,101,565,502,63
E33023937,687,125,26,99,562,491,71
E33023938,586,117,25,92,469,411,58
E33023939,908,216,56,160,692,566,126
E33023940,590,189,57,132,401,335,66
E33023941,642,114,39,75,528,474,54
E33023942,324,55,24,31,269,228,41
E33023943,517,91,38,53,426,340,86
E33023944,412,43,15,28,369,308,61
E33023945,269,44,15,29,225,190,35
E33023946,578,71,22,49,507,384,123
E33023947,710,72,28,44,638,541,97
E33023948,910,112,23,89,798,746,52
E33023949,461,145,58,87,316,235,81
E33023950,218,94,48,46,124,94,30
E33023951,220,88,41,47,132,113,19
E33023952,323,80,17,63,243,200,43
E33023953,402,74,21,53,328,267,61
E33023954,212,88,40,48,124,110,14
E33023955,625,342,149,193,283,244,39
E33023956,209,65,31,34,144,127,17
E33023957,406,235,109,126,171,165,6
E33023958,462,175,61,114,287,246,41
E33023959,752,398,178,220,354,319,35
E33023960,203,57,17,40,146,130,16
E33023961,406,167,62,105,239,200,39
E33023962,227,70,14,56,157,146,11
E33023963,632,285,136,149,347,295,52
E33023964,727,480,256,224,247,231,16
E33023965,1050,306,79,227,744,658,86
E33023966,586,273,130,143,313,273,40
E33023967,306,122,37,85,184,152,32
E33023968,300,101,24,77,199,148,51
E33023969,266,94,45,49,172,133,39
E33023970,442,168,67,101,274,253,21
E33023971,440,126,32,94,314,277,37
E33023972,879,137,37,100,742,671,71
E33023973,861,288,75,213,573,510,63
E33023974,271,93,42,51,178,134,44
E33023975,1151,549,154,395,602,508,94
E33023976,352,56,13,43,296,240,56
E33023977,467,65,24,41,402,359,43
E33023978,311,42,16,26,269,208,61
E33023979,818,170,31,139,648,560,88
E33023980,266,77,21,56,189,154,35
E33023981,386,87,31,56,299,246,53
E33023982,1390,264,50,214,1126,990,136
E33023983,470,38,11,27,432,385,47
E33023984,493,42,16,26,451,393,58
E33023985,259,56,14,42,203,178,25
E33023986,387,56,6,50,331,303,28
E33023987,272,64,23,41,208,167,41
E33023988,265,61,16,45,204,157,47
E33023989,3751,1148,215,933,2603,2288,315
E33023990,691,109,23,86,582,552,30
E33023991,243,60,12,48,183,170,13
E33023992,634,294,108,186,340,273,67
E33023993,556,211,87,124,345,273,72
E33023994,499,244,102,142,255,218,37
E33023995,214,63,8,55,151,124,27
E33023996,772,217,52,165,555,514,41
E33023997,296,157,54,103,139,128,11
E33023998,524,225,84,141,299,245,54
E33023999,1345,146,55,91,1199,910,289
E33024000,654,171,59,112,483,430,53
E33024001,697,117,33,84,580,453,127
E33024002,772,262,75,187,510,431,79
E33024003,345,119,44,75,226,179,47
E33024004,351,166,80,86,185,166,19
E33024005,522,193,69,124,329,281,48
E33024006,269,87,33,54,182,152,30
E33024007,757,168,42,126,589,492,97
E33024008,328,120,36,84,208,170,38
E33024009,664,106,40,66,558,452,106
E33024010,3448,1114,227,887,2334,2073,261
E33024011,304,57,19,38,247,192,55
E33024012,335,21,5,16,314,270,44
E33024013,830,60,20,40,770,647,123
E33024014,757,172,23,149,585,541,44
E33024015,595,113,29,84,482,424,58
E33024016,429,90,22,68,339,286,53
E33024017,441,42,16,26,399,307,92
E33024018,363,75,24,51,288,238,50
E33024019,504,41,20,21,463,403,60
E33024020,1100,151,49,102,949,814,135
E33024021,748,94,28,66,654,553,101
E33024022,254,53,16,37,201,162,39
E33024023,228,42,12,30,186,162,24
E33024024,492,57,18,39,435,353,82
E33024025,321,65,24,41,256,211,45
E33024026,230,13,3,10,217,159,58
E33024027,511,95,51,44,416,338,78
E33024028,409,57,19,38,352,260,92
E33024029,502,102,32,70,400,330,70
E33024030,285,73,20,53,212,174,38
E33024031,385,77,21,56,308,278,30
E33024032,300,132,46,86,168,151,17
E33024033,320,42,7,35,278,233,45
E33024034,280,37,3,34,243,186,57
E33024035,383,64,13,51,319,261,58
E33024036,270,42,11,31,228,193,35
E33024037,376,31,7,24,345,274,71
E33024038,295,30,8,22,265,202,63
E33024039,790,138,49,89,652,597,55
E33024040,506,297,131,166,209,194,15
E33024041,1030,157,40,117,873,798,75
E33024042,344,71,17,54,273,241,32
E33024043,579,184,63,121,395,337,58
E33024044,377,56,12,44,321,294,27
E33024045,386,131,26,105,255,225,30
E33024046,268,34,5,29,234,194,40
E33024047,242,100,39,61,142,120,22
E33024048,699,418,178,240,281,248,33
E33024049,300,150,67,83,150,130,20
E33024050,568,218,58,160,350,324,26
E33024051,683,434,240,194,249,236,13
E33024052,237,50,11,39,187,172,15
E33024053,288,51,16,35,237,178,59
E33024054,439,90,17,73,349,305,44
E33024055,207,33,6,27,174,137,37
E33024056,506,93,37,56,413,344,69
E33024057,378,160,72,88,218,205,13
E33024058,1047,456,165,291,591,509,82
E33024059,490,68,33,35,422,343,79
E33024060,758,92,31,61,666,526,140
E33024061,266,124,51,73,142,106,36
E33024062,212,108,41,67,104,92,12
E33024063,532,248,98,150,284,231,53
E33024064,257,106,35,71,151,137,14
E33024065,354,59,19,40,295,209,86
E33024066,305,149,49,100,156,136,20
E33024067,249,109,60,49,140,106,34
E33024068,1136,156,50,106,980,705,275
E33024069,239,108,29,79,131,110,21
E33024070,421,87,19,68,334,303,31
E33024071,388,101,28,73,287,238,49
E33024072,224,84,23,61,140,115,25
E33024073,329,151,48,103,178,159,19
E33024074,310,108,58,50,202,155,47
E33024075,400,205,78,127,195,166,29
E33024076,824,224,69,155,600,522,78
E33024077,262,65,19,46,197,133,64
E33024078,406,105,27,78,301,222,79
E33024079,544,145,44,101,399,326,73
E33024080,877,228,71,157,649,537,112
E33024081,339,37,9,28,302,275,27
E33024082,575,296,118,178,279,227,52
E33024083,327,88,23,65,239,199,40
E33024084,275,75,21,54,200,167,33
E33024085,236,78,20,58,158,143,15
E33024086,286,153,74,79,133,109,24
E33024087,426,150,52,98,276,256,20
E33024088,248,93,30,63,155,134,21
E33024089,406,217,80,137,189,172,17
E33024090,391,90,15,75,301,249,52
E33024091,461,220,61,159,241,212,29
E33024092,720,108,31,77,612,444,168
E33024093,968,518,150,368,450,416,34
E33024094,513,69,26,43,444,347,97
E33024095,368,135,49,86,233,215,18
E33024096,489,223,126,97,266,190,76
E33024097,417,195,69,126,222,181,41
E33024098,252,87,32,55,165,143,22
E33024099,261,95,47,48,166,142,24
E33024100,311,125,43,82,186,161,25
E33024101,207,69,28,41,138,109,29
E33024102,263,85,37,48,178,131,47
E33024103,229,47,9,38,182,138,44
E33024104,324,56,12,44,268,224,44
E33024105,216,42,6,36,174,140,34
E33024106,516,80,19,61,436,345,91
E33024107,661,91,13,78,570,511,59
E33024108,5797,1300,270,1030,4497,3885,612
E33024109,555,72,14,58,483,411,72
E33024110,429,58,9,49,371,316,55
E33024111,240,86,24,62,154,119,35
E33024112,433,178,30,148,255,244,11
E33024113,3132,575,234,341,2557,1850,707
E33024114,229,74,33,41,155,142,13
E33024115,376,54,26,28,322,249,73
E33024116,519,370,210,160,149,136,13
E33024117,989,611,155,456,378,351,27
E33024118,1475,131,34,97,1344,966,378
E33024119,466,49,16,33,417,352,65
E33024120,460,72,23,49,388,308,80
E33024121,259,19,4,15,240,194,46
E33024122,320,31,15,16,289,224,65
E33024123,609,81,22,59,528,437,91
E33024124,301,52,12,40,249,215,34
E33024125,363,63,17,46,300,231,69
E33024126,295,12,6,6,283,220,63
E33024127,929,70,25,45,859,634,225
E33024128,870,173,60,113,697,575,122
E33024129,226,55,25,30,171,144,27
E33024130,551,220,78,142,331,294,37
E33024131,247,77,17,60,170,136,34
E33024132,342,161,58,103,181,161,20
E33024133,636,64,12,52,572,438,134
E33024134,384,42,16,26,342,277,65
E33024135,466,50,18,32,416,313,103
E33024136,655,60,14,46,595,505,90
E33024137,329,15,6,9,314,229,85
E33024138,596,47,16,31,549,458,91
E33024139,235,24,6,18,211,180,31
E33024140,324,43,15,28,281,236,45
E33024141,1254,102,31,71,1152,891,261
E33024142,206,18,5,13,188,161,27
E33024143,416,31,14,17,385,333,52
E33024144,869,42,16,26,827,695,132
E33024145,401,51,18,33,350,286,64
E33024146,577,60,20,40,517,414,103
E33024147,1378,163,52,111,1215,1042,173
E33024148,450,77,21,56,373,290,83
E33024149,350,37,8,29,313,242,71
E33024150,247,32,15,17,215,200,15
E33024151,360,27,7,20,333,247,86
E33024152,357,38,13,25,319,236,83
E33024153,252,41,11,30,211,181,30
E33024154,1036,118,33,85,918,717,201
E33024155,547,91,35,56,456,374,82
E33024156,505,35,11,24,470,351,119
E33024157,1146,125,33,92,1021,856,165
E33024158,797,166,39,127,631,596,35
E33024159,398,49,20,29,349,286,63
E33024160,399,58,14,44,341,270,71
E33024161,290,63,20,43,227,183,44
E33024162,483,82,26,56,401,309,92
E33024163,434,204,91,113,230,197,33
E33024164,253,88,37,51,165,129,36
E33024165,444,272,149,123,172,157,15
E33024166,458,145,51,94,313,275,38
E33024167,555,201,74,127,354,251,103
E33024168,295,84,34,50,211,162,49
E33024169,208,56,20,36,152,123,29
E33024170,842,311,87,224,531,472,59
E33024171,948,263,53,210,685,632,53
E33024172,1119,259,44,215,860,773,87
E33024173,339,148,39,109,191,145,46
E33024174,584,253,100,153,331,261,70
E33024175,507,194,58,136,313,256,57
E33024176,394,149,64,85,245,191,54
E33024177,217,54,17,37,163,109,54
E33024178,318,31,10,21,287,232,55
E33024179,735,176,72,104,559,472,87
E33024180,225,90,28,62,135,114,21
E33024181,261,125,46,79,136,119,17
E33024182,248,118,41,77,130,115,15
E33024183,350,136,57,79,214,182,32
E33024184,308,64,15,49,244,227,17
E33024185,234,65,18,47,169,139,30
E33024186,226,71,18,53,155,137,18
E33024187,718,440,208,232,278,257,21
E33024188,227,72,31,41,155,118,37
E33024189,457,78,29,49,379,259,120
E33024190,246,74,24,50,172,134,38
E33024191,414,123,38,85,291,246,45
E33024192,2290,633,171,462,1657,1535,122
E33024193,256,91,39,52,165,135,30
E33024194,399,144,39,105,255,212,43
E33024195,331,82,19,63,249,195,54
E33024196,201,80,30,50,121,108,13
E33024197,349,151,60,91,198,163,35
E33024198,208,54,12,42,154,129,25
E33024199,506,258,143,115,248,224,24
E33024200,393,64,17,47,329,267,62
E33024201,196,45,18,27,151,123,28
E33024202,255,41,8,33,214,175,39
E33024203,431,48,17,31,383,327,56
E33024204,280,32,12,20,248,183,65
E33024205,327,48,14,34,279,218,61
E33024206,379,40,5,35,339,286,53
E33024207,803,257,89,168,546,483,63
E33024208,379,84,35,49,295,240,55
E33024209,535,136,45,91,399,308,91
E33024210,333,108,36,72,225,151,74
E33024211,454,55,18,37,399,329,70
E33024212,313,88,32,56,225,186,39
E33024213,214,93,44,49,121,88,33
E33024214,722,296,97,199,426,370,56
E33024215,1367,100,39,61,1267,1191,76
E33024216,300,94,34,60,206,134,72
E33024217,1205,212,49,163,993,792,201
E33024218,261,88,35,53,173,127,46
E33024219,203,78,22,56,125,87,38
E33024220,884,450,207,243,434,379,55
E33024221,391,75,20,55,316,250,66
E33024222,293,91,20,71,202,160,42
E33024223,587,187,55,132,400,375,25
E33024224,561,151,43,108,410,352,58
E33024225,423,67,20,47,356,329,27
E33024226,1568,381,138,243,1187,928,259
E33024227,362,24,3,21,338,277,61
E33024228,520,63,23,40,457,398,59
E33024229,504,59,23,36,445,299,146
E33024230,222,78,25,53,144,107,37
E33024231,622,93,30,63,529,383,146
E33024232,386,87,19,68,299,241,58
E33024233,358,165,62,103,193,161,32
E33024234,481,51,16,35,430,308,122
E33024235,267,54,20,34,213,170,43
E33024236,451,80,31,49,371,339,32
E33024237,1108,284,67,217,824,683,141
E33024238,288,82,26,56,206,156,50
E33024239,209,13,5,8,196,177,19
E33024240,282,34,10,24,248,196,52
E33024241,554,57,16,41,497,435,62
E33024242,370,51,12,39,319,264,55
E33024243,353,87,31,56,266,225,41
E33024244,784,86,32,54,698,573,125
E33024245,276,106,42,64,170,131,39
E33024246,235,63,16,47,172,135,37
E33024247,224,83,34,49,141,109,32
E33024248,236,58,18,40,178,148,30
E33024249,237,123,32,91,114,83,31
E33024250,324,57,25,32,267,191,76
E33024251,1198,271,74,197,927,843,84
E33024252,430,57,15,42,373,320,53
E33024253,370,104,31,73,266,206,60
E33024254,688,81,14,67,607,525,82
E33024255,618,119,45,74,499,351,148
E33024256,436,170,55,115,266,236,30
E33024257,241,70,16,54,171,142,29
E33024258,329,24,12,12,305,259,46
E33024259,362,23,6,17,339,280,59
E33024260,726,106,26,80,620,499,121
E33024261,704,130,46,84,574,431,143
E33024262,334,47,17,30,287,239,48
E33024263,296,116,43,73,180,148,32
E33024264,263,96,29,67,167,141,26
E33024265,1604,294,52,242,1310,1219,91
E33024266,244,102,44,58,142,106,36
E33024267,693,255,132,123,438,380,58
E33024268,325,59,27,32,266,235,31
E33024269,713,76,23,53,637,507,130
E33024270,198,41,9,32,157,131,26
E33024271,204,40,14,26,164,136,28
E33024272,397,54,19,35,343,270,73
E33024273,206,14,1,13,192,147,45
E33024274,337,142,40,102,195,174,21
E33024275,376,78,18,60,298,274,24
E33024276,1032,235,60,175,797,641,156
E33024277,330,30,4,26,300,260,40
E33024278,513,43,16,27,470,358,112
E33024279,258,47,15,32,211,173,38
E33024280,466,115,34,81,351,267,84
E33024281,391,63,14,49,328,260,68
E33024282,294,83,34,49,211,160,51
E33024283,371,61,26,35,310,231,79
E33024284,225,87,27,60,138,111,27
E33024285,201,60,19,41,141,123,18
E33024286,199,102,43,59,97,68,29
E33024287,238,103,46,57,135,109,26
E33024288,529,317,123,194,212,181,31
E33024289,218,56,14,42,162,153,9
E33024290,379,183,66,117,196,181,15
E33024291,591,190,44,146,401,370,31
E33024292,1057,303,102,201,754,662,92
E33024293,286,33,12,21,253,201,52
E33024294,395,38,12,26,357,297,60
E33024295,2006,146,50,96,1860,1699,161
E33024296,210,98,40,58,112,86,26
E33024297,251,103,41,62,148,123,25
E33024298,283,125,39,86,158,131,27
E33024299,257,99,26,73,158,123,35
E33024300,639,99,27,72,540,424,116
E33024301,251,61,21,40,190,140,50
E33024302,1133,159,57,102,974,793,181
E33024303,1059,412,168,244,647,542,105
E33024304,315,175,105,70,140,115,25
E33024305,232,101,41,60,131,97,34
E33024306,454,230,97,133,224,195,29
E33024307,316,118,47,71,198,151,47
E33024308,276,90,34,56,186,144,42
E33024309,214,66,33,33,148,126,22
E33024310,239,74,25,49,165,138,27
E33024311,264,140,68,72,124,88,36
E33024312,257,86,34,52,171,133,38
E33024313,823,106,47,59,717,605,112
E33024314,271,105,33,72,166,115,51
E33024315,288,30,9,21,258,207,51
E33024316,438,76,26,50,362,268,94
E33024317,288,81,19,62,207,155,52
E33024318,330,47,19,28,283,208,75
E33024319,561,131,29,102,430,388,42
E33024320,972,119,34,85,853,637,216
E33024321,352,27,7,20,325,243,82
E33024322,488,137,50,87,351,280,71
E33024323,281,47,13,34,234,170,64
E33024324,343,50,9,41,293,233,60
E33024325,273,100,41,59,173,155,18
E33024326,400,127,34,93,273,252,21
E33024327,359,196,77,119,163,140,23
E33024328,753,185,34,151,568,502,66
E33024329,224,86,21,65,138,127,11
E33024330,307,149,82,67,158,137,21
E33024331,342,121,45,76,221,173,48
E33024332,660,382,200,182,278,253,25
E33024333,198,55,20,35,143,106,37
E33024334,206,70,25,45,136,111,25
E33024335,226,75,27,48,151,123,28
E33024336,370,165,92,73,205,161,44
E33024337,326,142,63,79,184,157,27
E33024338,262,72,38,34,190,158,32
E33024339,538,41,12,29,497,430,67
E33024340,515,98,33,65,417,357,60
E33024341,786,194,58,136,592,484,108
E33024342,772,155,85,70,617,534,83
E33024343,947,127,36,91,820,719,101
E33024344,262,78,29,49,184,147,37
E33024345,357,70,20,50,287,232,55
E33024346,752,207,65,142,545,480,65
E33024347,797,51,12,39,746,506,240
E33024348,315,124,65,59,191,149,42
E33024349,603,199,79,120,404,291,113
E33024350,223,99,21,78,124,111,13
E33024351,598,323,166,157,275,237,38
E33024352,377,208,99,109,169,162,7
E33024353,1588,420,146,274,1168,1041,127
E33024354,2139,178,71,107,1961,1708,253
E33024355,324,131,41,90,193,183,10
E33024356,322,170,82,88,152,145,7
E33024357,235,95,37,58,140,124,16
E33024358,859,464,216,248,395,366,29
E33024359,713,163,48,115,550,525,25
E33024360,315,133,41,92,182,170,12
E33024361,354,100,38,62,254,232,22
E33024362,324,50,14,36,274,227,47
E33024363,380,35,14,21,345,265,80
E33024364,710,347,166,181,363,308,55
E33024365,348,199,87,112,149,132,17
E33024366,435,87,18,69,348,324,24
E33024367,433,232,58,174,201,186,15
E33024368,632,107,22,85,525,465,60
E33024369,649,200,97,103,449,363,86
E33024370,2304,145,29,116,2159,1994,165
E33024371,638,95,28,67,543,473,70
E33024372,675,305,88,217,370,330,40
E33024373,324,44,13,31,280,216,64
E33024374,511,82,28,54,429,336,93
E33024375,323,25,5,20,298,265,33
E33024376,475,33,11,22,442,318,124
E33024377,400,45,10,35,355,309,46
E33024378,355,43,14,29,312,252,60
E33024379,1612,395,48,347,1217,1127,90
E33024380,378,67,14,53,311,265,46
E33024381,338,77,24,53,261,224,37
E33024382,760,101,25,76,659,601,58
E33024383,1525,98,28,70,1427,1165,262
E33024384,441,40,16,24,401,353,48
E33024385,795,148,49,99,647,523,124
E33024386,396,100,26,74,296,253,43
E33024387,3446,1048,235,813,2398,2080,318
E33024388,1107,80,21,59,1027,883,144
E33024389,995,108,19,89,887,790,97
E33024390,333,25,11,14,308,234,74
E33024391,378,35,9,26,343,253,90
E33024392,366,48,13,35,318,286,32
E33024393,302,98,36,62,204,140,64
E33024394,1279,76,23,53,1203,806,397
E33024395,633,57,12,45,576,437,139
E33024396,792,58,18,40,734,533,201
E33024397,1662,152,49,103,1510,990,520
E33024398,466,158,57,101,308,259,49
E33024399,503,71,19,52,432,329,103
E33024400,201,22,3,19,179,130,49
E33024401,232,48,17,31,184,137,47
E33024402,260,26,5,21,234,173,61
E33024403,634,85,31,54,549,488,61
E33024404,601,127,47,80,474,357,117
E33024405,267,112,43,69,155,130,25
E33024406,211,87,39,48,124,103,21
E33024407,247,96,26,70,151,130,21
E33024408,621,135,53,82,486,424,62
E33024409,479,138,36,102,341,263,78
E33024410,216,61,27,34,155,118,37
E33024411,1172,194,96,98,978,823,155
E33024412,589,282,146,136,307,298,9
E33024413,274,140,81,59,134,126,8
E33024414,217,103,35,68,114,103,11
E33024415,581,307,147,160,274,247,27
E33024416,300,122,61,61,178,167,11
E33024417,545,320,115,205,225,208,17
E33024418,431,84,17,67,347,283,64
E33024419,531,99,32,67,432,360,72
E33024420,357,60,6,54,297,278,19
E33024421,325,30,11,19,295,215,80
E33024422,889,59,17,42,830,621,209
E33024423,432,232,95,137,200,173,27
E33024424,251,75,32,43,176,155,21
E33024425,230,111,59,52,119,104,15
E33024426,280,65,25,40,215,157,58
E33024427,241,76,32,44,165,143,22
E33024428,215,27,8,19,188,161,27
E33024429,286,83,33,50,203,180,23
E33024430,295,104,38,66,191,173,18
E33024431,239,49,17,32,190,148,42
E33024432,288,107,36,71,181,164,17
E33024433,298,105,41,64,193,151,42
E33024434,591,253,108,145,338,277,61
E33024435,252,64,15,49,188,163,25
E33024436,257,106,35,71,151,123,28
E33024437,268,130,66,64,138,121,17
E33024438,1223,136,34,102,1087,923,164
E33024439,310,58,9,49,252,200,52
E33024440,303,38,11,27,265,247,18
E33024441,577,149,41,108,428,347,81
E33024442,329,56,11,45,273,230,43
E33024443,339,44,8,36,295,245,50
E33024444,246,36,9,27,210,163,47
E33024445,452,66,23,43,386,332,54
E33024446,226,54,21,33,172,128,44
E33024447,456,118,38,80,338,289,49
E33024448,466,64,26,38,402,330,72
E33024449,342,32,11,21,310,248,62
E33024450,1088,154,41,113,934,761,173
E33024451,413,33,11,22,380,357,23
E33024452,846,239,49,190,607,547,60
E33024453,346,148,26,122,198,187,11
E33024454,431,159,54,105,272,239,33
E33024455,530,92,25,67,438,323,115
E33024456,528,135,36,99,393,306,87
E33024457,228,34,15,19,194,162,32
E33024458,282,46,10,36,236,185,51
E33024459,521,81,30,51,440,351,89
E33024460,614,97,27,70,517,400,117
E33024461,546,38,10,28,508,370,138
E33024462,281,26,8,18,255,202,53
E33024463,222,30,13,17,192,153,39
E33024464,727,68,17,51,659,481,178
E33024465,3417,975,260,715,2442,2072,370
E33024466,1649,120,26,94,1529,1273,256
E33024467,4188,385,83,302,3803,3135,668
E33024468,526,151,35,116,375,335,40
E33024469,225,67,14,53,158,135,23
E33024470,408,66,23,43,342,274,68
E33024471,390,106,21,85,284,230,54
E33024472,234,40,9,31,194,157,37
E33024473,303,96,37,59,207,161,46
E33024474,716,110,37,73,606,537,69
E33024475,208,71,26,45,137,125,12
E33024476,300,92,37,55,208,194,14
E33024477,203,73,24,49,130,118,12
E33024478,200,84,37,47,116,99,17
E33024479,1253,621,336,285,632,609,23
E33024480,369,85,16,69,284,274,10
E33024481,941,555,322,233,386,365,21
E33024482,933,243,62,181,690,605,85
E33024483,266,103,54,49,163,124,39
E33024484,2164,427,153,274,1737,1582,155
E33024485,731,395,181,214,336,296,40
E33024486,212,52,15,37,160,132,28
E33024487,831,425,116,309,406,352,54
E33024488,627,121,47,74,506,400,106
E33024489,207,41,10,31,166,132,34
E33024490,469,192,51,141,277,245,32
E33024491,968,325,154,171,643,523,120
E33024492,3078,1045,455,590,2033,1670,363
E33024493,725,227,82,145,498,359,139
E33024494,357,65,12,53,292,202,90
E33024495,499,113,29,84,386,285,101
E33024496,309,17,5,12,292,237,55
E33024497,558,142,24,118,416,379,37
E33024498,607,109,37,72,498,442,56
E33024499,314,52,16,36,262,221,41
E33024500,695,196,57,139,499,427,72
E33024501,727,57,11,46,670,587,83
E33024502,819,246,71,175,573,483,90
E33024503,214,31,7,24,183,158,25
E33024504,207,28,15,13,179,132,47
E33024505,489,52,22,30,437,353,84
E33024506,898,114,25,89,784,674,110
E33024507,924,164,39,125,760,665,95
E33024508,916,422,155,267,494,460,34
E33024509,539,242,79,163,297,249,48
E33024510,317,176,84,92,141,116,25
E33024511,325,117,23,94,208,185,23
E33024512,335,97,36,61,238,183,55
E33024513,692,98,35,63,594,391,203
E33024514,340,175,80,95,165,155,10
E33024515,551,134,37,97,417,327,90
E33024516,551,272,76,196,279,230,49
E33024517,225,37,10,27,188,154,34
E33024518,214,80,29,51,134,109,25
E33024519,250,94,29,65,156,142,14
E33024520,378,189,57,132,189,169,20
E33024521,177,18,5,13,159,143,16
E33024522,531,56,15,41,475,433,42
E33024523,935,307,115,192,628,507,121
E33024524,1074,85,23,62,989,836,153
E33024525,374,60,31,29,314,164,150
E33024526,401,188,74,114,213,179,34
E33024527,224,29,9,20,195,133,62
E33024528,650,86,34,52,564,389,175
E33024529,235,100,30,70,135,121,14
E33024530,395,56,16,40,339,251,88
E33024531,3111,478,116,362,2633,2419,214
E33024532,252,153,50,103,99,76,23
E33024533,1149,96,27,69,1053,905,148
E33024534,1117,265,56,209,852,808,44
E33024535,887,182,53,129,705,597,108
E33024536,206,41,13,28,165,147,18
E33024537,682,218,60,158,464,414,50
E33024538,414,47,10,37,367,293,74
E33024539,845,182,65,117,663,569,94
E33024540,400,183,87,96,217,176,41
E33024541,367,21,3,18,346,322,24
E33024542,774,443,165,278,331,288,43
E33024543,473,160,58,102,313,236,77
E33024544,579,109,32,77,470,365,105
E33024545,356,63,20,43,293,239,54
E33024546,215,76,33,43,139,103,36
E33024547,736,115,32,83,621,487,134
E33024548,403,50,18,32,353,282,71
E33024549,815,125,34,91,690,581,109
E33024550,878,75,18,57,803,673,130
E33024551,205,114,25,89,91,84,7
E33024552,255,121,44,77,134,121,13
E33024553,820,406,97,309,414,370,44
E33024554,189,71,30,41,118,111,7
E33024555,565,302,106,196,263,247,16
E33024556,342,82,21,61,260,230,30
E33024557,605,179,36,143,426,340,86
E33024558,482,235,61,174,247,220,27
E33024559,218,69,16,53,149,130,19
E33024560,318,81,10,71,237,230,7
E33024561,474,153,35,118,321,296,25
E33024562,200,29,11,18,171,119,52
E33024563,617,102,19,83,515,387,128
E33024564,232,19,8,11,213,140,73
E33024565,261,21,8,13,240,197,43
E33024566,306,39,12,27,267,229,38
E33024567,458,99,16,83,359,294,65
E33024568,194,108,43,65,86,74,12
E33024569,443,157,64,93,286,238,48
E33024570,508,255,76,179,253,230,23
E33024571,221,28,7,21,193,168,25
E33024572,292,74,22,52,218,158,60
E33024573,1563,314,121,193,1249,978,271
E33024574,707,144,20,124,563,511,52
E33024575,213,82,33,49,131,101,30
E33024576,276,124,41,83,152,125,27
E33024577,331,178,71,107,153,126,27
E33024578,1066,462,112,350,604,557,47
E33024579,690,237,71,166,453,399,54
E33024580,227,29,12,17,198,144,54
E33024581,926,105,30,75,821,734,87
E33024582,960,194,51,143,766,639,127
E33024583,268,139,58,81,129,118,11
E33024584,705,419,170,249,286,257,29
E33024585,270,154,67,87,116,99,17
E33024586,209,109,44,65,100,92,8
E33024587,327,66,17,49,261,232,29
E33024588,968,267,60,207,701,635,66
E33024589,334,78,5,73,256,242,14
E33024590,234,78,25,53,156,119,37
E33024591,601,339,99,240,262,237,25
E33024592,454,228,88,140,226,208,18
E33024593,349,84,22,62,265,221,44
E33024594,232,69,20,49,163,143,20
E33024595,264,64,15,49,200,178,22
E33024596,722,211,49,162,511,447,64
E33024597,548,120,34,86,428,351,77
E33024598,840,307,113,194,533,446,87
E33024599,301,45,7,38,256,204,52
E33024600,852,74,23,51,778,577,201
E33024601,363,122,56,66,241,201,40
E33024602,210,48,14,34,162,138,24
E33024603,340,29,12,17,311,254,57
E33024604,826,64,18,46,762,690,72
E33024605,242,69,21,48,173,144,29
E33024606,244,27,10,17,217,188,29
E33024607,408,52,20,32,356,325,31
E33024608,397,43,16,27,354,297,57
E33024609,818,122,34,88,696,607,89
E33024610,2798,929,181,748,1869,1655,214
E33024611,338,59,15,44,279,168,111
E33024612,347,101,35,66,246,212,34
E33024613,362,89,15,74,273,263,10
E33024614,408,160,59,101,248,188,60
E33024615,323,149,65,84,174,155,19
E33024616,558,248,97,151,310,264,46
E33024617,225,87,20,67,138,133,5
E33024618,833,169,55,114,664,609,55
E33024619,260,134,36,98,126,100,26
E33024620,372,57,14,43,315,177,138
E33024621,245,79,24,55,166,146,20
E33024622,269,65,20,45,204,186,18
E33024623,227,71,25,46,156,134,22
E33024624,390,165,56,109,225,196,29
E33024625,240,112,50,62,128,107,21
E33024626,382,130,36,94,252,215,37
E33024627,174,31,12,19,143,109,34
E33024628,800,89,20,69,711,589,122
E33024629,122,42,8,34,80,69,11
E33024630,1348,178,42,136,1170,1023,147
E33024631,200,34,11,23,166,137,29
E33024632,378,58,14,44,320,206,114
E33024633,1189,129,40,89,1060,951,109
E33024634,432,55,26,29,377,326,51
E33024635,230,64,28,36,166,128,38
E33024636,423,40,15,25,383,306,77
E33024637,575,124,29,95,451,372,79
E33024638,305,120,33,87,185,160,25
E33024639,941,239,56,183,702,601,101
E33024640,2513,657,184,473,1856,1736,120
E33024641,226,72,33,39,154,128,26
E33024642,253,69,28,41,184,165,19
E33024643,1307,245,47,198,1062,968,94
E33024644,509,159,63,96,350,318,32
E33024645,229,60,18,42,169,142,27
E33024646,488,108,31,77,380,339,41
E33024647,415,160,46,114,255,185,70
E33024648,799,142,46,96,657,583,74
E33024649,373,109,38,71,264,233,31
E33024650,213,61,14,47,152,119,33
E33024651,257,79,30,49,178,160,18
E33024652,3693,470,86,384,3223,2964,259
E33024653,337,142,34,108,195,171,24
E33024654,346,172,80,92,174,148,26
E33024655,254,97,33,64,157,132,25
E33024656,1065,564,226,338,501,473,28
E33024657,279,87,27,60,192,180,12
E33024658,428,250,116,134,178,159,19
E33024659,322,172,51,121,150,136,14
E33024660,445,229,106,123,216,197,19
E33024661,1152,279,62,217,873,801,72
E33024662,238,154,66,88,84,77,7
E33024663,289,143,70,73,146,128,18
E33024664,262,103,43,60,159,140,19
E33024665,250,116,40,76,134,115,19
E33024666,277,43,16,27,234,201,33
E33024667,209,35,5,30,174,142,32
E33024668,234,50,24,26,184,163,21
E33024669,750,121,30,91,629,535,94
E33024670,434,71,22,49,363,322,41
E33024671,274,39,9,30,235,200,35
E33024672,274,24,11,13,250,227,23
E33024673,263,80,22,58,183,171,12
E33024674,344,69,20,49,275,253,22
E33024675,932,230,79,151,702,631,71
E33024676,383,90,20,70,293,262,31
E33024677,302,97,14,83,205,198,7
E33024678,775,257,60,197,518,461,57
E33024679,308,61,16,45,247,214,33
E33024680,319,164,60,104,155,129,26
E33024681,236,57,22,35,179,144,35
E33024682,565,132,33,99,433,383,50
E33024683,286,77,24,53,209,203,6
E33024684,209,46,12,34,163,140,23
E33024685,199,68,22,46,131,102,29
E33024686,504,126,43,83,378,286,92
E33024687,387,42,12,30,345,292,53
E33024688,155,42,19,23,113,91,22
E33024689,568,183,58,125,385,342,43
E33024690,388,116,20,96,272,234,38
E33024691,555,151,56,95,404,331,73
E33024692,199,77,27,50,122,106,16
E33024693,234,57,22,35,177,151,26
E33024694,359,142,56,86,217,180,37
E33024695,634,293,69,224,341,311,30
E33024696,699,103,26,77,596,484,112
E33024697,6790,2328,503,1825,4462,3952,510
E33024698,241,78,24,54,163,129,34
E33024699,325,172,67,105,153,134,19
E33024700,425,211,96,115,214,193,21
E33024701,395,180,79,101,215,167,48
E33024702,253,44,15,29,209,150,59
E33024703,396,48,14,34,348,297,51
E33024704,525,93,26,67,432,354,78
E33024705,1459,97,36,61,1362,1202,160
E33024706,241,32,12,20,209,170,39
E33024707,800,75,34,41,725,565,160
E33024708,1032,180,54,126,852,684,168
E33024709,727,175,53,122,552,470,82
E33024710,251,78,29,49,173,141,32
E33024711,400,202,77,125,198,169,29
E33024712,291,142,33,109,149,123,26
E33024713,357,46,11,35,311,253,58
E33024714,550,126,38,88,424,375,49
E33024715,925,79,20,59,846,774,72
E33024716,306,58,16,42,248,163,85
E33024717,1314,188,73,115,1126,964,162
E33024718,443,239,119,120,204,179,25
E33024719,298,65,29,36,233,210,23
E33024720,278,83,22,61,195,169,26
E33024721,359,176,73,103,183,162,21
E33024722,316,121,40,81,195,167,28
E33024723,441,239,105,134,202,165,37
E33024724,228,76,29,47,152,135,17
E33024725,353,174,61,113,179,157,22
E33024726,346,106,37,69,240,180,60
E33024727,323,91,36,55,232,188,44
E33024728,1628,851,367,484,777,691,86
E33024729,196,56,15,41,140,98,42
E33024730,562,85,29,56,477,369,108
E33024731,350,52,15,37,298,243,55
E33024732,264,26,10,16,238,198,40
E33024733,871,99,33,66,772,616,156
E33024734,219,22,5,17,197,136,61
E33024735,223,121,21,100,102,78,24
E33024736,527,263,83,180,264,228,36
E33024737,728,265,67,198,463,398,65
E33024738,215,32,8,24,183,163,20
E33024739,409,50,12,38,359,305,54
E33024740,670,81,41,40,589,411,178
E33024741,216,26,4,22,190,159,31
E33024742,249,23,4,19,226,186,40
E33024743,490,98,44,54,392,307,85
E33024744,982,322,110,212,660,581,79
E33024745,445,234,75,159,211,178,33
E33024746,211,95,29,66,116,104,12
E33024747,615,367,164,203,248,206,42
E33024748,320,80,28,52,240,205,35
E33024749,254,139,58,81,115,85,30
E33024750,403,183,97,86,220,205,15
E33024751,294,110,36,74,184,159,25
E33024752,335,157,55,102,178,156,22
E33024753,299,88,29,59,211,162,49
E33024754,216,66,20,46,150,126,24
E33024755,207,66,22,44,141,124,17
E33024756,304,101,35,66,203,197,6
E33024757,470,208,68,140,262,212,50
E33024758,326,65,16,49,261,198,63
E33024759,503,40,11,29,463,425,38
E33024760,288,61,25,36,227,177,50
E33024761,234,77,27,50,157,127,30
E33024762,973,266,79,187,707,653,54
E33024763,425,216,98,118,209,184,25
E33024764,319,62,21,41,257,204,53
E33024765,1941,638,241,397,1303,1158,145
E33024766,1727,350,59,291,1377,1302,75
E33024767,519,258,62,196,261,202,59
E33024768,335,124,38,86,211,191,20
E33024769,1014,203,63,140,811,760,51
E33024770,257,140,63,77,117,97,20
E33024771,923,250,56,194,673,555,118
E33024772,363,104,30,74,259,196,63
E33024773,649,101,47,54,548,431,117
E33024774,817,143,44,99,674,540,134
E33024775,442,55,16,39,387,239,148
E33024776,260,26,11,15,234,190,44
E33024777,356,37,12,25,319,232,87
E33024778,707,359,141,218,348,288,60
E33024779,375,43,16,27,332,166,166
E33024780,554,92,25,67,462,386,76
E33024781,278,132,38,94,146,113,33
E33024782,368,59,23,36,309,253,56
E33024783,647,73,26,47,574,513,61
E33024784,506,278,83,195,228,196,32
E33024785,280,143,51,92,137,116,21
E33024786,204,109,55,54,95,87,8
E33024787,197,89,49,40,108,82,26
E33024788,626,85,32,53,541,500,41
E33024789,773,124,52,72,649,572,77
E33024790,336,61,25,36,275,169,106
E33024791,390,85,24,61,305,155,150
E33024792,246,59,17,42,187,112,75
E33024793,637,218,75,143,419,348,71
E33024794,792,180,54,126,612,474,138
E33024795,481,273,146,127,208,186,22
E33024796,378,185,89,96,193,165,28
E33024797,369,128,45,83,241,193,48
E33024798,271,153,62,91,118,102,16
E33024799,273,105,32,73,168,133,35
E33024800,194,51,17,34,143,118,25
E33024801,476,163,56,107,313,254,59
E33024802,350,135,30,105,215,190,25
E33024803,661,322,130,192,339,306,33
E33024804,217,119,48,71,98,94,4
E33024805,331,99,28,71,232,188,44
E33024806,212,84,32,52,128,116,12
E33024807,340,35,15,20,305,191,114
E33024808,778,40,16,24,738,655,83
E33024809,399,179,79,100,220,177,43
E33024810,506,68,25,43,438,386,52
E33024811,473,42,15,27,431,350,81
E33024812,441,57,20,37,384,297,87
E33024813,1181,126,42,84,1055,898,157
E33024814,985,154,56,98,831,705,126
E33024815,549,49,23,26,500,370,130
E33024816,565,96,31,65,469,414,55
E33024817,339,161,60,101,178,157,21
E33024818,315,115,27,88,200,194,6
E33024819,426,187,71,116,239,198,41
E33024820,488,103,39,64,385,325,60
E33024821,1200,194,53,141,1006,867,139
E33024822,208,33,10,23,175,135,40
E33024823,1241,142,48,94,1099,954,145
E33024824,404,40,10,30,364,325,39
E33024825,274,62,31,31,212,192,20
E33024826,434,130,42,88,304,268,36
E33024827,1920,559,140,419,1361,1270,91
E33024828,924,268,103,165,656,534,122
E33024829,255,45,19,26,210,116,94
E33024830,722,281,99,182,441,392,49
E33024831,779,119,42,77,660,503,157
E33024832,3178,1160,267,893,2018,1828,190
E33024833,297,139,61,78,158,112,46
E33024834,221,97,41,56,124,97,27
E33024835,381,55,17,38,326,274,52
E33024836,2421,120,48,72,2301,1957,344
E33024837,225,95,49,46,130,96,34
E33024838,387,243,103,140,144,120,24
E33024839,204,90,41,49,114,90,24
E33024840,604,83,27,56,521,236,285
E33024841,421,53,24,29,368,276,92
E33024842,611,58,9,49,553,281,272
E33024843,419,24,7,17,395,158,237
E33024844,229,17,4,13,212,151,61
E33024845,311,41,13,28,270,182,88
E33024846,527,56,17,39,471,224,247
E33024847,1402,82,28,54,1320,1227,93
E33024848,427,167,60,107,260,210,50
E33024849,350,56,24,32,294,247,47
E33024850,288,140,60,80,148,126,22
E33024851,239,113,47,66,126,99,27
E33024852,229,89,40,49,140,116,24
E33024853,581,191,65,126,390,349,41
E33024854,373,40,10,30,333,283,50
E33024855,271,32,9,23,239,85,154
E33024856,461,172,56,116,289,228,61
E33024857,294,150,54,96,144,123,21
E33024858,206,97,34,63,109,100,9
E33024859,239,102,28,74,137,104,33
E33024860,249,130,49,81,119,106,13
E33024861,219,108,46,62,111,91,20
E33024862,350,178,63,115,172,121,51
E33024863,931,85,24,61,846,775,71
E33024864,229,81,32,49,148,112,36
E33024865,218,82,26,56,136,109,27
E33024866,804,69,8,61,735,706,29
E33024867,249,137,63,74,112,83,29
E33024868,513,223,88,135,290,229,61
E33024869,237,94,24,70,143,121,22
E33024870,207,113,26,87,94,79,15
E33024871,628,184,50,134,444,409,35
E33024872,125,78,16,62,47,43,4
E33024873,258,151,45,106,107,101,6
E33024874,227,83,35,48,144,130,14
E33024875,230,104,30,74,126,114,12
E33024876,399,179,68,111,220,204,16
E33024877,435,248,88,160,187,177,10
E33024878,346,45,20,25,301,158,143
E33024879,235,64,16,48,171,137,34
E33024880,252,105,37,68,147,128,19
E33024881,263,83,25,58,180,159,21
E33024882,347,60,9,51,287,267,20
E33024883,400,62,18,44,338,271,67
E33024884,249,130,44,86,119,105,14
E33024885,428,200,73,127,228,209,19
E33024886,325,89,33,56,236,174,62
E33024887,920,122,55,67,798,594,204
E33024888,772,317,127,190,455,374,81
E33024889,301,100,47,53,201,169,32
E33024890,570,251,90,161,319,254,65
E33024891,459,39,16,23,420,350,70
E33024892,550,82,13,69,468,395,73
E33024893,555,79,22,57,476,413,63
E33024894,630,104,27,77,526,442,84
E33024895,498,37,13,24,461,373,88
E33024896,352,31,14,17,321,212,109
E33024897,377,63,21,42,314,244,70
E33024898,418,66,39,27,352,285,67
E33024899,918,104,17,87,814,696,118
E33024900,675,234,81,153,441,370,71
E33024901,366,118,55,63,248,175,73
E33024902,618,127,65,62,491,372,119
E33024903,605,185,87,98,420,343,77
E33024904,250,83,40,43,167,135,32
E33024905,529,71,20,51,458,402,56
E33024906,382,134,43,91,248,227,21
E33024907,362,106,27,79,256,243,13
E33024908,316,92,37,55,224,202,22
E33024909,1802,896,512,384,906,850,56
E33024910,772,212,69,143,560,464,96
E33024911,403,157,57,100,246,168,78
E33024912,349,91,34,57,258,197,61
E33024913,651,252,105,147,399,331,68
E33024914,442,90,31,59,352,316,36
E33024915,465,100,14,86,365,356,9
E33024916,972,114,18,96,858,810,48
E33024917,228,71,13,58,157,130,27
E33024918,759,148,36,112,611,530,81
E33024919,1007,558,247,311,449,422,27
E33024920,493,153,58,95,340,297,43
E33024921,402,125,23,102,277,244,33
E33024922,316,128,51,77,188,164,24
E33024923,229,59,17,42,170,145,25
E33024924,1200,232,54,178,968,817,151
E33024925,647,360,178,182,287,257,30
E33024926,267,134,72,62,133,119,14
E33024927,257,71,27,44,186,155,31
E33024928,370,160,62,98,210,189,21
E33024929,378,198,44,154,180,158,22
E33024930,321,115,50,65,206,180,26
E33024931,198,64,27,37,134,108,26
E33024932,403,150,43,107,253,206,47
E33024933,351,158,50,108,193,164,29
E33024934,285,166,93,73,119,106,13
E33024935,230,103,29,74,127,100,27
E33024936,816,187,57,130,629,526,103
E33024937,1060,541,282,259,519,466,53
E33024938,354,71,17,54,283,251,32
E33024939,607,259,84,175,348,289,59
E33024940,208,89,27,62,119,95,24
E33024941,277,99,26,73,178,142,36
E33024942,255,34,8,26,221,189,32
E33024943,271,94,38,56,177,132,45
E33024944,252,43,12,31,209,180,29
E33024945,521,159,45,114,362,295,67
E33024946,246,102,50,52,144,127,17
E33024947,446,178,77,101,268,194,74
E33024948,1332,115,47,68,1217,1012,205
E33024949,1741,276,51,225,1465,1373,92
E33024950,255,34,7,27,221,142,79
E33024951,946,264,73,191,682,624,58
E33024952,304,31,7,24,273,233,40
E33024953,755,168,39,129,587,484,103
E33024954,591,215,64,151,376,312,64
E33024955,873,304,56,248,569,520,49
E33024956,243,92,43,49,151,118,33
E33024957,260,22,8,14,238,170,68
E33024958,239,132,65,67,107,95,12
E33024959,356,25,6,19,331,279,52
E33024960,370,92,30,62,278,223,55
E33024961,1841,259,56,203,1582,1375,207
E33024962,361,84,31,53,277,212,65
E33024963,1187,274,65,209,913,791,122
E33024964,852,199,50,149,653,571,82
E33024965,639,48,13,35,591,479,112
E33024966,593,325,80,245,268,246,22
E33024967,362,28,7,21,334,277,57
E33024968,779,100,28,72,679,587,92
E33024969,504,146,24,122,358,317,41
E33024970,405,113,52,61,292,249,43
E33024971,614,163,58,105,451,392,59
E33024972,744,183,36,147,561,530,31
E33024973,682,113,32,81,569,475,94
E33024974,349,80,28,52,269,207,62
E33024975,551,82,14,68,469,429,40
E33024976,367,184,73,111,183,152,31
E33024977,770,169,43,126,601,512,89
E33024978,216,81,33,48,135,111,24
E33024979,454,116,37,79,338,297,41
E33024980,289,170,51,119,119,106,13
E33024981,785,136,28,108,649,598,51
E33024982,343,69,22,47,274,232,42
E33024983,292,84,24,60,208,177,31
E33024984,286,114,44,70,172,157,15
E33024985,366,218,96,122,148,135,13
E33024986,368,61,3,58,307,294,13
E33024987,219,95,45,50,124,112,12
E33024988,952,225,58,167,727,667,60
E33024989,408,101,41,60,307,250,57
E33024990,209,25,5,20,184,141,43
E33024991,379,52,15,37,327,264,63
E33024992,373,69,24,45,304,256,48
E33024993,390,96,23,73,294,235,59
E33024994,863,204,89,115,659,561,98
E33024995,1121,154,29,125,967,696,271
E33024996,1780,335,74,261,1445,1234,211
E33024997,1037,729,319,410,308,283,25
E33024998,415,109,29,80,306,251,55
E33024999,251,123,34,89,128,116,12
E33025000,321,83,31,52,238,200,38
E33025001,450,259,109,150,191,178,13
E33025002,624,143,47,96,481,429,52
E33025003,224,80,34,46,144,121,23
E33025004,491,201,64,137,290,250,40
E33025005,219,50,14,36,169,155,14
E33025006,1352,472,132,340,880,802,78
E33025007,315,41,12,29,274,206,68
E33025008,363,71,16,55,292,264,28
E33025009,326,142,56,86,184,150,34
E33025010,958,164,41,123,794,633,161
E33025011,789,163,64,99,626,453,173
E33025012,591,275,119,156,316,285,31
E33025013,598,336,167,169,262,236,26
E33025014,294,113,44,69,181,160,21
E33025015,452,164,57,107,288,239,49
E33025016,851,478,176,302,373,337,36
E33025017,234,128,50,78,106,92,14
E33025018,362,145,62,83,217,179,38
E33025019,284,77,25,52,207,188,19
E33025020,1078,412,150,262,666,624,42
E33025021,226,109,31,78,117,92,25
E33025022,254,152,59,93,102,81,21
E33025023,482,295,84,211,187,155,32
E33025024,232,73,19,54,159,143,16
E33025025,251,75,24,51,176,152,24
E33025026,562,234,80,154,328,234,94
E33025027,448,88,29,59,360,286,74
E33025028,290,91,35,56,199,137,62
E33025029,505,114,30,84,391,329,62
E33025030,285,56,18,38,229,173,56
E33025031,1298,128,30,98,1170,989,181
E33025032,535,119,31,88,416,370,46
E33025033,4937,1647,379,1268,3290,2830,460
E33025034,719,138,36,102,581,478,103
E33025035,419,59,7,52,360,328,32
E33025036,543,93,26,67,450,381,69
E33025037,374,43,8,35,331,319,12
E33025038,798,162,51,111,636,519,117
E33025039,291,99,36,63,192,163,29
E33025040,345,133,34,99,212,185,27
E33025041,336,121,22,99,215,208,7
E33025042,384,199,64,135,185,167,18
E33025043,261,129,42,87,132,122,10
E33025044,519,147,30,117,372,336,36
E33025045,216,111,21,90,105,94,11
E33025046,262,106,20,86,156,130,26
E33025047,341,96,37,59,245,187,58
E33025048,267,75,15,60,192,170,22
E33025049,402,163,61,102,239,214,25
E33025050,604,188,23,165,416,404,12
E33025051,454,80,31,49,374,307,67
E33025052,420,58,11,47,362,282,80
E33025053,941,156,50,106,785,586,199
E33025054,837,121,46,75,716,536,180
E33025055,1972,263,84,179,1709,1532,177
E33025056,471,91,34,57,380,340,40
E33025057,2470,145,43,102,2325,1991,334
E33025058,1395,105,36,69,1290,1059,231
E33025059,1036,155,36,119,881,799,82
E33025060,206,24,10,14,182,150,32
E33025061,1745,132,43,89,1613,1390,223
E33025062,2367,219,55,164,2148,1923,225
E33025063,632,125,36,89,507,444,63
E33025064,552,123,40,83,429,301,128
E33025065,1226,151,50,101,1075,873,202
E33025066,341,55,11,44,286,225,61
E33025067,747,154,28,126,593,541,52
E33025068,419,117,37,80,302,264,38
E33025069,317,127,51,76,190,161,29
E33025070,254,88,21,67,166,142,24
E33025071,518,188,44,144,330,306,24
E33025072,944,169,44,125,775,620,155
E33025073,270,121,49,72,149,126,23
E33025074,208,79,25,54,129,118,11
E33025075,663,268,96,172,395,345,50
E33025076,297,152,76,76,145,140,5
E33025077,270,130,52,78,140,116,24
E33025078,257,100,48,52,157,140,17
E33025079,224,69,18,51,155,132,23
E33025080,280,77,18,59,203,163,40
E33025081,242,95,30,65,147,125,22
E33025082,249,69,30,39,180,164,16
E33025083,298,166,63,103,132,121,11
E33025084,376,220,111,109,156,143,13
E33025085,978,326,106,220,652,585,67
E33025086,429,136,54,82,293,280,13
E33025087,638,88,22,66,550,479,71
E33025088,241,55,12,43,186,155,31
E33025089,521,54,14,40,467,387,80
E33025090,424,90,26,64,334,311,23
E33025091,884,60,14,46,824,709,115
E33025092,198,27,11,16,171,133,38
E33025093,487,79,19,60,408,362,46
E33025094,240,53,11,42,187,146,41
E33025095,289,26,7,19,263,219,44
E33025096,299,41,11,30,258,196,62
E33025097,885,124,23,101,761,676,85
E33025098,2741,909,201,708,1832,1615,217
E33025099,201,70,23,47,131,119,12
E33025100,599,138,33,105,461,436,25
E33025101,488,251,103,148,237,228,9
E33025102,231,81,22,59,150,125,25
E33025103,206,45,14,31,161,131,30
E33025104,329,123,39,84,206,171,35
E33025105,386,179,77,102,207,171,36
E33025106,233,77,24,53,156,117,39
E33025107,229,69,23,46,160,143,17
E33025108,211,71,38,33,140,131,9
E33025109,444,119,16,103,325,313,12
E33025110,659,330,138,192,329,314,15
E33025111,230,99,36,63,131,95,36
E33025112,388,180,82,98,208,194,14
E33025113,219,54,11,43,165,145,20
E33025114,684,395,173,222,289,261,28
E33025115,574,358,83,275,216,200,16
E33025116,1247,696,362,334,551,519,32
E33025117,285,38,14,24,247,200,47
E33025118,1489,165,49,116,1324,1117,207
E33025119,557,82,31,51,475,390,85
E33025120,1284,464,168,296,820,734,86
E33025121,489,105,45,60,384,331,53
E33025122,218,33,11,22,185,138,47
E33025123,1148,287,71,216,861,773,88
E33025124,4083,1522,810,712,2561,2061,500
E33025125,247,44,17,27,203,181,22
E33025126,816,368,146,222,448,432,16
E33025127,242,12,2,10,230,211,19
E33025128,927,95,33,62,832,689,143
E33025129,679,331,216,115,348,312,36
E33025130,746,85,28,57,661,545,116
E33025131,439,137,26,111,302,280,22
E33025132,276,160,63,97,116,112,4
E33025133,718,401,182,219,317,271,46
E33025134,2200,198,64,134,2002,1454,548
E33025135,4248,389,120,269,3859,2491,1368
E33025136,373,56,11,45,317,249,68
E33025137,302,72,31,41,230,178,52
E33025138,720,129,33,96,591,496,95
E33025139,451,69,14,55,382,314,68
E33025140,209,23,6,17,186,132,54
E33025141,230,24,1,23,206,187,19
E33025142,404,120,35,85,284,214,70
E33025143,706,77,22,55,629,468,161
E33025144,214,45,18,27,169,126,43
E33025145,1275,455,149,306,820,643,177
E33025146,245,29,8,21,216,187,29
E33025147,2185,356,83,273,1829,1613,216
E33025148,293,66,12,54,227,186,41
E33025149,729,63,16,47,666,575,91
E33025150,365,50,12,38,315,260,55
E33025151,1237,76,16,60,1161,994,167
E33025152,531,58,11,47,473,346,127
E33025153,687,71,11,60,616,519,97
E33025154,1423,536,175,361,887,788,99
E33025155,257,90,31,59,167,137,30
E33025156,669,225,72,153,444,361,83
E33025157,601,107,22,85,494,361,133
E33025158,469,69,20,49,400,352,48
E33025159,1334,62,26,36,1272,790,482
E33025160,344,114,25,89,230,188,42
E33025161,540,141,65,76,399,312,87
E33025162,214,69,27,42,145,118,27
E33025163,735,113,37,76,622,536,86
E33025164,420,60,18,42,360,282,78
E33025165,427,159,57,102,268,200,68
E33025166,260,80,32,48,180,137,43
E33025167,230,55,20,35,175,130,45
E33025168,309,96,45,51,213,144,69
E33025169,307,115,45,70,192,137,55
E33025170,559,232,80,152,327,272,55
E33025171,777,343,109,234,434,326,108
E33025172,566,191,57,134,375,298,77
E33025173,247,86,27,59,161,111,50
E33025174,497,151,56,95,346,247,99
E33025175,207,73,34,39,134,84,50
E33025176,231,57,21,36,174,128,46
E33025177,2264,236,105,131,2028,1623,405
E33025178,405,165,69,96,240,179,61
E33025179,289,111,47,64,178,128,50
E33025180,248,75,34,41,173,114,59
E33025181,315,119,47,72,196,148,48
E33025182,317,137,45,92,180,145,35
E33025183,459,154,58,96,305,185,120
E33025184,475,96,36,60,379,318,61
E33025185,250,73,32,41,177,127,50
E33025186,727,274,96,178,453,371,82
E33025187,311,156,57,99,155,119,36
E33025188,354,150,39,111,204,152,52
E33025189,360,137,22,115,223,172,51
E33025190,368,155,47,108,213,157,56
E33025191,363,142,31,111,221,173,48
E33025192,540,234,67,167,306,233,73
E33025193,401,135,36,99,266,220,46
E33025194,692,207,35,172,485,442,43
E33025195,457,114,20,94,343,284,59
E33025196,741,181,42,139,560,485,75
E33025197,452,190,90,100,262,211,51
E33025198,726,179,50,129,547,436,111
E33025199,331,148,34,114,183,141,42
E33025200,484,198,38,160,286,239,47
E33025201,877,377,120,257,500,384,116
E33025202,829,184,50,134,645,578,67
E33025203,428,177,49,128,251,192,59
E33025204,396,159,60,99,237,195,42
E33025205,871,277,80,197,594,503,91
E33025206,250,104,17,87,146,130,16
E33025207,293,106,32,74,187,160,27
E33025208,388,175,44,131,213,175,38
E33025209,594,131,33,98,463,374,89
E33025210,733,263,49,214,470,417,53
E33025211,774,296,79,217,478,383,95
E33025212,268,129,39,90,139,109,30
E33025213,261,122,60,62,139,121,18
E33025214,1523,404,117,287,1119,945,174
E33025215,299,111,28,83,188,150,38
E33025216,377,143,42,101,234,188,46
E33025217,267,92,22,70,175,136,39
E33025218,359,88,11,77,271,248,23
E33025219,261,79,21,58,182,161,21
E33025220,484,149,38,111,335,317,18
E33025221,260,99,26,73,161,133,28
E33025222,402,205,51,154,197,168,29
E33025223,505,192,50,142,313,224,89
E33025224,645,229,51,178,416,362,54
E33025225,336,123,42,81,213,156,57
E33025226,477,191,55,136,286,197,89
E33025227,379,131,40,91,248,212,36
E33025228,677,204,63,141,473,413,60
E33025229,274,58,20,38,216,184,32
E33025230,299,80,12,68,219,178,41
E33025231,286,115,39,76,171,151,20
E33025232,466,151,45,106,315,253,62
E33025233,347,95,29,66,252,184,68
E33025234,402,117,31,86,285,245,40
E33025235,256,77,25,52,179,160,19
E33025236,370,69,14,55,301,270,31
E33025237,350,96,23,73,254,202,52
E33025238,588,255,88,167,333,281,52
E33025239,360,116,41,75,244,191,53
E33025240,1143,221,47,174,922,849,73
E33025241,258,109,31,78,149,108,41
E33025242,752,199,66,133,553,482,71
E33025243,586,204,93,111,382,267,115
E33025244,504,143,64,79,361,254,107
E33025245,333,100,25,75,233,166,67
E33025246,433,136,41,95,297,231,66
E33025247,264,112,30,82,152,127,25
E33025248,264,126,34,92,138,104,34
E33025249,327,138,39,99,189,149,40
E33025250,477,60,19,41,417,366,51
E33025251,377,169,63,106,208,177,31
E33025252,306,112,34,78,194,158,36
E33025253,837,189,60,129,648,561,87
E33025254,761,373,142,231,388,329,59
E33025255,550,184,104,80,366,282,84
E33025256,1484,308,99,209,1176,919,257
E33025257,399,191,71,120,208,148,60
E33025258,355,89,32,57,266,226,40
E33025259,622,233,81,152,389,333,56
E33025260,386,116,39,77,270,213,57
E33025261,318,120,39,81,198,162,36
E33025262,332,146,53,93,186,151,35
E33025263,352,130,49,81,222,173,49
E33025264,556,286,104,182,270,217,53
E33025265,593,227,68,159,366,311,55
E33025266,324,121,41,80,203,148,55
E33025267,304,100,26,74,204,168,36
E33025268,400,155,46,109,245,211,34
E33025269,342,148,58,90,194,153,41
E33025270,579,176,64,112,403,333,70
E33025271,350,120,32,88,230,182,48
E33025272,346,133,47,86,213,173,40
E33025273,563,213,75,138,350,283,67
E33025274,362,141,52,89,221,175,46
E33025275,652,266,110,156,386,296,90
E33025276,315,120,44,76,195,145,50
E33025277,378,148,53,95,230,193,37
E33025278,721,258,80,178,463,366,97
E33025279,372,143,58,85,229,169,60
E33025280,870,119,31,88,751,628,123
E33025281,480,174,72,102,306,239,67
E33025282,675,232,75,157,443,367,76
E33025283,355,119,48,71,236,180,56
E33025284,925,322,92,230,603,498,105
E33025285,967,335,87,248,632,542,90
E33025286,483,179,72,107,304,254,50
E33025287,389,185,63,122,204,172,32
E33025288,294,147,45,102,147,120,27
E33025289,367,160,43,117,207,167,40
E33025290,333,106,37,69,227,167,60
E33025291,380,159,62,97,221,171,50
E33025292,319,93,28,65,226,189,37
E33025293,875,324,129,195,551,450,101
E33025294,366,133,40,93,233,174,59
E33025295,478,181,76,105,297,242,55
E33025296,403,137,52,85,266,225,41
E33025297,277,138,46,92,139,97,42
E33025298,283,70,27,43,213,169,44
E33025299,530,227,77,150,303,236,67
E33025300,243,95,34,61,148,112,36
E33025301,331,98,29,69,233,187,46
E33025302,371,90,26,64,281,240,41
E33025303,633,163,31,132,470,377,93
E33025304,405,150,48,102,255,206,49
E33025305,580,174,66,108,406,316,90
E33025306,350,167,63,104,183,148,35
E33025307,376,117,30,87,259,227,32
E33025308,420,74,17,57,346,230,116
E33025309,666,188,57,131,478,434,44
E33025310,692,120,31,89,572,494,78
E33025311,374,110,44,66,264,213,51
E33025312,576,203,91,112,373,288,85
E33025313,514,159,54,105,355,245,110
E33025314,393,92,32,60,301,224,77
E33025315,429,198,78,120,231,189,42
E33025316,308,119,31,88,189,154,35
E33025317,560,248,105,143,312,247,65
E33025318,399,172,27,145,227,189,38
E33025319,301,135,45,90,166,141,25
E33025320,297,159,39,120,138,115,23
E33025321,273,97,30,67,176,156,20
E33025322,1488,137,51,86,1351,1174,177
E33025323,272,88,31,57,184,159,25
E33025324,318,67,19,48,251,205,46
E33025325,357,105,34,71,252,197,55
E33025326,377,147,51,96,230,180,50
E33025327,493,128,28,100,365,297,68
E33025328,361,57,20,37,304,246,58
E33025329,401,109,25,84,292,259,33
E33025330,322,101,30,71,221,189,32
E33025331,1094,258,62,196,836,645,191
E33025332,293,66,27,39,227,208,19
E33025333,541,93,27,66,448,360,88
E33025334,765,186,69,117,579,490,89
E33025335,1022,222,50,172,800,717,83
E33025336,552,244,87,157,308,251,57
E33025337,488,122,52,70,366,283,83
E33025338,944,354,118,236,590,470,120
E33025339,351,138,66,72,213,171,42
E33025340,266,75,20,55,191,163,28
E33025341,586,147,48,99,439,390,49
E33025342,370,138,54,84,232,190,42
E33025343,599,169,45,124,430,373,57
E33025344,272,72,20,52,200,164,36
E33025345,596,285,130,155,311,270,41
E33025346,295,95,34,61,200,166,34
E33025347,696,300,124,176,396,280,116
E33025348,771,253,95,158,518,420,98
E33025349,406,154,69,85,252,186,66
E33025350,542,83,33,50,459,340,119
E33025351,367,125,42,83,242,192,50
E33025352,373,172,77,95,201,167,34
E33025353,853,471,180,291,382,333,49
E33025354,365,144,56,88,221,156,65
E33025355,526,227,92,135,299,235,64
E33025356,256,81,23,58,175,145,30
E33025357,380,179,80,99,201,144,57
E33025358,383,150,56,94,233,169,64
E33025359,278,138,57,81,140,111,29
E33025360,368,140,66,74,228,154,74
E33025361,324,130,37,93,194,161,33
E33025362,333,133,57,76,200,152,48
E33025363,4513,1579,357,1222,2934,2575,359
E33025364,237,109,44,65,128,108,20
E33025365,346,154,55,99,192,152,40
E33025366,445,203,77,126,242,198,44
E33025367,341,108,32,76,233,165,68
E33025368,285,116,27,89,169,127,42
E33025369,302,96,33,63,206,148,58
E33025370,354,105,42,63,249,193,56
E33025371,361,118,38,80,243,203,40
E33025372,713,266,105,161,447,321,126
E33025373,415,135,45,90,280,204,76
E33025374,1431,728,271,457,703,590,113
E33025375,316,63,25,38,253,195,58
E33025376,378,144,46,98,234,191,43
E33025377,396,171,59,112,225,168,57
E33025378,365,130,51,79,235,172,63
E33025379,475,202,61,141,273,221,52
E33025380,364,123,46,77,241,182,59
E33025381,623,206,76,130,417,331,86
E33025382,339,135,35,100,204,157,47
E33025383,468,138,44,94,330,243,87
E33025384,269,98,46,52,171,134,37
E33025385,548,196,93,103,352,292,60
E33025386,279,113,43,70,166,130,36
E33025387,355,149,51,98,206,163,43
E33025388,295,126,68,58,169,122,47
E33025389,463,220,69,151,243,178,65
E33025390,293,100,37,63,193,143,50
E33025391,294,114,47,67,180,130,50
E33025392,329,153,73,80,176,117,59
E33025393,464,174,58,116,290,223,67
E33025394,335,90,17,73,245,216,29
E33025395,336,160,59,101,176,144,32
E33025396,456,170,46,124,286,260,26
E33025397,239,41,15,26,198,155,43
E33025398,282,110,31,79,172,122,50
E33025399,306,108,37,71,198,166,32
E33025400,332,75,15,60,257,206,51
E33025401,334,105,28,77,229,192,37
E33025402,263,114,45,69,149,105,44
E33025403,447,139,46,93,308,222,86
E33025404,298,115,42,73,183,142,41
E33025405,397,198,87,111,199,158,41
E33025406,431,180,65,115,251,199,52
E33025407,342,148,65,83,194,147,47
E33025408,336,133,64,69,203,149,54
E33025409,255,95,40,55,160,111,49
E33025410,463,159,49,110,304,242,62
E33025411,478,202,78,124,276,220,56
E33025412,372,166,77,89,206,159,47
E33025413,261,120,66,54,141,104,37
E33025414,284,107,29,78,177,140,37
E33025415,411,200,72,128,211,158,53
E33025416,673,204,79,125,469,344,125
E33025417,378,133,43,90,245,186,59
E33025418,227,84,13,71,143,104,39
E33025419,396,154,60,94,242,178,64
E33025420,427,178,78,100,249,196,53
E33025421,395,159,52,107,236,181,55
E33025422,796,158,38,120,638,442,196
E33025423,325,152,47,105,173,124,49
E33025424,607,331,85,246,276,229,47
E33025425,473,90,34,56,383,334,49
E33025426,314,62,22,40,252,211,41
E33025427,627,237,76,161,390,306,84
E33025428,1099,361,50,311,738,656,82
E33025429,318,118,41,77,200,150,50
E33025430,306,106,30,76,200,146,54
E33025431,306,106,25,81,200,170,30
E33025432,266,82,22,60,184,166,18
E33025433,553,201,67,134,352,276,76
E33025434,591,305,129,176,286,219,67
E33025435,625,300,173,127,325,255,70
E33025436,471,224,61,163,247,192,55
E33025437,1617,681,243,438,936,823,113
E33025438,411,170,72,98,241,199,42
E33025439,387,125,35,90,262,220,42
E33025440,304,103,26,77,201,143,58
E33025441,387,155,34,121,232,183,49
E33025442,273,110,39,71,163,129,34
E33025443,308,118,44,74,190,151,39
E33025444,344,175,67,108,169,149,20
E33025445,547,203,71,132,344,276,68
E33025446,245,101,56,45,144,114,30
E33025447,248,118,35,83,130,91,39
E33025448,278,109,37,72,169,124,45
E33025449,498,220,102,118,278,208,70
E33025450,496,177,72,105,319,225,94
E33025451,573,202,62,140,371,256,115
E33025452,330,140,59,81,190,159,31
E33025453,299,97,30,67,202,177,25
E33025454,325,152,52,100,173,119,54
E33025455,285,83,35,48,202,152,50
E33025456,289,120,43,77,169,129,40
E33025457,760,283,109,174,477,351,126
E33025458,512,172,58,114,340,232,108
E33025459,304,135,52,83,169,119,50
E33025460,530,169,75,94,361,263,98
E33025461,300,155,50,105,145,115,30
E33025462,289,125,49,76,164,126,38
E33025463,716,253,93,160,463,354,109
E33025464,482,200,55,145,282,246,36
E33025465,657,249,115,134,408,313,95
E33025466,710,176,63,113,534,374,160
E33025467,644,154,57,97,490,324,166
E33025468,427,144,55,89,283,213,70
E33025469,418,155,71,84,263,209,54
E33025470,556,197,66,131,359,272,87
E33025471,489,181,65,116,308,245,63
E33025472,310,114,29,85,196,154,42
E33025473,515,191,62,129,324,244,80
E33025474,397,122,53,69,275,198,77
E33025475,361,115,27,88,246,190,56
E33025476,660,203,43,160,457,374,83
E33025477,350,127,44,83,223,168,55
E33025478,462,126,39,87,336,248,88
E33025479,477,204,49,155,273,232,41
E33025480,442,147,31,116,295,239,56
E33025481,308,97,29,68,211,154,57
E33025482,433,147,41,106,286,222,64
E33025483,390,128,52,76,262,182,80
E33025484,378,88,33,55,290,168,122
E33025485,446,208,74,134,238,186,52
E33025486,411,102,50,52,309,249,60
E33025487,931,330,104,226,601,504,97
E33025488,672,234,91,143,438,333,105
E33025489,525,213,57,156,312,269,43
E33025490,500,198,56,142,302,229,73
E33025491,527,177,48,129,350,275,75
E33025492,337,79,33,46,258,220,38
E33025493,539,123,36,87,416,311,105
E33025494,470,178,68,110,292,210,82
E33025495,357,88,31,57,269,186,83
E33025496,457,139,50,89,318,237,81
E33025497,322,105,27,78,217,164,53
E33025498,367,185,92,93,182,136,46
E33025499,710,287,107,180,423,328,95
E33025500,341,133,63,70,208,154,54
E33025501,282,51,13,38,231,194,37
E33025502,383,71,30,41,312,234,78
E33025503,343,130,35,95,213,167,46
E33025504,608,86,16,70,522,413,109
E33025505,424,73,20,53,351,248,103
E33025506,509,148,41,107,361,279,82
E33025507,282,90,22,68,192,164,28
E33025508,728,174,54,120,554,367,187
E33025509,505,193,61,132,312,254,58
E33025510,657,241,76,165,416,351,65
E33025511,352,144,45,99,208,165,43
E33025512,368,111,42,69,257,191,66
E33025513,555,128,41,87,427,357,70
E33025514,377,147,54,93,230,183,47
E33025515,678,138,43,95,540,459,81
E33025516,566,196,54,142,370,330,40
E33025517,885,276,68,208,609,483,126
E33025518,316,102,27,75,214,180,34
E33025519,1418,190,65,125,1228,911,317
E33025520,467,154,43,111,313,255,58
E33025521,425,156,70,86,269,207,62
E33025522,675,159,52,107,516,407,109
E33025523,341,140,41,99,201,133,68
E33025524,274,94,37,57,180,125,55
E33025525,797,150,37,113,647,568,79
E33025526,631,254,93,161,377,308,69
E33025527,256,91,34,57,165,126,39
E33025528,480,163,72,91,317,229,88
E33025529,354,123,51,72,231,160,71
E33025530,587,197,80,117,390,284,106
E33025531,287,123,54,69,164,119,45
E33025532,320,73,25,48,247,192,55
E33025533,509,91,37,54,418,299,119
E33025534,285,94,41,53,191,131,60
E33025535,315,142,55,87,173,126,47
E33025536,470,216,78,138,254,214,40
E33025537,375,140,56,84,235,154,81
E33025538,1476,194,60,134,1282,978,304
E33025539,528,194,81,113,334,280,54
E33025540,516,61,27,34,455,361,94
E33025541,400,119,38,81,281,219,62
E33025542,512,261,66,195,251,208,43
E33025543,515,203,66,137,312,233,79
E33025544,377,144,56,88,233,180,53
E33025545,366,119,27,92,247,188,59
E33025546,338,199,106,93,139,116,23
E33025547,298,91,37,54,207,167,40
E33025548,490,209,64,145,281,211,70
E33025549,286,111,28,83,175,139,36
E33025550,590,137,48,89,453,341,112
E33025551,489,156,63,93,333,233,100
E33025552,327,82,33,49,245,203,42
E33025553,271,92,31,61,179,151,28
E33025554,306,142,58,84,164,122,42
E33025555,871,55,16,39,816,672,144
E33025556,416,155,75,80,261,197,64
E33025557,381,132,48,84,249,162,87
E33025558,902,137,64,73,765,635,130
E33025559,477,156,81,75,321,225,96
E33025560,381,112,58,54,269,174,95
E33025561,374,110,49,61,264,164,100
E33025562,313,89,33,56,224,154,70
E33025563,500,185,84,101,315,231,84
E33025564,527,167,75,92,360,230,130
E33025565,391,153,63,90,238,158,80
E33025566,356,134,48,86,222,159,63
E33025567,402,106,29,77,296,200,96
E33025568,381,149,51,98,232,165,67
E33025569,362,123,44,79,239,172,67
E33025570,780,100,38,62,680,515,165
E33025571,394,149,41,108,245,194,51
E33025572,404,168,71,97,236,190,46
E33025573,320,103,44,59,217,149,68
E33025574,367,122,39,83,245,169,76
E33025575,617,155,57,98,462,402,60
E33025576,606,254,82,172,352,266,86
E33025577,334,121,40,81,213,176,37
E33025578,703,282,104,178,421,320,101
E33025579,321,124,52,72,197,134,63
E33025580,334,98,25,73,236,185,51
E33025581,393,128,53,75,265,195,70
E33025582,537,251,66,185,286,234,52
E33025583,317,106,40,66,211,156,55
E33025584,552,188,80,108,364,287,77
E33025585,740,388,184,204,352,285,67
E33025586,342,121,54,67,221,161,60
E33025587,686,96,38,58,590,492,98
E33025588,453,144,59,85,309,227,82
E33025589,397,147,80,67,250,182,68
E33025590,379,144,53,91,235,166,69
E33025591,263,95,32,63,168,122,46
E33025592,664,134,46,88,530,394,136
E33025593,254,104,49,55,150,113,37
E33025594,252,100,46,54,152,114,38
E33025595,337,121,43,78,216,174,42
E33025596,375,117,49,68,258,191,67
E33025597,356,103,38,65,253,182,71
E33025598,345,111,37,74,234,171,63
E33025599,310,86,37,49,224,164,60
E33025600,361,133,61,72,228,173,55
E33025601,694,249,78,171,445,346,99
E33025602,316,116,50,66,200,138,62
E33025603,459,198,94,104,261,198,63
E33025604,292,104,40,64,188,138,50
E33025605,436,236,98,138,200,174,26
E33025606,392,161,83,78,231,192,39
E33025607,469,172,76,96,297,233,64
E33025608,554,157,70,87,397,290,107
E33025609,672,236,106,130,436,319,117
E33025610,300,104,57,47,196,139,57
E33025611,410,170,82,88,240,175,65
E33025612,452,134,50,84,318,223,95
E33025613,326,116,55,61,210,146,64
E33025614,377,129,70,59,248,147,101
E33025615,325,126,40,86,199,134,65
E33025616,320,104,52,52,216,142,74
E33025617,278,98,47,51,180,116,64
E33025618,252,73,35,38,179,125,54
E33025619,280,124,56,68,156,115,41
E33025620,273,62,22,40,211,120,91
E33025621,261,86,38,48,175,127,48
E33025622,286,99,39,60,187,125,62
E33025623,282,115,51,64,167,113,54
E33025624,225,87,44,43,138,103,35
E33025625,704,179,77,102,525,428,97
E33025626,421,147,55,92,274,204,70
E33025627,317,114,31,83,203,159,44
E33025628,272,111,47,64,161,114,47
E33025629,331,135,59,76,196,151,45
E33025630,858,163,61,102,695,438,257
E33025631,331,90,32,58,241,209,32
E33025632,355,148,62,86,207,154,53
E33025633,273,82,30,52,191,127,64
E33025634,272,100,42,58,172,120,52
E33025635,419,156,76,80,263,181,82
E33025636,312,104,48,56,208,113,95
E33025637,371,102,46,56,269,174,95
E33025638,277,76,23,53,201,137,64
E33025639,261,68,27,41,193,121,72
E33025640,328,141,54,87,187,145,42
E33025641,271,115,36,79,156,115,41
E33025642,423,146,65,81,277,229,48
E33025643,492,159,63,96,333,266,67
E33025644,316,126,47,79,190,139,51
E33025645,438,150,51,99,288,203,85
E33025646,431,215,114,101,216,142,74
E33025647,374,72,41,31,302,246,56
E33025648,310,129,48,81,181,132,49
E33025649,346,160,45,115,186,143,43
E33025650,479,114,21,93,365,311,54
E33025651,485,67,27,40,418,370,48
E33025652,513,113,36,77,400,322,78
E33025653,329,103,47,56,226,183,43
E33025654,258,100,56,44,158,113,45
E33025655,421,152,55,97,269,187,82
E33025656,323,146,64,82,177,127,50
E33025657,376,157,67,90,219,163,56
E33025658,255,98,34,64,157,127,30
E33025659,705,281,134,147,424,319,105
E33025660,459,206,80,126,253,214,39
E33025661,361,121,44,77,240,195,45
E33025662,224,82,25,57,142,126,16
E33025663,399,112,35,77,287,258,29
E33025664,319,134,39,95,185,150,35
E33025665,314,69,30,39,245,196,49
E33025666,648,243,98,145,405,348,57
E33025667,285,71,26,45,214,180,34
E33025668,424,174,67,107,250,201,49
E33025669,256,90,31,59,166,127,39
E33025670,259,118,55,63,141,104,37
E33025671,297,115,43,72,182,145,37
E33025672,325,159,82,77,166,132,34
E33025673,399,79,19,60,320,274,46
E33025674,367,157,45,112,210,189,21
E33025675,478,205,45,160,273,226,47
E33025676,294,119,37,82,175,137,38
E33025677,307,64,24,40,243,219,24
E33025678,439,188,75,113,251,207,44
E33025679,500,226,81,145,274,213,61
E33025680,475,85,32,53,390,334,56
E33025681,413,113,35,78,300,230,70
E33025682,652,292,92,200,360,308,52
E33025683,266,117,42,75,149,135,14
E33025684,500,172,69,103,328,287,41
E33025685,320,116,36,80,204,161,43
E33025686,279,76,16,60,203,165,38
E33025687,485,186,65,121,299,230,69
E33025688,253,104,41,63,149,117,32
E33025689,408,103,31,72,305,229,76
E33025690,497,109,36,73,388,294,94
E33025691,328,81,22,59,247,197,50
E33025692,385,95,30,65,290,233,57
E33025693,281,124,44,80,157,130,27
E33025694,403,177,66,111,226,191,35
E33025695,462,136,43,93,326,269,57
E33025696,274,112,35,77,162,124,38
E33025697,582,265,86,179,317,268,49
E33025698,351,70,24,46,281,214,67
E33025699,377,140,59,81,237,178,59
E33025700,260,95,29,66,165,133,32
E33025701,297,71,23,48,226,183,43
E33025702,1178,537,264,273,641,530,111
E33025703,321,137,47,90,184,136,48
E33025704,1136,185,46,139,951,848,103
E33025705,466,196,48,148,270,228,42
E33025706,518,85,28,57,433,358,75
E33025707,296,107,42,65,189,146,43
E33025708,533,113,46,67,420,319,101
E33025709,270,72,36,36,198,135,63
E33025710,313,106,42,64,207,137,70
E33025711,492,178,70,108,314,228,86
E33025712,331,99,48,51,232,163,69
E33025713,419,113,38,75,306,240,66
E33025714,292,122,50,72,170,118,52
E33025715,355,115,29,86,240,198,42
E33025716,525,185,68,117,340,247,93
E33025717,672,162,58,104,510,377,133
E33025718,796,289,117,172,507,365,142
E33025719,316,106,48,58,210,148,62
E33025720,288,146,59,87,142,104,38
E33025721,371,108,58,50,263,168,95
E33025722,409,67,26,41,342,299,43
E33025723,356,125,53,72,231,171,60
E33025724,312,109,40,69,203,142,61
E33025725,448,135,57,78,313,227,86
E33025726,257,103,39,64,154,106,48
E33025727,327,110,48,62,217,173,44
E33025728,404,150,64,86,254,184,70
E33025729,601,246,108,138,355,259,96
E33025730,468,117,43,74,351,284,67
E33025731,276,75,27,48,201,158,43
E33025732,591,175,52,123,416,344,72
E33025733,298,106,33,73,192,156,36
E33025734,492,139,38,101,353,261,92
E33025735,552,246,115,131,306,231,75
E33025736,350,138,64,74,212,163,49
E33025737,369,115,58,57,254,197,57
E33025738,390,164,69,95,226,170,56
E33025739,418,142,58,84,276,219,57
E33025740,756,320,124,196,436,327,109
E33025741,366,155,57,98,211,153,58
E33025742,339,109,58,51,230,173,57
E33025743,457,99,40,59,358,218,140
E33025744,292,48,16,32,244,200,44
E33025745,568,155,61,94,413,305,108
E33025746,550,135,25,110,415,322,93
E33025747,689,122,40,82,567,459,108
E33025748,483,211,56,155,272,217,55
E33025749,298,131,60,71,167,129,38
E33025750,288,104,34,70,184,143,41
E33025751,669,191,64,127,478,336,142
E33025752,640,274,82,192,366,289,77
E33025753,303,101,40,61,202,166,36
E33025754,258,115,45,70,143,98,45
E33025755,355,91,25,66,264,226,38
E33025756,470,99,26,73,371,313,58
E33025757,304,51,20,31,253,211,42
E33025758,528,120,34,86,408,377,31
E33025759,651,290,94,196,361,293,68
E33025760,618,343,120,223,275,246,29
E33025761,481,157,45,112,324,254,70
E33025762,476,104,26,78,372,302,70
E33025763,418,158,36,122,260,216,44
E33025764,449,174,53,121,275,231,44
E33025765,307,103,37,66,204,160,44
E33025766,373,125,51,74,248,181,67
E33025767,370,85,28,57,285,224,61
E33025768,237,79,35,44,158,135,23
E33025769,323,109,47,62,214,163,51
E33025770,478,95,32,63,383,300,83
E33025771,378,159,67,92,219,168,51
E33025772,451,112,37,75,339,279,60
E33025773,321,113,42,71,208,164,44
E33025774,363,100,36,64,263,185,78
E33025775,448,115,45,70,333,254,79
E33025776,365,87,46,41,278,198,80
E33025777,303,107,44,63,196,149,47
E33025778,395,141,61,80,254,171,83
E33025779,282,95,47,48,187,166,21
E33025780,307,99,45,54,208,158,50
E33025781,349,135,53,82,214,167,47
E33025782,557,193,69,124,364,268,96
E33025783,364,126,58,68,238,190,48
E33025784,296,104,41,63,192,151,41
E33025785,322,97,27,70,225,173,52
E33025786,405,202,60,142,203,175,28
E33025787,307,97,33,64,210,160,50
E33025788,350,81,37,44,269,197,72
E33025789,285,111,49,62,174,139,35
E33025790,300,100,40,60,200,163,37
E33025791,335,130,37,93,205,165,40
E33025792,335,119,43,76,216,170,46
E33025793,328,115,46,69,213,179,34
E33025794,323,100,41,59,223,182,41
E33025795,294,94,31,63,200,162,38
E33025796,400,169,56,113,231,174,57
E33025797,294,121,40,81,173,147,26
E33025798,802,104,44,60,698,582,116
E33025799,275,83,25,58,192,154,38
E33025800,253,104,40,64,149,124,25
E33025801,746,268,93,175,478,397,81
E33025802,244,96,45,51,148,121,27
E33025803,450,189,70,119,261,218,43
E33025804,305,117,43,74,188,147,41
E33025805,124,51,17,34,73,63,10
E33025806,432,160,58,102,272,231,41
E33025807,635,242,94,148,393,338,55
E33025808,393,124,42,82,269,213,56
E33025809,522,168,46,122,354,297,57
E33025810,409,149,59,90,260,213,47
E33025811,270,96,35,61,174,142,32
E33025812,560,133,37,96,427,371,56
E33025813,401,151,75,76,250,196,54
E33025814,218,90,46,44,128,94,34
E33025815,262,91,34,57,171,129,42
E33025816,245,87,41,46,158,135,23
E33025817,720,128,53,75,592,450,142
E33025818,456,172,64,108,284,232,52
E33025819,655,358,185,173,297,238,59
E33025820,505,190,80,110,315,273,42
E33025821,333,94,25,69,239,178,61
E33025822,393,157,75,82,236,190,46
E33025823,373,97,33,64,276,226,50
E33025824,529,181,71,110,348,255,93
E33025825,394,181,87,94,213,163,50
E33025826,425,151,52,99,274,214,60
E33025827,307,113,47,66,194,147,47
E33025828,261,90,34,56,171,136,35
E33025829,267,110,52,58,157,139,18
E33025830,257,81,19,62,176,145,31
E33025831,628,319,116,203,309,270,39
E33025832,557,165,58,107,392,329,63
E33025833,254,117,46,71,137,120,17
E33025834,402,180,73,107,222,184,38
E33025835,658,253,79,174,405,369,36
E33025836,291,111,36,75,180,133,47
E33025837,347,139,53,86,208,172,36
E33025838,369,122,40,82,247,195,52
E33025839,351,99,45,54,252,209,43
E33025840,294,88,23,65,206,153,53
E33025841,360,147,45,102,213,175,38
E33025842,418,105,27,78,313,255,58
E33025843,740,105,30,75,635,547,88
E33025844,342,124,55,69,218,166,52
E33025845,305,128,55,73,177,134,43
E33025846,545,163,72,91,382,299,83
E33025847,479,114,33,81,365,324,41
E33025848,262,95,33,62,167,136,31
E33025849,274,92,31,61,182,149,33
E33025850,921,134,45,89,787,681,106
E33025851,284,73,25,48,211,167,44
E33025852,302,140,63,77,162,120,42
E33025853,404,158,57,101,246,195,51
E33025854,633,221,81,140,412,327,85
E33025855,442,151,45,106,291,224,67
E33025856,213,70,30,40,143,121,22
E33025857,743,151,52,99,592,426,166
E33025858,608,111,37,74,497,438,59
E33025859,327,118,56,62,209,141,68
E33025860,890,240,77,163,650,511,139
E33025861,315,139,52,87,176,128,48
E33025862,279,119,43,76,160,119,41
E33025863,267,115,49,66,152,114,38
E33025864,458,57,22,35,401,337,64
E33025865,289,68,24,44,221,143,78
E33025866,306,125,34,91,181,146,35
E33025867,257,66,23,43,191,132,59
E33025868,514,165,47,118,349,262,87
E33025869,500,183,78,105,317,244,73
E33025870,319,110,45,65,209,135,74
E33025871,426,71,36,35,355,296,59
E33025872,601,228,79,149,373,275,98
E33025873,432,92,38,54,340,204,136
E33025874,319,130,48,82,189,133,56
E33025875,308,136,55,81,172,128,44
E33025876,287,61,20,41,226,189,37
E33025877,552,235,56,179,317,293,24
E33025878,499,146,52,94,353,264,89
E33025879,259,105,43,62,154,116,38
E33025880,371,161,44,117,210,174,36
E33025881,326,111,31,80,215,172,43
E33025882,400,118,56,62,282,236,46
E33025883,360,98,47,51,262,201,61
E33025884,317,119,44,75,198,155,43
E33025885,249,95,46,49,154,113,41
E33025886,528,110,36,74,418,325,93
E33025887,693,270,81,189,423,302,121
E33025888,381,129,40,89,252,193,59
E33025889,470,117,54,63,353,255,98
E33025890,432,176,59,117,256,189,67
E33025891,462,102,39,63,360,291,69
E33025892,338,147,56,91,191,140,51
E33025893,246,58,18,40,188,136,52
E33025894,285,99,48,51,186,129,57
E33025895,355,135,61,74,220,150,70
E33025896,347,67,24,43,280,205,75
E33025897,409,187,56,131,222,168,54
E33025898,539,232,94,138,307,229,78
E33025899,509,175,71,104,334,255,79
E33025900,294,126,40,86,168,117,51
E33025901,407,82,24,58,325,201,124
E33025902,719,114,47,67,605,491,114
E33025903,269,57,24,33,212,156,56
E33025904,373,131,53,78,242,172,70
E33025905,263,32,11,21,231,168,63
E33025906,400,148,55,93,252,156,96
E33025907,281,89,41,48,192,136,56
E33025908,239,67,28,39,172,133,39
E33025909,313,127,42,85,186,131,55
E33025910,427,150,59,91,277,199,78
E33025911,372,158,63,95,214,163,51
E33025912,316,75,30,45,241,178,63
E33025913,270,101,40,61,169,119,50
E33025914,318,112,48,64,206,137,69
E33025915,622,175,62,113,447,360,87
E33025916,320,145,49,96,175,122,53
E33025917,372,152,56,96,220,164,56
E33025918,265,99,42,57,166,141,25
E33025919,462,147,57,90,315,224,91
E33025920,322,99,34,65,223,165,58
E33025921,400,137,58,79,263,186,77
E33025922,355,136,38,98,219,170,49
E33025923,376,71,24,47,305,253,52
E33025924,454,174,55,119,280,211,69
E33025925,563,216,46,170,347,312,35
E33025926,577,84,35,49,493,395,98
E33025927,475,158,56,102,317,231,86
E33025928,277,118,34,84,159,133,26
E33025929,573,180,45,135,393,325,68
E33025930,410,124,28,96,286,260,26
E33025931,728,136,44,92,592,422,170
E33025932,376,136,43,93,240,197,43
E33025933,813,336,100,236,477,418,59
E33025934,402,181,39,142,221,174,47
E33025935,376,138,43,95,238,194,44
E33025936,294,80,30,50,214,154,60
E33025937,279,68,26,42,211,158,53
E33025938,375,93,29,64,282,197,85
E33025939,441,150,46,104,291,207,84
E33025940,401,128,49,79,273,196,77
E33025941,429,127,55,72,302,191,111
E33025942,479,131,52,79,348,187,161
E33025943,372,137,61,76,235,187,48
E33025944,538,251,102,149,287,223,64
E33025945,281,82,42,40,199,147,52
E33025946,408,97,30,67,311,260,51
E33025947,646,212,48,164,434,391,43
E33025948,335,58,24,34,277,225,52
E33025949,304,108,38,70,196,153,43
E33025950,463,205,73,132,258,194,64
E33025951,312,87,32,55,225,143,82
E33025952,371,163,52,111,208,139,69
E33025953,259,55,17,38,204,162,42
E33025954,300,121,37,84,179,132,47
E33025955,378,152,44,108,226,180,46
E33025956,302,97,36,61,205,154,51
E33025957,259,97,30,67,162,98,64
E33025958,671,357,137,220,314,262,52
E33025959,353,143,44,99,210,139,71
E33025960,469,89,43,46,380,311,69
E33025961,521,85,36,49,436,323,113
E33025962,354,79,27,52,275,151,124
E33025963,506,188,62,126,318,268,50
E33025964,339,149,57,92,190,159,31
E33025965,480,176,44,132,304,225,79
E33025966,291,89,29,60,202,165,37
E33025967,298,78,22,56,220,165,55
E33025968,284,71,27,44,213,107,106
E33025969,468,97,38,59,371,244,127
E33025970,351,127,50,77,224,154,70
E33025971,308,101,39,62,207,132,75
E33025972,463,193,52,141,270,222,48
E33025973,505,218,81,137,287,217,70
E33025974,479,146,64,82,333,231,102
E33025975,386,58,22,36,328,260,68
E33025976,469,193,60,133,276,204,72
E33025977,481,76,29,47,405,277,128
E33025978,512,154,60,94,358,287,71
E33025979,816,117,39,78,699,537,162
E33025980,466,76,22,54,390,293,97
E33025981,345,101,41,60,244,202,42
E33025982,408,208,57,151,200,163,37
E33025983,343,107,47,60,236,167,69
E33025984,364,175,78,97,189,138,51
E33025985,269,93,37,56,176,135,41
E33025986,389,78,35,43,311,226,85
E33025987,283,98,44,54,185,133,52
E33025988,293,104,46,58,189,126,63
E33025989,503,167,69,98,336,228,108
E33025990,650,123,29,94,527,421,106
E33025991,446,151,48,103,295,201,94
E33025992,263,83,38,45,180,132,48
E33025993,249,45,21,24,204,152,52
E33025994,281,129,45,84,152,120,32
E33025995,393,154,70,84,239,182,57
E33025996,458,179,70,109,279,217,62
E33025997,286,87,29,58,199,138,61
E33025998,391,139,44,95,252,204,48
E33025999,307,101,38,63,206,146,60
E33026000,506,198,82,116,308,231,77
E33026001,294,95,38,57,199,123,76
E33026002,335,82,37,45,253,189,64
E33026003,323,58,29,29,265,189,76
E33026004,432,187,68,119,245,194,51
E33026005,400,134,56,78,266,177,89
E33026006,334,92,43,49,242,171,71
E33026007,348,58,29,29,290,197,93
E33026008,286,121,38,83,165,124,41
E33026009,289,108,41,67,181,128,53
E33026010,326,129,52,77,197,146,51
E33026011,479,179,73,106,300,212,88
E33026012,420,189,79,110,231,159,72
E33026013,408,116,51,65,292,205,87
E33026014,306,85,29,56,221,151,70
E33026015,1374,174,40,134,1200,1052,148
E33026016,321,114,60,54,207,141,66
E33026017,364,160,61,99,204,144,60
E33026018,331,105,45,60,226,155,71
E33026019,329,35,13,22,294,223,71
E33026020,516,194,35,159,322,273,49
E33026021,677,320,106,214,357,317,40
E33026022,373,122,35,87,251,203,48
E33026023,627,249,78,171,378,308,70
E33026024,508,152,58,94,356,267,89
E33026025,473,181,51,130,292,240,52
E33026026,696,123,44,79,573,348,225
E33026027,287,85,36,49,202,151,51
E33026028,368,65,29,36,303,240,63
E33026029,1018,115,50,65,903,706,197
E33026030,281,100,37,63,181,139,42
E33026031,849,127,48,79,722,663,59
E33026032,242,126,62,64,116,80,36
E33026033,465,51,15,36,414,336,78
E33026034,346,66,20,46,280,256,24
E33026035,1012,126,40,86,886,721,165
E33026036,773,152,62,90,621,540,81
E33026037,326,93,36,57,233,181,52
E33026038,1003,116,33,83,887,778,109
E33026039,392,187,66,121,205,153,52
E33026040,272,126,48,78,146,112,34
E33026041,651,135,30,105,516,470,46
E33026042,265,100,29,71,165,140,25
E33026043,272,80,23,57,192,143,49
E33026044,353,125,52,73,228,166,62
E33026045,397,95,29,66,302,274,28
E33026046,420,182,72,110,238,174,64
E33026047,295,101,52,49,194,143,51
E33026048,250,100,39,61,150,115,35
E33026049,421,190,59,131,231,170,61
E33026050,403,115,37,78,288,219,69
E33026051,304,109,40,69,195,139,56
E33026052,395,110,37,73,285,238,47
E33026053,334,105,39,66,229,182,47
E33026054,237,83,39,44,154,91,63
E33026055,468,118,46,72,350,265,85
E33026056,290,97,42,55,193,104,89
E33026057,246,62,24,38,184,114,70
E33026058,283,76,36,40,207,124,83
E33026059,395,92,28,64,303,216,87
E33026060,307,84,30,54,223,154,69
E33026061,311,84,37,47,227,171,56
E33026062,277,48,21,27,229,159,70
E33026063,398,163,64,99,235,170,65
E33026064,307,132,57,75,175,130,45
E33026065,327,108,57,51,219,145,74
E33026066,400,175,67,108,225,181,44
E33026067,537,120,47,73,417,306,111
E33026068,300,116,51,65,184,135,49
E33026069,322,140,56,84,182,132,50
E33026070,1127,356,102,254,771,685,86
E33026071,382,154,70,84,228,177,51
E33026072,335,126,48,78,209,151,58
E33026073,714,156,75,81,558,436,122
E33026074,292,59,22,37,233,160,73
E33026075,295,114,36,78,181,120,61
E33026076,317,85,32,53,232,167,65
E33026077,308,86,34,52,222,169,53
E33026078,228,73,34,39,155,112,43
E33026079,331,103,45,58,228,177,51
E33026080,358,86,32,54,272,224,48
E33026081,272,125,51,74,147,114,33
E33026082,423,162,60,102,261,192,69
E33026083,525,170,57,113,355,292,63
E33026084,294,93,38,55,201,143,58
E33026085,406,188,74,114,218,148,70
E33026086,303,103,52,51,200,147,53
E33026087,282,143,60,83,139,106,33
E33026088,732,161,59,102,571,432,139
E33026089,284,82,39,43,202,144,58
E33026090,320,116,46,70,204,164,40
E33026091,483,91,33,58,392,319,73
E33026092,349,88,41,47,261,216,45
E33026093,307,105,34,71,202,166,36
E33026094,334,125,37,88,209,170,39
E33026095,247,87,36,51,160,116,44
E33026096,315,81,37,44,234,150,84
E33026097,288,145,56,89,143,100,43
E33026098,426,167,68,99,259,184,75
E33026099,359,117,54,63,242,181,61
E33026100,297,94,30,64,203,149,54
E33026101,272,90,30,60,182,142,40
E33026102,492,56,20,36,436,325,111
E33026103,362,131,53,78,231,176,55
E33026104,644,269,94,175,375,290,85
E33026105,422,115,43,72,307,252,55
E33026106,285,89,32,57,196,155,41
E33026107,274,76,29,47,198,149,49
E33026108,469,186,75,111,283,200,83
E33026109,291,95,32,63,196,160,36
E33026110,490,78,39,39,412,269,143
E33026111,283,104,40,64,179,112,67
E33026112,298,86,37,49,212,141,71
E33026113,566,220,72,148,346,266,80
E33026114,423,113,42,71,310,241,69
E33026115,332,106,47,59,226,162,64
E33026116,377,127,46,81,250,161,89
E33026117,212,61,22,39,151,124,27
E33026118,566,160,64,96,406,305,101
E33026119,415,145,44,101,270,218,52
E33026120,448,202,78,124,246,181,65
E33026121,421,146,58,88,275,203,72
E33026122,340,109,31,78,231,195,36
E33026123,317,115,44,71,202,177,25
E33026124,473,135,52,83,338,259,79
E33026125,261,90,36,54,171,134,37
E33026126,287,110,51,59,177,129,48
E33026127,393,88,31,57,305,248,57
E33026128,421,183,89,94,238,193,45
E33026129,393,143,57,86,250,193,57
E33026130,244,110,52,58,134,91,43
E33026131,382,130,55,75,252,199,53
E33026132,671,239,79,160,432,337,95
E33026133,295,127,49,78,168,120,48
E33026134,281,96,51,45,185,134,51
E33026135,393,122,48,74,271,203,68
E33026136,270,76,33,43,194,150,44
E33026137,507,168,64,104,339,280,59
E33026138,239,77,34,43,162,110,52
E33026139,551,117,39,78,434,342,92
E33026140,276,122,39,83,154,109,45
E33026141,280,87,38,49,193,151,42
E33026142,1054,319,97,222,735,641,94
E33026143,323,37,14,23,286,225,61
E33026144,442,105,42,63,337,281,56
E33026145,286,94,37,57,192,124,68
E33026146,284,43,22,21,241,164,77
E33026147,306,147,55,92,159,128,31
E33026148,339,102,36,66,237,191,46
E33026149,226,87,39,48,139,93,46
E33026150,220,84,35,49,136,107,29
E33026151,449,90,37,53,359,265,94
E33026152,472,156,66,90,316,238,78
E33026153,285,121,39,82,164,118,46
E33026154,460,158,73,85,302,222,80
E33026155,262,107,54,53,155,109,46
E33026156,349,86,38,48,263,192,71
E33026157,347,117,45,72,230,170,60
E33026158,348,126,51,75,222,162,60
E33026159,327,108,42,66,219,172,47
E33026160,247,58,25,33,189,136,53
E33026161,240,95,41,54,145,97,48
E33026162,314,132,54,78,182,138,44
E33026163,363,158,58,100,205,171,34
E33026164,462,126,45,81,336,291,45
E33026165,567,234,84,150,333,256,77
E33026166,354,134,53,81,220,175,45
E33026167,317,91,37,54,226,150,76
E33026168,276,92,42,50,184,127,57
E33026169,304,125,66,59,179,130,49
E33026170,293,110,41,69,183,122,61
E33026171,247,78,37,41,169,118,51
E33026172,538,219,94,125,319,241,78
E33026173,464,85,38,47,379,304,75
E33026174,279,68,35,33,211,163,48
E33026175,1043,220,65,155,823,692,131
E33026176,752,106,35,71,646,572,74
E33026177,578,131,45,86,447,345,102
E33026178,227,52,19,33,175,146,29
E33026179,248,46,23,23,202,174,28
E33026180,369,90,44,46,279,202,77
E33026181,242,59,22,37,183,149,34
E33026182,461,87,41,46,374,323,51
E33026183,607,104,38,66,503,402,101
E33026184,483,133,48,85,350,307,43
E33026185,421,147,82,65,274,201,73
E33026186,326,78,33,45,248,198,50
E33026187,589,240,88,152,349,275,74
E33026188,523,145,71,74,378,305,73
E33026189,303,110,37,73,193,148,45
E33026190,376,116,52,64,260,188,72
E33026191,250,79,38,41,171,116,55
E33026192,291,64,21,43,227,137,90
E33026193,853,137,60,77,716,493,223
E33026194,407,168,73,95,239,175,64
E33026195,372,160,62,98,212,158,54
E33026196,276,79,28,51,197,142,55
E33026197,685,142,42,100,543,430,113
E33026198,397,153,71,82,244,180,64
E33026199,868,416,190,226,452,332,120
E33026200,390,133,48,85,257,191,66
E33026201,569,276,156,120,293,209,84
E33026202,368,123,50,73,245,180,65
E33026203,340,150,64,86,190,152,38
E33026204,274,110,43,67,164,125,39
E33026205,563,218,76,142,345,252,93
E33026206,697,323,146,177,374,258,116
E33026207,417,171,84,87,246,189,57
E33026208,524,151,51,100,373,295,78
E33026209,345,152,57,95,193,147,46
E33026210,857,364,174,190,493,435,58
E33026211,334,76,28,48,258,208,50
E33026212,405,120,34,86,285,227,58
E33026213,291,117,52,65,174,141,33
E33026214,284,104,35,69,180,141,39
E33026215,446,142,48,94,304,226,78
E33026216,388,153,67,86,235,189,46
E33026217,280,104,50,54,176,121,55
E33026218,301,123,48,75,178,140,38
E33026219,575,236,88,148,339,271,68
E33026220,308,101,47,54,207,157,50
E33026221,348,143,46,97,205,158,47
E33026222,560,212,76,136,348,261,87
E33026223,466,154,56,98,312,229,83
E33026224,467,136,49,87,331,244,87
E33026225,451,140,61,79,311,218,93
E33026226,634,205,103,102,429,320,109
E33026227,336,118,60,58,218,159,59
E33026228,511,143,65,78,368,259,109
E33026229,375,120,52,68,255,197,58
E33026230,321,114,39,75,207,163,44
E33026231,368,123,45,78,245,182,63
E33026232,440,125,42,83,315,247,68
E33026233,1349,216,65,151,1133,1030,103
E33026234,328,85,31,54,243,183,60
E33026235,438,109,42,67,329,245,84
E33026236,430,123,30,93,307,255,52
E33026237,261,93,29,64,168,121,47
E33026238,332,117,38,79,215,161,54
E33026239,1059,125,42,83,934,740,194
E33026240,303,93,37,56,210,171,39
E33026241,655,171,53,118,484,444,40
E33026242,347,131,58,73,216,175,41
E33026243,576,215,68,147,361,288,73
E33026244,548,175,52,123,373,291,82
E33026245,370,143,52,91,227,168,59
E33026246,371,108,43,65,263,199,64
E33026247,800,197,58,139,603,479,124
E33026248,355,152,50,102,203,160,43
E33026249,335,116,37,79,219,172,47
E33026250,385,117,51,66,268,197,71
E33026251,711,270,85,185,441,333,108
E33026252,669,243,65,178,426,331,95
E33026253,701,259,92,167,442,330,112
E33026254,628,214,56,158,414,371,43
E33026255,267,59,26,33,208,154,54
E33026256,331,133,40,93,198,154,44
E33026257,793,280,103,177,513,432,81
E33026258,428,136,43,93,292,222,70
E33026259,348,144,50,94,204,148,56
E33026260,367,99,31,68,268,219,49
E33026261,322,155,59,96,167,130,37
E33026262,508,170,54,116,338,284,54
E33026263,348,154,42,112,194,126,68
E33026264,506,235,70,165,271,221,50
E33026265,381,33,11,22,348,297,51
E33026266,393,168,73,95,225,174,51
E33026267,338,131,37,94,207,170,37
E33026268,258,119,55,64,139,96,43
E33026269,447,196,77,119,251,193,58
E33026270,344,114,38,76,230,177,53
E33026271,491,192,48,144,299,223,76
E33026272,439,115,38,77,324,256,68
E33026273,857,383,122,261,474,425,49
E33026274,430,132,55,77,298,219,79
E33026275,485,161,71,90,324,215,109
E33026276,301,100,41,59,201,144,57
E33026277,466,144,60,84,322,216,106
E33026278,260,51,18,33,209,143,66
E33026279,327,125,60,65,202,146,56
E33026280,257,70,31,39,187,141,46
E33026281,302,120,59,61,182,121,61
E33026282,383,127,46,81,256,175,81
E33026283,297,81,36,45,216,161,55
E33026284,274,99,56,43,175,123,52
E33026285,274,104,50,54,170,121,49
E33026286,491,176,63,113,315,240,75
E33026287,506,203,56,147,303,227,76
E33026288,269,126,56,70,143,95,48
E33026289,388,137,52,85,251,171,80
E33026290,391,141,58,83,250,168,82
E33026291,445,131,37,94,314,239,75
E33026292,285,100,40,60,185,148,37
E33026293,633,253,91,162,380,300,80
E33026294,291,116,38,78,175,134,41
E33026295,469,118,36,82,351,290,61
E33026296,253,72,34,38,181,120,61
E33026297,847,129,45,84,718,639,79
E33026298,367,144,68,76,223,148,75
E33026299,476,187,82,105,289,199,90
E33026300,334,128,46,82,206,135,71
E33026301,426,149,65,84,277,201,76
E33026302,418,156,66,90,262,175,87
E33026303,856,137,37,100,719,509,210
E33026304,370,148,59,89,222,170,52
E33026305,242,83,35,48,159,120,39
E33026306,445,185,64,121,260,202,58
E33026307,362,136,62,74,226,147,79
E33026308,606,85,30,55,521,426,95
E33026309,504,108,36,72,396,276,120
E33026310,251,97,40,57,154,113,41
E33026311,412,191,83,108,221,163,58
E33026312,248,70,27,43,178,130,48
E33026313,373,124,34,90,249,194,55
E33026314,315,114,45,69,201,131,70
E33026315,398,149,44,105,249,198,51
E33026316,265,109,29,80,156,132,24
E33026317,324,121,49,72,203,159,44
E33026318,603,191,61,130,412,304,108
E33026319,286,106,40,66,180,153,27
E33026320,310,80,37,43,230,176,54
E33026321,414,122,40,82,292,233,59
E33026322,366,59,20,39,307,255,52
E33026323,483,181,55,126,302,248,54
E33026324,327,132,50,82,195,145,50
E33026325,982,295,122,173,687,566,121
E33026326,280,121,46,75,159,116,43
E33026327,324,156,61,95,168,117,51
E33026328,530,92,41,51,438,335,103
E33026329,384,129,53,76,255,189,66
E33026330,376,163,70,93,213,176,37
E33026331,472,175,73,102,297,242,55
E33026332,436,86,26,60,350,262,88
E33026333,511,192,67,125,319,251,68
E33026334,460,207,80,127,253,196,57
E33026335,435,211,80,131,224,173,51
E33026336,276,106,44,62,170,131,39
E33026337,313,72,40,32,241,153,88
E33026338,445,134,41,93,311,248,63
E33026339,825,283,104,179,542,365,177
E33026340,440,157,58,99,283,206,77
E33026341,653,318,130,188,335,272,63
E33026342,258,113,35,78,145,111,34
E33026343,421,191,80,111,230,163,67
E33026344,493,143,54,89,350,247,103
E33026345,257,130,59,71,127,94,33
E33026346,703,156,52,104,547,454,93
E33026347,347,158,59,99,189,153,36
E33026348,345,105,38,67,240,186,54
E33026349,400,154,52,102,246,183,63
E33026350,244,87,40,47,157,115,42
E33026351,449,163,71,92,286,184,102
E33026352,351,140,44,96,211,152,59
E33026353,456,201,56,145,255,198,57
E33026354,304,118,43,75,186,139,47
E33026355,405,126,51,75,279,213,66
E33026356,361,156,71,85,205,158,47
E33026357,710,254,85,169,456,357,99
E33026358,659,242,79,163,417,349,68
E33026359,745,250,77,173,495,415,80
E33026360,822,298,120,178,524,398,126
E33026361,233,101,48,53,132,107,25
E33026362,295,122,33,89,173,144,29
E33026363,422,133,53,80,289,215,74
E33026364,354,127,54,73,227,162,65
E33026365,274,128,53,75,146,96,50
E33026366,284,92,41,51,192,148,44
E33026367,438,55,21,34,383,275,108
E33026368,371,132,58,74,239,178,61
E33026369,260,99,45,54,161,104,57
E33026370,540,150,60,90,390,283,107
E33026371,475,201,88,113,274,211,63
E33026372,301,84,49,35,217,153,64
E33026373,402,140,62,78,262,183,79
E33026374,448,193,105,88,255,187,68
E33026375,345,132,61,71,213,165,48
E33026376,508,201,69,132,307,238,69
E33026377,279,107,50,57,172,132,40
E33026378,235,77,37,40,158,108,50
E33026379,332,103,39,64,229,170,59
E33026380,386,152,62,90,234,181,53
E33026381,251,56,25,31,195,158,37
E33026382,336,114,45,69,222,168,54
E33026383,345,143,55,88,202,157,45
E33026384,291,95,33,62,196,139,57
E33026385,346,128,43,85,218,171,47
E33026386,306,118,51,67,188,140,48
E33026387,554,188,69,119,366,285,81
E33026388,599,241,92,149,358,292,66
E33026389,394,151,67,84,243,175,68
E33026390,274,81,32,49,193,149,44
E33026391,529,231,105,126,298,201,97
E33026392,547,235,106,129,312,220,92
E33026393,386,216,102,114,170,133,37
E33026394,542,121,55,66,421,350,71
E33026395,700,222,85,137,478,345,133
E33026396,468,161,86,75,307,211,96
E33026397,311,94,44,50,217,168,49
E33026398,284,122,61,61,162,125,37
E33026399,621,164,58,106,457,358,99
E33026400,326,81,23,58,245,200,45
E33026401,606,290,116,174,316,266,50
E33026402,338,73,20,53,265,212,53
E33026403,314,110,38,72,204,179,25
E33026404,381,62,16,46,319,270,49
E33026405,277,84,20,64,193,168,25
E33026406,290,121,33,88,169,130,39
E33026407,576,137,35,102,439,381,58
E33026408,259,80,29,51,179,134,45
E33026409,513,105,26,79,408,316,92
E33026410,357,142,45,97,215,169,46
E33026411,370,156,71,85,214,150,64
E33026412,741,191,62,129,550,466,84
E33026413,362,110,46,64,252,185,67
E33026414,532,214,89,125,318,216,102
E33026415,380,122,57,65,258,189,69
E33026416,663,258,101,157,405,322,83
E33026417,593,196,87,109,397,310,87
E33026418,471,173,53,120,298,255,43
E33026419,318,116,50,66,202,136,66
E33026420,312,138,63,75,174,126,48
E33026421,377,171,73,98,206,155,51
E33026422,289,113,31,82,176,133,43
E33026423,437,186,71,115,251,184,67
E33026424,370,167,72,95,203,145,58
E33026425,486,229,73,156,257,187,70
E33026426,428,169,79,90,259,198,61
E33026427,418,153,69,84,265,177,88
E33026428,591,227,70,157,364,281,83
E33026429,359,119,46,73,240,190,50
E33026430,398,155,74,81,243,185,58
E33026431,309,134,63,71,175,122,53
E33026432,301,132,69,63,169,127,42
E33026433,497,140,45,95,357,299,58
E33026434,443,150,55,95,293,229,64
E33026435,407,172,85,87,235,174,61
E33026436,413,159,68,91,254,187,67
E33026437,687,250,65,185,437,351,86
E33026438,316,148,63,85,168,140,28
E33026439,418,142,40,102,276,208,68
E33026440,405,161,59,102,244,179,65
E33026441,396,120,46,74,276,203,73
E33026442,766,367,152,215,399,322,77
E33026443,299,114,36,78,185,139,46
E33026444,555,147,64,83,408,299,109
E33026445,671,274,110,164,397,294,103
E33026446,410,127,56,71,283,202,81
E33026447,372,118,35,83,254,199,55
E33026448,374,132,37,95,242,187,55
E33026449,530,248,115,133,282,246,36
E33026450,558,213,51,162,345,269,76
E33026451,329,103,31,72,226,183,43
E33026452,500,197,55,142,303,241,62
E33026453,461,182,74,108,279,205,74
E33026454,324,115,42,73,209,175,34
E33026455,369,128,48,80,241,189,52
E33026456,276,87,23,64,189,137,52
E33026457,222,91,38,53,131,97,34
E33026458,522,155,67,88,367,295,72
E33026459,540,215,79,136,325,244,81
E33026460,257,113,63,50,144,96,48
E33026461,334,80,31,49,254,167,87
E33026462,496,137,56,81,359,253,106
E33026463,283,103,32,71,180,134,46
E33026464,322,115,55,60,207,139,68
E33026465,377,123,69,54,254,159,95
E33026466,276,111,36,75,165,122,43
E33026467,285,124,45,79,161,126,35
E33026468,320,104,46,58,216,171,45
E33026469,358,129,38,91,229,175,54
E33026470,461,174,45,129,287,259,28
E33026471,583,290,109,181,293,238,55
E33026472,403,153,64,89,250,196,54
E33026473,593,198,81,117,395,283,112
E33026474,488,211,67,144,277,221,56
E33026475,558,244,76,168,314,235,79
E33026476,344,107,39,68,237,178,59
E33026477,382,157,60,97,225,167,58
E33026478,277,111,46,65,166,119,47
E33026479,277,67,37,30,210,138,72
E33026480,811,420,135,285,391,333,58
E33026481,402,173,77,96,229,171,58
E33026482,1177,262,83,179,915,613,302
E33026483,731,187,69,118,544,408,136
E33026484,287,115,62,53,172,110,62
E33026485,789,332,117,215,457,323,134
E33026486,261,93,29,64,168,125,43
E33026487,414,170,64,106,244,204,40
E33026488,399,124,53,71,275,208,67
E33026489,288,90,27,63,198,135,63
E33026490,343,157,55,102,186,146,40
E33026491,389,124,52,72,265,215,50
E33026492,343,122,48,74,221,165,56
E33026493,301,109,48,61,192,148,44
E33026494,522,151,58,93,371,289,82
E33026495,620,350,175,175,270,220,50
E33026496,292,78,27,51,214,187,27
E33026497,1448,233,74,159,1215,1081,134
E33026498,297,100,35,65,197,151,46
E33026499,243,106,40,66,137,93,44
E33026500,441,138,47,91,303,250,53
E33026501,313,106,42,64,207,159,48
E33026502,195,50,22,28,145,126,19
E33026503,424,171,80,91,253,206,47
E33026504,268,103,32,71,165,134,31
E33026505,280,90,32,58,190,155,35
E33026506,340,103,32,71,237,203,34
E33026507,260,97,31,66,163,126,37
E33026508,1611,420,132,288,1191,1035,156
E33026509,484,195,64,131,289,254,35
E33026510,372,122,41,81,250,210,40
E33026511,282,86,29,57,196,149,47
E33026512,329,90,32,58,239,211,28
E33026513,456,92,25,67,364,324,40
E33026514,782,357,153,204,425,339,86
E33026515,493,206,87,119,287,229,58
E33026516,464,145,64,81,319,213,106
E33026517,558,213,74,139,345,314,31
E33026518,273,91,40,51,182,123,59
E33026519,632,268,88,180,364,297,67
E33026520,456,134,40,94,322,285,37
E33026521,554,285,111,174,269,249,20
E33026522,513,220,97,123,293,202,91
E33026523,298,97,54,43,201,148,53
E33026524,303,112,53,59,191,147,44
E33026525,383,150,64,86,233,166,67
E33026526,597,200,82,118,397,317,80
E33026527,291,114,42,72,177,147,30
E33026528,244,85,37,48,159,118,41
E33026529,372,164,68,96,208,162,46
E33026530,482,118,57,61,364,309,55
E33026531,563,216,74,142,347,254,93
E33026532,555,152,69,83,403,314,89
E33026533,477,207,69,138,270,212,58
E33026534,263,129,59,70,134,95,39
E33026535,438,182,71,111,256,181,75
E33026536,375,145,56,89,230,193,37
E33026537,294,111,41,70,183,130,53
E33026538,269,119,59,60,150,107,43
E33026539,541,240,91,149,301,221,80
E33026540,516,144,60,84,372,266,106
E33026541,445,161,58,103,284,224,60
E33026542,350,143,63,80,207,157,50
E33026543,574,204,73,131,370,276,94
E33026544,346,141,50,91,205,136,69
E33026545,432,119,44,75,313,247,66
E33026546,295,107,54,53,188,137,51
E33026547,299,107,47,60,192,144,48
E33026548,293,96,40,56,197,163,34
E33026549,328,139,65,74,189,141,48
E33026550,426,122,53,69,304,235,69
E33026551,512,110,48,62,402,271,131
E33026552,395,197,86,111,198,129,69
E33026553,583,204,106,98,379,270,109
E33026554,516,192,89,103,324,215,109
E33026555,522,146,65,81,376,255,121
E33026556,304,122,48,74,182,138,44
E33026557,469,228,99,129,241,161,80
E33026558,578,119,54,65,459,347,112
E33026559,404,134,53,81,270,181,89
E33026560,381,125,51,74,256,191,65
E33026561,396,143,74,69,253,174,79
E33026562,374,159,64,95,215,165,50
E33026563,572,178,73,105,394,283,111
E33026564,510,148,67,81,362,268,94
E33026565,432,191,70,121,241,184,57
E33026566,249,89,36,53,160,123,37
E33026567,422,124,55,69,298,236,62
E33026568,574,148,56,92,426,324,102
E33026569,426,187,75,112,239,157,82
E33026570,344,76,35,41,268,200,68
E33026571,337,81,37,44,256,177,79
E33026572,613,207,86,121,406,290,116
E33026573,586,145,36,109,441,349,92
E33026574,302,92,26,66,210,171,39
E33026575,869,451,142,309,418,363,55
E33026576,317,141,47,94,176,128,48
E33026577,477,145,61,84,332,255,77
E33026578,273,107,47,60,166,124,42
E33026579,295,137,61,76,158,110,48
E33026580,332,113,33,80,219,185,34
E33026581,355,108,37,71,247,178,69
E33026582,259,104,40,64,155,111,44
E33026583,683,297,97,200,386,349,37
E33026584,537,167,69,98,370,312,58
E33026585,720,257,55,202,463,404,59
E33026586,728,247,111,136,481,405,76
E33026587,647,68,24,44,579,494,85
E33026588,358,123,51,72,235,176,59
E33026589,349,100,37,63,249,201,48
E33026590,546,120,35,85,426,386,40
E33026591,556,236,113,123,320,287,33
E33026592,487,147,56,91,340,277,63
E33026593,598,175,64,111,423,351,72
E33026594,539,171,47,124,368,293,75
E33026595,310,105,30,75,205,164,41
E33026596,413,153,55,98,260,215,45
E33026597,461,204,76,128,257,207,50
E33026598,417,205,70,135,212,169,43
E33026599,1320,414,156,258,906,757,149
E33026600,259,101,47,54,158,120,38
E33026601,523,246,78,168,277,213,64
E33026602,389,90,30,60,299,258,41
E33026603,292,123,53,70,169,126,43
E33026604,767,317,116,201,450,345,105
E33026605,570,192,82,110,378,246,132
E33026606,528,226,104,122,302,230,72
E33026607,316,113,42,71,203,149,54
E33026608,256,117,36,81,139,106,33
E33026609,365,108,39,69,257,193,64
E33026610,393,111,51,60,282,219,63
E33026611,443,185,85,100,258,207,51
E33026612,333,114,44,70,219,166,53
E33026613,239,59,26,33,180,149,31
E33026614,243,33,14,19,210,170,40
E33026615,316,111,33,78,205,153,52
E33026616,422,149,54,95,273,221,52
E33026617,231,104,43,61,127,97,30
E33026618,336,136,51,85,200,152,48
E33026619,390,125,47,78,265,215,50
E33026620,708,326,121,205,382,329,53
E33026621,452,140,38,102,312,260,52
E33026622,265,62,19,43,203,172,31
E33026623,293,83,30,53,210,163,47
E33026624,588,244,81,163,344,260,84
E33026625,573,152,47,105,421,363,58
E33026626,439,159,57,102,280,199,81
E33026627,303,144,66,78,159,124,35
E33026628,355,81,28,53,274,192,82
E33026629,237,76,26,50,161,127,34
E33026630,327,103,34,69,224,184,40
E33026631,491,220,72,148,271,221,50
E33026632,483,223,81,142,260,184,76
E33026633,367,127,51,76,240,188,52
E33026634,416,93,36,57,323,245,78
E33026635,706,135,45,90,571,489,82
E33026636,311,99,40,59,212,145,67
E33026637,2198,157,36,121,2041,1133,908
E33026638,272,131,44,87,141,109,32
E33026639,281,114,31,83,167,129,38
E33026640,324,118,31,87,206,150,56
E33026641,339,121,37,84,218,176,42
E33026642,154,36,14,22,118,92,26
E33026643,389,120,41,79,269,185,84
E33026644,648,140,53,87,508,394,114
E33026645,374,156,65,91,218,157,61
E33026646,324,117,51,66,207,150,57
E33026647,422,198,95,103,224,177,47
E33026648,3220,1436,789,647,1784,1438,346
E33026649,578,222,63,159,356,261,95
E33026650,470,160,54,106,310,223,87
E33026651,477,73,27,46,404,262,142
E33026652,446,173,82,91,273,209,64
E33026653,410,111,34,77,299,211,88
E33026654,372,139,58,81,233,146,87
E33026655,330,110,48,62,220,148,72
E33026656,235,82,36,46,153,107,46
E33026657,434,141,63,78,293,213,80
E33026658,254,122,47,75,132,104,28
E33026659,692,142,65,77,550,420,130
E33026660,303,82,35,47,221,173,48
E33026661,472,194,78,116,278,203,75
E33026662,409,102,48,54,307,264,43
E33026663,368,143,56,87,225,181,44
E33026664,285,108,56,52,177,117,60
E33026665,251,70,34,36,181,138,43
E33026666,736,399,161,238,337,272,65
E33026667,268,118,56,62,150,111,39
E33026668,351,174,74,100,177,133,44
E33026669,314,94,43,51,220,157,63
E33026670,286,82,37,45,204,128,76
E33026671,598,154,67,87,444,286,158
E33026672,801,235,83,152,566,412,154
E33026673,378,141,68,73,237,174,63
E33026674,542,127,40,87,415,321,94
E33026675,566,142,62,80,424,311,113
E33026676,415,104,42,62,311,215,96
E33026677,378,119,51,68,259,165,94
E33026678,286,100,47,53,186,134,52
E33026679,462,105,31,74,357,255,102
E33026680,303,100,38,62,203,139,64
E33026681,299,117,48,69,182,131,51
E33026682,354,144,68,76,210,144,66
E33026683,430,139,54,85,291,191,100
E33026684,306,92,35,57,214,137,77
E33026685,395,146,62,84,249,187,62
E33026686,410,125,66,59,285,175,110
E33026687,269,74,26,48,195,147,48
E33026688,250,73,29,44,177,124,53
E33026689,243,83,31,52,160,116,44
E33026690,341,92,34,58,249,177,72
E33026691,779,323,104,219,456,343,113
E33026692,386,148,48,100,238,185,53
E33026693,348,124,60,64,224,157,67
E33026694,563,168,62,106,395,333,62
E33026695,589,140,49,91,449,305,144
E33026696,368,105,42,63,263,206,57
E33026697,306,96,29,67,210,181,29
E33026698,406,137,45,92,269,186,83
E33026699,265,70,28,42,195,155,40
E33026700,565,146,57,89,419,346,73
E33026701,330,135,56,79,195,133,62
E33026702,585,218,73,145,367,283,84
E33026703,315,121,44,77,194,129,65
E33026704,745,254,75,179,491,387,104
E33026705,568,177,84,93,391,304,87
E33026706,459,167,55,112,292,233,59
E33026707,1406,233,93,140,1173,960,213
E33026708,460,200,74,126,260,182,78
E33026709,364,128,57,71,236,182,54
E33026710,538,130,60,70,408,357,51
E33026711,764,291,83,208,473,382,91
E33026712,428,71,19,52,357,224,133
E33026713,549,166,69,97,383,309,74
E33026714,392,88,38,50,304,197,107
E33026715,370,136,49,87,234,181,53
E33026716,244,92,36,56,152,118,34
E33026717,421,189,87,102,232,170,62
E33026718,536,146,58,88,390,272,118
E33026719,357,31,12,19,326,311,15
E33026720,360,128,44,84,232,182,50
E33026721,367,153,54,99,214,178,36
E33026722,504,205,93,112,299,232,67
E33026723,471,184,58,126,287,219,68
E33026724,366,142,64,78,224,159,65
E33026725,774,317,108,209,457,374,83
E33026726,302,112,52,60,190,150,40
E33026727,357,163,64,99,194,140,54
E33026728,256,132,57,75,124,106,18
E33026729,371,123,53,70,248,203,45
E33026730,319,150,69,81,169,131,38
E33026731,533,171,72,99,362,279,83
E33026732,829,149,57,92,680,548,132
E33026733,304,117,45,72,187,144,43
E33026734,406,154,49,105,252,206,46
E33026735,587,165,49,116,422,347,75
E33026736,344,143,60,83,201,152,49
E33026737,397,135,58,77,262,205,57
E33026738,373,155,58,97,218,158,60
E33026739,339,130,54,76,209,172,37
E33026740,343,128,50,78,215,164,51
E33026741,265,91,36,55,174,139,35
E33026742,293,96,39,57,197,142,55
E33026743,320,152,68,84,168,126,42
E33026744,622,321,112,209,301,263,38
E33026745,362,127,49,78,235,191,44
E33026746,535,267,121,146,268,232,36
E33026747,436,178,66,112,258,194,64
E33026748,419,160,64,96,259,188,71
E33026749,466,167,54,113,299,220,79
E33026750,532,217,74,143,315,245,70
E33026751,774,309,139,170,465,363,102
E33026752,285,131,50,81,154,108,46
E33026753,540,76,20,56,464,390,74
E33026754,326,118,52,66,208,137,71
E33026755,302,130,40,90,172,131,41
E33026756,463,161,64,97,302,237,65
E33026757,524,200,86,114,324,230,94
E33026758,333,144,39,105,189,138,51
E33026759,317,109,35,74,208,165,43
E33026760,364,175,57,118,189,163,26
E33026761,323,122,40,82,201,165,36
E33026762,605,226,99,127,379,299,80
E33026763,860,282,77,205,578,500,78
E33026764,1313,234,73,161,1079,948,131
E33026765,753,201,60,141,552,425,127
E33026766,776,258,93,165,518,458,60
E33026767,425,131,49,82,294,211,83
E33026768,559,271,97,174,288,219,69
E33026769,432,155,64,91,277,213,64
E33026770,331,100,46,54,231,188,43
E33026771,521,174,69,105,347,292,55
E33026772,352,129,40,89,223,168,55
E33026773,591,209,53,156,382,307,75
E33026774,460,181,60,121,279,234,45
E33026775,332,148,66,82,184,159,25
E33026776,620,316,99,217,304,274,30
E33026777,301,131,52,79,170,140,30
E33026778,348,127,43,84,221,175,46
E33026779,293,131,43,88,162,126,36
E33026780,347,133,48,85,214,159,55
E33026781,1193,292,113,179,901,773,128
E33026782,313,132,40,92,181,159,22
E33026783,355,122,52,70,233,180,53
E33026784,642,227,72,155,415,345,70
E33026785,896,316,97,219,580,456,124
E33026786,361,91,42,49,270,182,88
E33026787,630,176,68,108,454,303,151
E33026788,600,131,60,71,469,373,96
E33026789,500,214,89,125,286,205,81
E33026790,335,105,55,50,230,176,54
E33026791,278,136,57,79,142,91,51
E33026792,383,106,51,55,277,193,84
E33026793,266,103,42,61,163,118,45
E33026794,419,78,32,46,341,295,46
E33026795,220,101,54,47,119,89,30
E33026796,362,94,45,49,268,197,71
E33026797,388,128,66,62,260,174,86
E33026798,416,133,54,79,283,202,81
E33026799,305,112,53,59,193,149,44
E33026800,302,110,47,63,192,141,51
E33026801,246,104,35,69,142,102,40
E33026802,657,322,105,217,335,286,49
E33026803,483,194,76,118,289,220,69
E33026804,288,146,82,64,142,103,39
E33026805,407,109,39,70,298,233,65
E33026806,288,113,42,71,175,122,53
E33026807,425,171,65,106,254,202,52
E33026808,356,87,40,47,269,186,83
E33026809,325,140,55,85,185,124,61
E33026810,348,132,52,80,216,129,87
E33026811,402,153,48,105,249,181,68
E33026812,336,103,31,72,233,188,45
E33026813,441,125,44,81,316,199,117
E33026814,690,119,42,77,571,466,105
E33026815,324,135,61,74,189,130,59
E33026816,162,62,21,41,100,69,31
E33026817,355,123,62,61,232,161,71
E33026818,405,116,47,69,289,192,97
E33026819,300,81,27,54,219,156,63
E33026820,533,203,85,118,330,242,88
E33026821,301,90,40,50,211,144,67
E33026822,392,115,42,73,277,204,73
E33026823,305,109,48,61,196,148,48
E33026824,339,124,61,63,215,172,43
E33026825,454,162,65,97,292,218,74
E33026826,479,222,94,128,257,214,43
E33026827,572,262,107,155,310,243,67
E33026828,620,141,64,77,479,369,110
E33026829,310,147,58,89,163,108,55
E33026830,765,263,112,151,502,363,139
E33026831,621,223,82,141,398,295,103
E33026832,495,194,93,101,301,213,88
E33026833,365,118,46,72,247,192,55
E33026834,395,155,79,76,240,170,70
E33026835,268,86,39,47,182,129,53
E33026836,803,290,112,178,513,406,107
E33026837,503,204,78,126,299,198,101
E33026838,460,168,60,108,292,233,59
E33026839,282,119,61,58,163,121,42
E33026840,456,160,58,102,296,233,63
E33026841,300,112,48,64,188,148,40
E33026842,300,129,60,69,171,136,35
E33026843,267,100,40,60,167,139,28
E33026844,397,123,48,75,274,202,72
E33026845,372,109,33,76,263,208,55
E33026846,309,123,46,77,186,151,35
E33026847,325,137,60,77,188,136,52
E33026848,382,144,59,85,238,195,43
E33026849,406,187,79,108,219,162,57
E33026850,423,120,50,70,303,233,70
E33026851,361,124,42,82,237,173,64
E33026852,347,136,56,80,211,165,46
E33026853,382,140,53,87,242,166,76
E33026854,547,97,30,67,450,307,143
E33026855,1128,389,133,256,739,521,218
E33026856,365,153,62,91,212,149,63
E33026857,303,124,58,66,179,128,51
E33026858,383,121,45,76,262,189,73
E33026859,621,237,92,145,384,328,56
E33026860,358,82,28,54,276,212,64
E33026861,1927,337,110,227,1590,1259,331
E33026862,382,148,54,94,234,192,42
E33026863,433,163,66,97,270,210,60
E33026864,774,326,131,195,448,334,114
E33026865,276,98,46,52,178,132,46
E33026866,313,141,67,74,172,142,30
E33026867,354,175,82,93,179,126,53
E33026868,319,105,57,48,214,163,51
E33026869,291,135,56,79,156,108,48
E33026870,629,162,63,99,467,366,101
E33026871,757,169,62,107,588,513,75
E33026872,345,115,45,70,230,171,59
E33026873,409,121,44,77,288,215,73
E33026874,327,128,48,80,199,147,52
E33026875,290,58,16,42,232,190,42
E33026876,315,113,46,67,202,127,75
E33026877,363,132,43,89,231,195,36
E33026878,328,160,45,115,168,127,41
E33026879,489,265,81,184,224,181,43
E33026880,281,92,33,59,189,147,42
E33026881,260,137,50,87,123,88,35
E33026882,642,145,48,97,497,347,150
E33026883,279,104,42,62,175,135,40
E33026884,335,187,49,138,148,130,18
E33026885,446,178,52,126,268,205,63
E33026886,580,314,101,213,266,202,64
E33026887,668,163,47,116,505,381,124
E33026888,384,143,55,88,241,188,53
E33026889,655,184,71,113,471,359,112
E33026890,294,142,55,87,152,117,35
E33026891,612,226,87,139,386,299,87
E33026892,226,68,28,40,158,104,54
E33026893,445,110,40,70,335,217,118
E33026894,281,88,39,49,193,140,53
E33026895,251,94,41,53,157,128,29
E33026896,314,83,27,56,231,165,66
E33026897,279,99,33,66,180,127,53
E33026898,277,109,39,70,168,130,38
E33026899,361,171,69,102,190,142,48
E33026900,355,88,33,55,267,216,51
E33026901,274,92,27,65,182,138,44
E33026902,461,196,68,128,265,195,70
E33026903,298,80,29,51,218,141,77
E33026904,361,128,47,81,233,174,59
E33026905,395,107,54,53,288,217,71
E33026906,488,139,43,96,349,274,75
E33026907,286,97,27,70,189,150,39
E33026908,285,126,53,73,159,125,34
E33026909,242,93,33,60,149,127,22
E33026910,242,81,28,53,161,119,42
E33026911,289,106,35,71,183,137,46
E33026912,406,222,85,137,184,142,42
E33026913,428,106,38,68,322,246,76
E33026914,320,122,39,83,198,165,33
E33026915,669,250,80,170,419,327,92
E33026916,239,48,17,31,191,142,49
E33026917,359,115,49,66,244,191,53
E33026918,336,141,55,86,195,149,46
E33026919,328,109,39,70,219,196,23
E33026920,521,221,101,120,300,236,64
E33026921,428,129,40,89,299,220,79
E33026922,289,123,38,85,166,137,29
E33026923,303,129,43,86,174,115,59
E33026924,378,151,66,85,227,161,66
E33026925,299,144,66,78,155,114,41
E33026926,277,75,19,56,202,150,52
E33026927,683,171,53,118,512,449,63
E33026928,381,132,33,99,249,186,63
E33026929,312,112,57,55,200,147,53
E33026930,413,168,61,107,245,182,63
E33026931,559,191,67,124,368,265,103
E33026932,418,127,51,76,291,202,89
E33026933,948,347,112,235,601,456,145
E33026934,365,97,51,46,268,206,62
E33026935,502,189,81,108,313,240,73
E33026936,314,116,47,69,198,148,50
E33026937,353,130,45,85,223,161,62
E33026938,256,140,49,91,116,83,33
E33026939,344,77,26,51,267,188,79
E33026940,432,202,70,132,230,168,62
E33026941,348,166,60,106,182,141,41
E33026942,306,142,56,86,164,115,49
E33026943,268,119,41,78,149,110,39
E33026944,324,123,56,67,201,168,33
E33026945,365,122,31,91,243,171,72
E33026946,335,141,50,91,194,131,63
E33026947,575,132,49,83,443,387,56
E33026948,291,136,37,99,155,130,25
E33026949,270,76,20,56,194,137,57
E33026950,281,102,22,80,179,152,27
E33026951,665,295,107,188,370,275,95
E33026952,656,187,34,153,469,404,65
E33026953,288,129,44,85,159,133,26
E33026954,841,338,119,219,503,369,134
E33026955,254,100,30,70,154,127,27
E33026956,336,94,26,68,242,213,29
E33026957,824,320,74,246,504,443,61
E33026958,512,252,68,184,260,213,47
E33026959,381,147,52,95,234,178,56
E33026960,380,148,44,104,232,182,50
E33026961,304,105,37,68,199,150,49
E33026962,339,98,29,69,241,190,51
E33026963,508,259,97,162,249,215,34
E33026964,724,312,64,248,412,377,35
E33026965,512,231,81,150,281,224,57
E33026966,254,83,34,49,171,126,45
E33026967,302,118,35,83,184,132,52
E33026968,247,65,22,43,182,139,43
E33026969,602,142,51,91,460,359,101
E33026970,277,86,34,52,191,144,47
E33026971,358,87,48,39,271,230,41
E33026972,322,108,43,65,214,149,65
E33026973,886,108,37,71,778,657,121
E33026974,373,120,41,79,253,193,60
E33026975,293,105,43,62,188,136,52
E33026976,344,130,61,69,214,153,61
E33026977,493,275,150,125,218,196,22
E33026978,310,124,48,76,186,134,52
E33026979,288,121,43,78,167,128,39
E33026980,901,290,96,194,611,497,114
E33026981,497,148,40,108,349,318,31
E33026982,425,110,34,76,315,231,84
E33026983,385,156,83,73,229,176,53
E33026984,323,150,49,101,173,139,34
E33026985,285,118,59,59,167,106,61
E33026986,336,124,64,60,212,134,78
E33026987,443,158,64,94,285,208,77
E33026988,364,136,61,75,228,170,58
E33026989,321,115,54,61,206,152,54
E33026990,245,90,39,51,155,105,50
E33026991,433,118,57,61,315,247,68
E33026992,390,113,51,62,277,200,77
E33026993,308,125,68,57,183,119,64
E33026994,231,70,27,43,161,103,58
E33026995,370,116,45,71,254,203,51
E33026996,304,136,48,88,168,134,34
E33026997,284,104,44,60,180,123,57
E33026998,1392,208,101,107,1184,775,409
E33026999,288,83,26,57,205,139,66
E33027000,773,248,100,148,525,435,90
E33027001,241,77,36,41,164,127,37
E33027002,273,129,65,64,144,97,47
E33027003,343,130,55,75,213,149,64
E33027004,279,82,27,55,197,146,51
E33027005,322,107,36,71,215,153,62
E33027006,398,96,45,51,302,231,71
E33027007,271,121,55,66,150,108,42
E33027008,555,155,66,89,400,295,105
E33027009,391,140,42,98,251,187,64
E33027010,275,73,30,43,202,138,64
E33027011,349,94,28,66,255,178,77
E33027012,275,84,46,38,191,137,54
E33027013,267,78,40,38,189,120,69
E33027014,263,108,40,68,155,113,42
E33027015,652,93,35,58,559,439,120
E33027016,233,85,46,39,148,105,43
E33027017,353,128,52,76,225,167,58
E33027018,442,99,31,68,343,275,68
E33027019,438,188,100,88,250,189,61
E33027020,389,137,46,91,252,211,41
E33027021,605,247,84,163,358,295,63
E33027022,442,130,53,77,312,252,60
E33027023,267,111,42,69,156,114,42
E33027024,641,128,51,77,513,395,118
E33027025,596,246,100,146,350,266,84
E33027026,530,203,60,143,327,202,125
E33027027,428,161,63,98,267,187,80
E33027028,269,66,21,45,203,140,63
E33027029,361,151,76,75,210,157,53
E33027030,384,126,71,55,258,178,80
E33027031,282,99,40,59,183,127,56
E33027032,443,178,78,100,265,193,72
E33027033,327,132,59,73,195,137,58
E33027034,409,116,54,62,293,211,82
E33027035,560,187,82,105,373,282,91
E33027036,251,93,41,52,158,117,41
E33027037,275,101,54,47,174,119,55
E33027038,266,130,48,82,136,93,43
E33027039,289,96,49,47,193,130,63
E33027040,378,118,50,68,260,201,59
E33027041,463,185,76,109,278,203,75
E33027042,441,184,48,136,257,207,50
E33027043,289,69,19,50,220,195,25
E33027044,572,109,34,75,463,369,94
E33027045,437,168,69,99,269,212,57
E33027046,657,122,42,80,535,425,110
E33027047,309,91,28,63,218,170,48
E33027048,348,135,58,77,213,155,58
E33027049,815,151,63,88,664,552,112
E33027050,369,132,38,94,237,204,33
E33027051,347,117,26,91,230,192,38
E33027052,261,114,38,76,147,100,47
E33027053,413,170,64,106,243,189,54
E33027054,364,157,78,79,207,146,61
E33027055,467,213,88,125,254,191,63
E33027056,357,139,48,91,218,177,41
E33027057,346,111,41,70,235,165,70
E33027058,738,175,39,136,563,472,91
E33027059,404,139,57,82,265,197,68
E33027060,726,246,73,173,480,384,96
E33027061,295,92,36,56,203,156,47
E33027062,754,259,101,158,495,362,133
E33027063,311,105,41,64,206,150,56
E33027064,599,226,91,135,373,278,95
E33027065,363,115,34,81,248,176,72
E33027066,421,138,60,78,283,208,75
E33027067,437,186,77,109,251,175,76
E33027068,929,252,104,148,677,473,204
E33027069,404,107,35,72,297,236,61
E33027070,254,111,38,73,143,111,32
E33027071,903,347,115,232,556,437,119
E33027072,287,78,28,50,209,182,27
E33027073,314,135,43,92,179,128,51
E33027074,328,135,47,88,193,151,42
E33027075,617,229,74,155,388,306,82
E33027076,480,171,64,107,309,262,47
E33027077,430,179,61,118,251,196,55
E33027078,403,108,38,70,295,224,71
E33027079,517,192,72,120,325,228,97
E33027080,304,81,30,51,223,177,46
E33027081,654,227,86,141,427,334,93
E33027082,339,79,36,43,260,210,50
E33027083,501,131,35,96,370,301,69
E33027084,358,158,50,108,200,158,42
E33027085,822,169,60,109,653,535,118
E33027086,287,122,49,73,165,135,30
E33027087,535,104,27,77,431,304,127
E33027088,311,83,18,65,228,174,54
E33027089,496,179,83,96,317,222,95
E33027090,387,151,45,106,236,153,83
E33027091,489,141,60,81,348,235,113
E33027092,527,182,55,127,345,243,102
E33027093,329,108,40,68,221,186,35
E33027094,459,195,93,102,264,174,90
E33027095,830,149,55,94,681,565,116
E33027096,367,138,44,94,229,165,64
E33027097,407,134,59,75,273,205,68
E33027098,183,59,27,32,124,91,33
E33027099,272,85,34,51,187,112,75
E33027100,534,251,117,134,283,193,90
E33027101,403,150,65,85,253,178,75
E33027102,395,131,54,77,264,208,56
E33027103,563,171,69,102,392,301,91
E33027104,349,113,48,65,236,177,59
E33027105,485,158,56,102,327,262,65
E33027106,706,206,81,125,500,402,98
E33027107,492,200,63,137,292,213,79
E33027108,420,157,83,74,263,185,78
E33027109,550,227,71,156,323,249,74
E33027110,749,188,65,123,561,465,96
E33027111,294,76,21,55,218,187,31
E33027112,439,130,59,71,309,249,60
E33027113,592,209,51,158,383,302,81
E33027114,259,110,52,58,149,107,42
E33027115,940,229,93,136,711,563,148
E33027116,555,188,88,100,367,254,113
E33027117,655,206,96,110,449,339,110
E33027118,336,116,30,86,220,158,62
E33027119,653,243,87,156,410,323,87
E33027120,271,104,35,69,167,126,41
E33027121,293,89,30,59,204,153,51
E33027122,333,144,46,98,189,132,57
E33027123,343,132,37,95,211,155,56
E33027124,357,160,62,98,197,147,50
E33027125,455,145,62,83,310,240,70
E33027126,363,173,71,102,190,135,55
E33027127,498,204,78,126,294,226,68
E33027128,311,90,37,53,221,175,46
E33027129,271,87,34,53,184,149,35
E33027130,577,239,65,174,338,280,58
E33027131,468,156,58,98,312,239,73
E33027132,327,136,43,93,191,148,43
E33027133,359,153,69,84,206,141,65
E33027134,475,160,61,99,315,227,88
E33027135,320,134,52,82,186,136,50
E33027136,357,67,15,52,290,238,52
E33027137,380,138,56,82,242,195,47
E33027138,312,92,31,61,220,175,45
E33027139,490,168,57,111,322,282,40
E33027140,311,133,67,66,178,148,30
E33027141,352,122,51,71,230,174,56
E33027142,752,295,113,182,457,349,108
E33027143,342,121,57,64,221,168,53
E33027144,785,180,55,125,605,493,112
E33027145,376,128,50,78,248,188,60
E33027146,294,90,31,59,204,162,42
E33027147,323,138,56,82,185,137,48
E33027148,275,135,57,78,140,94,46
E33027149,514,175,64,111,339,262,77
E33027150,731,262,107,155,469,376,93
E33027151,477,157,75,82,320,236,84
E33027152,781,330,104,226,451,372,79
E33027153,342,116,43,73,226,154,72
E33027154,325,136,74,62,189,164,25
E33027155,449,128,54,74,321,250,71
E33027156,488,165,71,94,323,261,62
E33027157,643,342,130,212,301,263,38
E33027158,291,91,48,43,200,136,64
E33027159,423,159,48,111,264,205,59
E33027160,370,139,47,92,231,166,65
E33027161,554,223,90,133,331,229,102
E33027162,320,96,29,67,224,191,33
E33027163,447,98,40,58,349,252,97
E33027164,558,265,98,167,293,221,72
E33027165,869,273,94,179,596,509,87
E33027166,473,126,41,85,347,233,114
E33027167,535,196,83,113,339,244,95
E33027168,523,193,86,107,330,224,106
E33027169,430,180,65,115,250,169,81
E33027170,283,124,65,59,159,128,31
E33027171,277,94,42,52,183,138,45
E33027172,560,233,75,158,327,260,67
E33027173,364,99,42,57,265,191,74
E33027174,364,166,70,96,198,159,39
E33027175,310,113,55,58,197,138,59
E33027176,782,317,124,193,465,351,114
E33027177,359,143,59,84,216,162,54
E33027178,497,118,54,64,379,264,115
E33027179,291,134,54,80,157,113,44
E33027180,325,74,35,39,251,194,57
E33027181,319,127,59,68,192,131,61
E33027182,394,115,54,61,279,199,80
E33027183,355,152,82,70,203,130,73
E33027184,332,114,41,73,218,167,51
E33027185,318,152,42,110,166,129,37
E33027186,712,256,120,136,456,288,168
E33027187,356,120,55,65,236,173,63
E33027188,340,134,57,77,206,129,77
E33027189,322,138,60,78,184,124,60
E33027190,425,227,101,126,198,170,28
E33027191,399,131,51,80,268,170,98
E33027192,290,99,38,61,191,158,33
E33027193,486,244,138,106,242,193,49
E33027194,300,100,50,50,200,150,50
E33027195,570,139,44,95,431,347,84
E33027196,665,188,74,114,477,358,119
E33027197,516,230,63,167,286,237,49
E33027198,568,88,36,52,480,360,120
E33027199,651,221,98,123,430,316,114
E33027200,693,195,74,121,498,355,143
E33027201,369,124,60,64,245,172,73
E33027202,472,200,88,112,272,208,64
E33027203,279,82,45,37,197,151,46
E33027204,493,149,46,103,344,241,103
E33027205,564,106,47,59,458,312,146
E33027206,530,277,126,151,253,211,42
E33027207,323,104,44,60,219,169,50
E33027208,264,103,37,66,161,131,30
E33027209,387,96,32,64,291,216,75
E33027210,761,232,82,150,529,393,136
E33027211,541,165,52,113,376,304,72
E33027212,480,149,59,90,331,220,111
E33027213,377,136,69,67,241,157,84
E33027214,453,161,71,90,292,210,82
E33027215,355,152,60,92,203,138,65
E33027216,284,121,55,66,163,107,56
E33027217,385,145,70,75,240,177,63
E33027218,557,194,90,104,363,279,84
E33027219,246,115,58,57,131,89,42
E33027220,350,167,62,105,183,123,60
E33027221,547,222,84,138,325,234,91
E33027222,420,120,54,66,300,228,72
E33027223,409,141,70,71,268,174,94
E33027224,390,70,32,38,320,215,105
E33027225,360,152,58,94,208,149,59
E33027226,477,183,83,100,294,207,87
E33027227,309,110,45,65,199,157,42
E33027228,323,137,62,75,186,130,56
E33027229,326,115,49,66,211,161,50
E33027230,798,309,109,200,489,411,78
E33027231,301,86,30,56,215,159,56
E33027232,300,99,45,54,201,163,38
E33027233,295,114,51,63,181,132,49
E33027234,270,111,41,70,159,133,26
E33027235,335,133,47,86,202,155,47
E33027236,599,220,82,138,379,316,63
E33027237,585,150,59,91,435,353,82
E33027238,908,426,145,281,482,366,116
E33027239,2143,375,117,258,1768,1568,200
E33027240,499,214,102,112,285,206,79
E33027241,427,170,63,107,257,198,59
E33027242,373,118,59,59,255,204,51
E33027243,303,97,56,41,206,138,68
E33027244,489,186,75,111,303,218,85
E33027245,336,126,53,73,210,149,61
E33027246,322,135,65,70,187,146,41
E33027247,306,82,31,51,224,184,40
E33027248,279,112,46,66,167,123,44
E33027249,422,133,38,95,289,246,43
E33027250,575,61,17,44,514,427,87
E33027251,508,153,53,100,355,284,71
E33027252,540,105,32,73,435,345,90
E33027253,408,232,114,118,176,160,16
E33027254,399,92,17,75,307,277,30
E33027255,278,97,40,57,181,144,37
E33027256,378,168,52,116,210,150,60
E33027257,452,177,84,93,275,232,43
E33027258,617,159,76,83,458,334,124
E33027259,298,128,45,83,170,134,36
E33027260,292,64,29,35,228,184,44
E33027261,560,208,84,124,352,228,124
E33027262,365,185,101,84,180,152,28
E33027263,364,70,23,47,294,246,48
E33027264,284,113,53,60,171,120,51
E33027265,459,114,38,76,345,275,70
E33027266,328,128,46,82,200,148,52
E33027267,540,213,88,125,327,257,70
E33027268,371,130,62,68,241,187,54
E33027269,473,156,49,107,317,245,72
E33027270,796,141,54,87,655,570,85
E33027271,485,189,70,119,296,211,85
E33027272,306,120,49,71,186,136,50
E33027273,667,192,85,107,475,391,84
E33027274,678,137,58,79,541,411,130
E33027275,337,140,57,83,197,145,52
E33027276,287,105,45,60,182,143,39
E33027277,405,111,40,71,294,237,57
E33027278,426,159,57,102,267,234,33
E33027279,636,171,73,98,465,328,137
E33027280,489,179,69,110,310,237,73
E33027281,309,120,57,63,189,131,58
E33027282,254,58,28,30,196,152,44
E33027283,311,154,75,79,157,108,49
E33027284,247,123,58,65,124,83,41
E33027285,678,286,108,178,392,298,94
E33027286,466,173,71,102,293,219,74
E33027287,423,185,80,105,238,182,56
E33027288,381,131,56,75,250,206,44
E33027289,278,112,27,85,166,149,17
E33027290,343,130,40,90,213,169,44
E33027291,360,143,47,96,217,155,62
E33027292,334,128,49,79,206,161,45
E33027293,380,130,44,86,250,198,52
E33027294,650,158,62,96,492,284,208
E33027295,285,96,36,60,189,134,55
E33027296,303,113,44,69,190,149,41
E33027297,372,141,40,101,231,159,72
E33027298,636,125,34,91,511,421,90
E33027299,819,156,41,115,663,537,126
E33027300,344,92,23,69,252,197,55
E33027301,356,129,42,87,227,176,51
E33027302,383,116,42,74,267,192,75
E33027303,442,187,76,111,255,207,48
E33027304,293,132,58,74,161,101,60
E33027305,374,135,50,85,239,191,48
E33027306,594,224,85,139,370,301,69
E33027307,386,104,37,67,282,203,79
E33027308,423,132,46,86,291,222,69
E33027309,636,117,40,77,519,426,93
E33027310,336,114,44,70,222,167,55
E33027311,610,252,94,158,358,263,95
E33027312,558,196,68,128,362,283,79
E33027313,380,85,43,42,295,228,67
E33027314,495,202,97,105,293,210,83
E33027315,245,89,30,59,156,136,20
E33027316,249,47,20,27,202,151,51
E33027317,364,142,50,92,222,160,62
E33027318,325,126,56,70,199,130,69
E33027319,775,169,60,109,606,453,153
E33027320,475,182,71,111,293,268,25
E33027321,281,133,70,63,148,109,39
E33027322,290,117,43,74,173,124,49
E33027323,341,135,41,94,206,169,37
E33027324,345,123,43,80,222,180,42
E33027325,390,121,48,73,269,213,56
E33027326,289,94,36,58,195,144,51
E33027327,603,281,140,141,322,241,81
E33027328,345,110,47,63,235,195,40
E33027329,346,122,50,72,224,172,52
E33027330,328,130,55,75,198,145,53
E33027331,388,177,66,111,211,151,60
E33027332,481,200,83,117,281,227,54
E33027333,550,229,84,145,321,243,78
E33027334,437,113,35,78,324,235,89
E33027335,290,95,39,56,195,161,34
E33027336,409,147,72,75,262,197,65
E33027337,922,432,157,275,490,423,67
E33027338,346,104,40,64,242,176,66
E33027339,426,169,56,113,257,206,51
E33027340,548,243,109,134,305,206,99
E33027341,282,92,43,49,190,153,37
E33027342,508,178,80,98,330,232,98
E33027343,454,83,33,50,371,280,91
E33027344,318,144,78,66,174,137,37
E33027345,238,89,28,61,149,87,62
E33027346,334,110,51,59,224,152,72
E33027347,497,174,74,100,323,238,85
E33027348,281,98,36,62,183,133,50
E33027349,462,135,66,69,327,227,100
E33027350,280,122,36,86,158,115,43
E33027351,214,84,29,55,130,102,28
E33027352,287,131,51,80,156,123,33
E33027353,594,87,36,51,507,422,85
E33027354,310,127,40,87,183,134,49
E33027355,318,126,43,83,192,142,50
E33027356,649,103,30,73,546,453,93
E33027357,240,104,43,61,136,112,24
E33027358,370,162,57,105,208,159,49
E33027359,285,123,52,71,162,118,44
E33027360,726,331,130,201,395,284,111
E33027361,381,140,61,79,241,174,67
E33027362,618,279,98,181,339,268,71
E33027363,299,72,33,39,227,185,42
E33027364,270,106,39,67,164,111,53
E33027365,398,90,36,54,308,245,63
E33027366,361,119,54,65,242,171,71
E33027367,697,200,66,134,497,404,93
E33027368,377,173,75,98,204,147,57
E33027369,467,197,75,122,270,231,39
E33027370,652,247,112,135,405,316,89
E33027371,254,108,48,60,146,103,43
E33027372,423,142,53,89,281,218,63
E33027373,521,210,62,148,311,264,47
E33027374,327,128,57,71,199,167,32
E33027375,536,231,86,145,305,260,45
E33027376,371,154,61,93,217,172,45
E33027377,353,122,56,66,231,172,59
E33027378,240,108,41,67,132,95,37
E33027379,307,119,62,57,188,134,54
E33027380,414,193,81,112,221,152,69
E33027381,563,195,63,132,368,315,53
E33027382,321,76,24,52,245,159,86
E33027383,357,135,46,89,222,169,53
E33027384,395,150,61,89,245,181,64
E33027385,420,148,59,89,272,197,75
E33027386,262,115,46,69,147,113,34
E33027387,273,103,45,58,170,116,54
E33027388,259,76,33,43,183,132,51
E33027389,297,80,34,46,217,170,47
E33027390,254,91,40,51,163,108,55
E33027391,245,94,42,52,151,102,49
E33027392,503,177,68,109,326,230,96
E33027393,301,106,47,59,195,144,51
E33027394,503,215,81,134,288,203,85
E33027395,228,94,43,51,134,96,38
E33027396,475,178,60,118,297,239,58
E33027397,612,135,56,79,477,331,146
E33027398,304,137,77,60,167,127,40
E33027399,345,121,46,75,224,162,62
E33027400,288,114,55,59,174,123,51
E33027401,714,283,96,187,431,355,76
E33027402,419,200,87,113,219,139,80
E33027403,373,133,51,82,240,192,48
E33027404,705,297,112,185,408,271,137
E33027405,487,253,109,144,234,176,58
E33027406,329,139,50,89,190,137,53
E33027407,283,121,52,69,162,125,37
E33027408,304,127,64,63,177,124,53
E33027409,520,169,71,98,351,282,69
E33027410,426,165,77,88,261,195,66
E33027411,763,198,66,132,565,502,63
E33027412,673,227,95,132,446,332,114
E33027413,262,98,51,47,164,121,43
E33027414,298,103,38,65,195,143,52
E33027415,423,179,90,89,244,195,49
E33027416,370,151,71,80,219,154,65
E33027417,381,157,58,99,224,152,72
E33027418,330,151,81,70,179,126,53
E33027419,404,124,52,72,280,194,86
E33027420,368,120,58,62,248,197,51
E33027421,227,99,39,60,128,93,35
E33027422,327,95,50,45,232,160,72
E33027423,313,95,41,54,218,170,48
E33027424,305,115,42,73,190,147,43
E33027425,256,111,35,76,145,116,29
E33027426,328,73,33,40,255,211,44
E33027427,483,132,58,74,351,254,97
E33027428,392,159,80,79,233,168,65
E33027429,687,343,147,196,344,241,103
E33027430,321,147,65,82,174,139,35
E33027431,374,155,69,86,219,172,47
E33027432,1413,507,132,375,906,795,111
E33027433,596,289,113,176,307,241,66
E33027434,435,158,52,106,277,195,82
E33027435,446,179,68,111,267,192,75
E33027436,273,121,58,63,152,112,40
E33027437,281,115,57,58,166,132,34
E33027438,301,117,54,63,184,143,41
E33027439,744,317,111,206,427,328,99
E33027440,253,90,35,55,163,127,36
E33027441,429,204,70,134,225,161,64
E33027442,721,170,54,116,551,457,94
E33027443,650,256,98,158,394,320,74
E33027444,314,122,51,71,192,136,56
E33027445,535,244,83,161,291,250,41
E33027446,426,135,50,85,291,245,46
E33027447,273,91,34,57,182,150,32
E33027448,424,98,36,62,326,239,87
E33027449,401,124,35,89,277,209,68
E33027450,825,152,42,110,673,549,124
E33027451,359,136,46,90,223,180,43
E33027452,463,195,84,111,268,181,87
E33027453,625,118,41,77,507,427,80
E33027454,361,131,54,77,230,175,55
E33027455,280,121,54,67,159,104,55
E33027456,300,96,35,61,204,130,74
E33027457,346,130,64,66,216,178,38
E33027458,296,83,38,45,213,169,44
E33027459,424,168,67,101,256,196,60
E33027460,433,266,165,101,167,141,26
E33027461,349,118,47,71,231,136,95
E33027462,694,224,76,148,470,396,74
E33027463,311,92,34,58,219,168,51
E33027464,333,108,28,80,225,186,39
E33027465,612,113,43,70,499,348,151
E33027466,332,172,61,111,160,116,44
E33027467,339,145,52,93,194,140,54
E33027468,377,125,60,65,252,196,56
E33027469,643,165,73,92,478,359,119
E33027470,580,260,77,183,320,249,71
E33027471,297,169,102,67,128,97,31
E33027472,316,121,45,76,195,139,56
E33027473,476,135,40,95,341,266,75
E33027474,473,137,56,81,336,270,66
E33027475,298,141,50,91,157,116,41
E33027476,359,117,44,73,242,189,53
E33027477,349,127,44,83,222,183,39
E33027478,1487,776,251,525,711,631,80
E33027479,495,172,71,101,323,212,111
E33027480,501,203,86,117,298,215,83
E33027481,770,107,31,76,663,465,198
E33027482,294,128,39,89,166,112,54
E33027483,290,124,55,69,166,129,37
E33027484,471,215,91,124,256,180,76
E33027485,346,146,71,75,200,130,70
E33027486,418,181,62,119,237,183,54
E33027487,350,100,24,76,250,199,51
E33027488,1072,414,142,272,658,547,111
E33027489,659,206,68,138,453,363,90
E33027490,666,250,86,164,416,341,75
E33027491,502,76,14,62,426,379,47
E33027492,398,73,20,53,325,243,82
E33027493,285,90,50,40,195,147,48
E33027494,559,216,75,141,343,245,98
E33027495,372,145,31,114,227,190,37
E33027496,600,235,87,148,365,275,90
E33027497,585,235,72,163,350,279,71
E33027498,426,120,51,69,306,237,69
E33027499,323,70,29,41,253,198,55
E33027500,363,130,39,91,233,192,41
E33027501,334,101,37,64,233,173,60
E33027502,321,102,35,67,219,184,35
E33027503,553,173,59,114,380,335,45
E33027504,409,142,41,101,267,213,54
E33027505,633,237,68,169,396,304,92
E33027506,423,100,30,70,323,257,66
E33027507,298,95,39,56,203,175,28
E33027508,471,135,35,100,336,267,69
E33027509,555,266,86,180,289,213,76
E33027510,398,154,63,91,244,170,74
E33027511,767,298,108,190,469,400,69
E33027512,649,297,87,210,352,253,99
E33027513,386,138,46,92,248,194,54
E33027514,333,124,45,79,209,173,36
E33027515,667,228,60,168,439,345,94
E33027516,340,151,49,102,189,131,58
E33027517,265,131,41,90,134,107,27
E33027518,474,160,71,89,314,232,82
E33027519,522,94,42,52,428,349,79
E33027520,307,135,51,84,172,134,38
E33027521,336,65,28,37,271,173,98
E33027522,312,100,45,55,212,153,59
E33027523,471,80,26,54,391,281,110
E33027524,489,192,76,116,297,232,65
E33027525,359,166,62,104,193,140,53
E33027526,325,69,25,44,256,175,81
E33027527,459,131,50,81,328,268,60
E33027528,394,125,46,79,269,169,100
E33027529,464,170,68,102,294,233,61
E33027530,385,154,61,93,231,178,53
E33027531,287,96,50,46,191,143,48
E33027532,228,71,31,40,157,112,45
E33027533,691,168,83,85,523,408,115
E33027534,389,177,90,87,212,150,62
E33027535,431,195,82,113,236,164,72
E33027536,306,149,58,91,157,114,43
E33027537,341,114,39,75,227,162,65
E33027538,297,110,47,63,187,126,61
E33027539,773,223,69,154,550,402,148
E33027540,320,165,92,73,155,105,50
E33027541,273,118,52,66,155,104,51
E33027542,326,132,66,66,194,126,68
E33027543,298,110,48,62,188,136,52
E33027544,415,144,62,82,271,220,51
E33027545,264,92,39,53,172,127,45
E33027546,241,95,39,56,146,107,39
E33027547,380,175,80,95,205,146,59
E33027548,242,79,26,53,163,117,46
E33027549,259,111,41,70,148,116,32
E33027550,332,138,54,84,194,164,30
E33027551,268,111,50,61,157,114,43
E33027552,309,127,62,65,182,128,54
E33027553,332,145,55,90,187,151,36
E33027554,285,96,42,54,189,120,69
E33027555,304,119,47,72,185,148,37
E33027556,483,80,19,61,403,334,69
E33027557,378,174,55,119,204,158,46
E33027558,623,240,72,168,383,294,89
E33027559,297,91,32,59,206,151,55
E33027560,457,155,67,88,302,215,87
E33027561,298,105,38,67,193,146,47
E33027562,337,140,56,84,197,149,48
E33027563,428,165,62,103,263,218,45
E33027564,317,100,45,55,217,166,51
E33027565,440,132,53,79,308,260,48
E33027566,505,142,64,78,363,261,102
E33027567,352,133,51,82,219,174,45
E33027568,332,138,60,78,194,125,69
E33027569,493,185,61,124,308,241,67
E33027570,609,268,87,181,341,290,51
E33027571,341,148,58,90,193,154,39
E33027572,338,92,36,56,246,198,48
E33027573,314,104,33,71,210,172,38
E33027574,425,210,94,116,215,169,46
E33027575,507,146,54,92,361,256,105
E33027576,511,190,76,114,321,233,88
E33027577,309,139,63,76,170,126,44
E33027578,385,133,34,99,252,206,46
E33027579,613,146,52,94,467,398,69
E33027580,694,304,115,189,390,297,93
E33027581,490,171,54,117,319,260,59
E33027582,395,144,52,92,251,188,63
E33027583,1192,296,90,206,896,757,139
E33027584,387,125,44,81,262,206,56
E33027585,340,133,50,83,207,161,46
E33027586,820,100,24,76,720,422,298
E33027587,914,332,94,238,582,515,67
E33027588,600,127,43,84,473,361,112
E33027589,345,121,46,75,224,178,46
E33027590,499,77,23,54,422,339,83
E33027591,659,205,78,127,454,361,93
E33027592,381,117,36,81,264,214,50
E33027593,426,134,41,93,292,225,67
E33027594,344,90,34,56,254,193,61
E33027595,364,127,37,90,237,203,34
E33027596,459,177,70,107,282,211,71
E33027597,297,122,45,77,175,137,38
E33027598,260,116,41,75,144,109,35
E33027599,270,98,30,68,172,139,33
E33027600,255,95,48,47,160,123,37
E33027601,312,125,60,65,187,139,48
E33027602,446,103,37,66,343,293,50
E33027603,445,154,59,95,291,227,64
E33027604,461,191,65,126,270,237,33
E33027605,275,112,48,64,163,126,37
E33027606,566,313,150,163,253,220,33
E33027607,364,119,46,73,245,196,49
E33027608,337,77,24,53,260,208,52
E33027609,364,72,18,54,292,231,61
E33027610,339,132,58,74,207,148,59
E33027611,1656,497,184,313,1159,975,184
E33027612,517,151,34,117,366,339,27
E33027613,340,153,58,95,187,144,43
E33027614,350,63,30,33,287,223,64
E33027615,497,161,48,113,336,271,65
E33027616,312,142,63,79,170,138,32
E33027617,381,135,39,96,246,218,28
E33027618,477,126,42,84,351,308,43
E33027619,637,282,90,192,355,261,94
E33027620,314,97,41,56,217,174,43
E33027621,373,168,66,102,205,145,60
E33027622,465,139,49,90,326,249,77
E33027623,283,65,23,42,218,184,34
E33027624,638,246,107,139,392,273,119
E33027625,511,196,97,99,315,209,106
E33027626,288,118,43,75,170,128,42
E33027627,303,145,48,97,158,133,25
E33027628,258,86,33,53,172,132,40
E33027629,570,189,75,114,381,289,92
E33027630,507,177,71,106,330,250,80
E33027631,277,93,43,50,184,142,42
E33027632,270,75,30,45,195,149,46
E33027633,473,194,68,126,279,196,83
E33027634,502,196,75,121,306,220,86
E33027635,561,181,67,114,380,284,96
E33027636,381,144,68,76,237,177,60
E33027637,442,143,56,87,299,227,72
E33027638,575,216,64,152,359,289,70
E33027639,526,231,101,130,295,220,75
E33027640,380,153,57,96,227,192,35
E33027641,359,104,38,66,255,208,47
E33027642,612,259,99,160,353,274,79
E33027643,976,180,59,121,796,685,111
E33027644,361,120,46,74,241,180,61
E33027645,2306,703,147,556,1603,1451,152
E33027646,245,108,34,74,137,109,28
E33027647,311,119,43,76,192,156,36
E33027648,518,207,79,128,311,274,37
E33027649,341,133,41,92,208,155,53
E33027650,603,100,45,55,503,369,134
E33027651,363,99,36,63,264,204,60
E33027652,440,144,50,94,296,238,58
E33027653,268,118,56,62,150,109,41
E33027654,289,108,36,72,181,140,41
E33027655,246,101,35,66,145,106,39
E33027656,338,91,31,60,247,202,45
E33027657,306,95,41,54,211,155,56
E33027658,353,129,49,80,224,182,42
E33027659,307,97,26,71,210,174,36
E33027660,478,134,59,75,344,256,88
E33027661,654,257,59,198,397,327,70
E33027662,236,42,17,25,194,158,36
E33027663,422,133,48,85,289,225,64
E33027664,701,230,70,160,471,385,86
E33027665,277,113,54,59,164,118,46
E33027666,351,154,56,98,197,150,47
E33027667,533,240,96,144,293,238,55
E33027668,719,266,124,142,453,351,102
E33027669,293,97,32,65,196,147,49
E33027670,373,90,36,54,283,231,52
E33027671,823,167,54,113,656,477,179
E33027672,433,67,33,34,366,277,89
E33027673,257,109,41,68,148,104,44
E33027674,809,274,129,145,535,368,167
E33027675,259,96,39,57,163,108,55
E33027676,274,125,54,71,149,96,53
E33027677,259,91,43,48,168,121,47
E33027678,370,132,62,70,238,172,66
E33027679,346,119,60,59,227,156,71
E33027680,244,94,52,42,150,114,36
E33027681,520,222,77,145,298,196,102
E33027682,277,93,27,66,184,129,55
E33027683,387,156,62,94,231,138,93
E33027684,847,117,48,69,730,415,315
E33027685,328,121,48,73,207,162,45
E33027686,239,78,29,49,161,83,78
E33027687,312,113,55,58,199,124,75
E33027688,385,127,37,90,258,172,86
E33027689,272,72,27,45,200,130,70
E33027690,271,89,40,49,182,113,69
E33027691,385,181,64,117,204,137,67
E33027692,377,129,55,74,248,167,81
E33027693,354,69,27,42,285,177,108
E33027694,438,146,56,90,292,225,67
E33027695,381,140,45,95,241,180,61
E33027696,224,92,30,62,132,98,34
E33027697,299,108,37,71,191,137,54
E33027698,393,179,46,133,214,175,39
E33027699,288,98,35,63,190,146,44
E33027700,639,221,77,144,418,292,126
E33027701,471,167,61,106,304,201,103
E33027702,1303,309,88,221,994,720,274
E33027703,349,139,55,84,210,153,57
E33027704,1021,501,200,301,520,454,66
E33027705,388,182,58,124,206,157,49
E33027706,806,321,105,216,485,406,79
E33027707,618,199,70,129,419,333,86
E33027708,338,103,44,59,235,141,94
E33027709,311,123,56,67,188,147,41
E33027710,464,179,71,108,285,186,99
E33027711,404,101,33,68,303,204,99
E33027712,238,93,33,60,145,111,34
E33027713,367,136,40,96,231,201,30
E33027714,311,123,36,87,188,151,37
E33027715,224,93,26,67,131,113,18
E33027716,235,77,19,58,158,111,47
E33027717,317,98,39,59,219,166,53
E33027718,249,118,50,68,131,92,39
E33027719,331,112,51,61,219,135,84
E33027720,358,123,41,82,235,150,85
E33027721,381,158,66,92,223,145,78
E33027722,393,147,42,105,246,190,56
E33027723,305,116,34,82,189,146,43
E33027724,275,111,33,78,164,130,34
E33027725,296,112,35,77,184,147,37
E33027726,615,79,29,50,536,434,102
E33027727,422,108,35,73,314,242,72
E33027728,367,118,50,68,249,156,93
E33027729,408,110,40,70,298,202,96
E33027730,402,134,57,77,268,144,124
E33027731,406,118,53,65,288,189,99
E33027732,374,76,26,50,298,220,78
E33027733,415,171,68,103,244,172,72
E33027734,624,91,34,57,533,435,98
E33027735,280,100,33,67,180,133,47
E33027736,524,148,45,103,376,290,86
E33027737,373,68,25,43,305,200,105
E33027738,741,295,96,199,446,366,80
E33027739,449,201,66,135,248,209,39
E33027740,291,115,54,61,176,110,66
E33027741,352,103,40,63,249,197,52
E33027742,788,152,62,90,636,476,160
E33027743,304,107,39,68,197,135,62
E33027744,577,167,62,105,410,271,139
E33027745,411,163,71,92,248,181,67
E33027746,447,115,40,75,332,255,77
E33027747,301,89,40,49,212,160,52
E33027748,468,198,75,123,270,202,68
E33027749,324,141,67,74,183,128,55
E33027750,427,75,34,41,352,211,141
E33027751,633,258,71,187,375,301,74
E33027752,368,97,43,54,271,146,125
E33027753,605,96,29,67,509,355,154
E33027754,266,89,13,76,177,145,32
E33027755,359,61,17,44,298,205,93
E33027756,515,51,17,34,464,400,64
E33027757,609,198,65,133,411,344,67
E33027758,2151,227,60,167,1924,1444,480
E33027759,374,102,31,71,272,204,68
E33027760,259,62,23,39,197,147,50
E33027761,392,169,48,121,223,162,61
E33027762,354,175,55,120,179,130,49
E33027763,675,309,89,220,366,316,50
E33027764,256,74,25,49,182,163,19
E33027765,297,95,38,57,202,145,57
E33027766,506,191,46,145,315,255,60
E33027767,285,76,28,48,209,162,47
E33027768,702,304,108,196,398,337,61
E33027769,322,158,53,105,164,130,34
E33027770,506,108,34,74,398,334,64
E33027771,300,149,74,75,151,121,30
E33027772,799,200,79,121,599,489,110
E33027773,294,124,53,71,170,144,26
E33027774,348,95,26,69,253,190,63
E33027775,286,112,48,64,174,114,60
E33027776,486,211,80,131,275,210,65
E33027777,446,128,46,82,318,219,99
E33027778,275,95,38,57,180,114,66
E33027779,259,89,48,41,170,115,55
E33027780,251,67,28,39,184,117,67
E33027781,391,64,30,34,327,226,101
E33027782,253,110,46,64,143,101,42
E33027783,542,223,114,109,319,230,89
E33027784,462,174,68,106,288,208,80
E33027785,455,198,94,104,257,180,77
E33027786,363,66,24,42,297,202,95
E33027787,307,92,39,53,215,169,46
E33027788,433,127,42,85,306,234,72
E33027789,314,100,30,70,214,154,60
E33027790,334,126,32,94,208,160,48
E33027791,593,140,45,95,453,331,122
E33027792,646,187,70,117,459,371,88
E33027793,555,249,96,153,306,234,72
E33027794,269,129,49,80,140,108,32
E33027795,268,92,32,60,176,131,45
E33027796,781,265,102,163,516,374,142
E33027797,249,106,29,77,143,116,27
E33027798,260,112,60,52,148,100,48
E33027799,317,125,51,74,192,138,54
E33027800,519,183,61,122,336,265,71
E33027801,530,119,45,74,411,300,111
E33027802,303,97,35,62,206,153,53
E33027803,256,106,42,64,150,114,36
E33027804,365,111,41,70,254,180,74
E33027805,406,120,42,78,286,234,52
E33027806,248,67,22,45,181,158,23
E33027807,261,115,43,72,146,102,44
E33027808,354,134,46,88,220,178,42
E33027809,450,209,84,125,241,181,60
E33027810,291,103,40,63,188,147,41
E33027811,319,180,81,99,139,108,31
E33027812,373,152,52,100,221,172,49
E33027813,334,126,47,79,208,163,45
E33027814,694,180,44,136,514,443,71
E33027815,256,94,39,55,162,119,43
E33027816,345,97,30,67,248,184,64
E33027817,363,162,53,109,201,148,53
E33027818,265,93,37,56,172,127,45
E33027819,442,85,26,59,357,281,76
E33027820,1066,582,168,414,484,422,62
E33027821,345,147,46,101,198,153,45
E33027822,495,198,62,136,297,237,60
E33027823,399,112,31,81,287,219,68
E33027824,573,194,80,114,379,303,76
E33027825,628,145,45,100,483,401,82
E33027826,309,129,53,76,180,126,54
E33027827,518,192,88,104,326,243,83
E33027828,295,98,41,57,197,137,60
E33027829,242,91,48,43,151,110,41
E33027830,304,115,60,55,189,147,42
E33027831,266,80,24,56,186,134,52
E33027832,355,141,60,81,214,168,46
E33027833,419,132,50,82,287,221,66
E33027834,551,226,62,164,325,253,72
E33027835,406,136,64,72,270,198,72
E33027836,784,436,149,287,348,312,36
E33027837,542,177,58,119,365,305,60
E33027838,285,57,19,38,228,200,28
E33027839,392,75,29,46,317,254,63
E33027840,404,147,58,89,257,212,45
E33027841,325,125,42,83,200,155,45
E33027842,357,138,47,91,219,156,63
E33027843,236,64,28,36,172,132,40
E33027844,342,152,59,93,190,134,56
E33027845,346,114,51,63,232,159,73
E33027846,251,140,45,95,111,78,33
E33027847,303,115,47,68,188,134,54
E33027848,399,166,49,117,233,183,50
E33027849,389,176,69,107,213,155,58
E33027850,308,128,50,78,180,127,53
E33027851,313,96,36,60,217,146,71
E33027852,305,135,64,71,170,114,56
E33027853,360,157,44,113,203,166,37
E33027854,311,132,38,94,179,125,54
E33027855,363,158,66,92,205,127,78
E33027856,358,131,53,78,227,158,69
E33027857,317,92,42,50,225,143,82
E33027858,557,229,86,143,328,245,83
E33027859,343,114,36,78,229,160,69
E33027860,261,96,44,52,165,127,38
E33027861,300,129,32,97,171,130,41
E33027862,328,143,42,101,185,150,35
E33027863,396,187,57,130,209,159,50
E33027864,376,165,59,106,211,146,65
E33027865,355,159,53,106,196,162,34
E33027866,328,134,43,91,194,144,50
E33027867,273,84,30,54,189,164,25
E33027868,383,162,44,118,221,169,52
E33027869,629,210,43,167,419,363,56
E33027870,563,299,97,202,264,245,19
E33027871,489,283,120,163,206,173,33
E33027872,372,97,19,78,275,233,42
E33027873,279,90,28,62,189,129,60
E33027874,272,86,21,65,186,121,65
E33027875,401,127,43,84,274,237,37
E33027876,349,91,22,69,258,235,23
E33027877,306,112,30,82,194,160,34
E33027878,302,104,23,81,198,159,39
E33027879,437,203,61,142,234,179,55
E33027880,394,138,48,90,256,195,61
E33027881,311,111,32,79,200,165,35
E33027882,252,95,16,79,157,140,17
E33027883,241,55,9,46,186,144,42
E33027884,258,132,45,87,126,103,23
E33027885,604,147,47,100,457,379,78
E33027886,1177,527,179,348,650,562,88
E33027887,431,161,50,111,270,226,44
E33027888,983,368,86,282,615,495,120
E33027889,386,135,43,92,251,194,57
E33027890,370,120,42,78,250,190,60
E33027891,312,147,37,110,165,125,40
E33027892,434,209,52,157,225,184,41
E33027893,309,139,42,97,170,131,39
E33027894,441,183,65,118,258,200,58
E33027895,470,129,25,104,341,265,76
E33027896,264,98,36,62,166,129,37
E33027897,458,165,53,112,293,233,60
E33027898,266,101,30,71,165,136,29
E33027899,320,145,36,109,175,132,43
E33027900,426,184,75,109,242,187,55
E33027901,3606,1431,307,1124,2175,1944,231
E33027902,331,133,33,100,198,163,35
E33027903,292,116,33,83,176,138,38
E33027904,298,108,34,74,190,142,48
E33027905,284,126,61,65,158,112,46
E33027906,254,88,30,58,166,132,34
E33027907,385,159,74,85,226,163,63
E33027908,308,114,36,78,194,156,38
E33027909,279,151,58,93,128,101,27
E33027910,893,369,147,222,524,441,83
E33027911,292,120,37,83,172,141,31
E33027912,504,246,68,178,258,198,60
E33027913,316,122,31,91,194,154,40
E33027914,255,110,32,78,145,105,40
E33027915,442,142,61,81,300,210,90
E33027916,392,139,41,98,253,184,69
E33027917,383,126,48,78,257,203,54
E33027918,376,123,46,77,253,177,76
E33027919,288,81,31,50,207,131,76
E33027920,285,86,38,48,199,152,47
E33027921,548,218,95,123,330,233,97
E33027922,455,176,81,95,279,199,80
E33027923,263,96,45,51,167,109,58
E33027924,293,115,39,76,178,136,42
E33027925,439,169,56,113,270,198,72
E33027926,485,222,76,146,263,199,64
E33027927,380,153,62,91,227,143,84
E33027928,446,183,70,113,263,193,70
E33027929,439,181,68,113,258,193,65
E33027930,554,233,71,162,321,251,70
E33027931,331,135,57,78,196,155,41
E33027932,374,130,64,66,244,174,70
E33027933,218,85,35,50,133,106,27
E33027934,509,277,125,152,232,190,42
E33027935,356,155,55,100,201,140,61
E33027936,257,124,54,70,133,94,39
E33027937,429,165,45,120,264,204,60
E33027938,290,123,59,64,167,129,38
E33027939,327,117,39,78,210,165,45
E33027940,1042,316,94,222,726,617,109
E33027941,265,139,61,78,126,89,37
E33027942,321,100,44,56,221,173,48
E33027943,350,111,36,75,239,173,66
E33027944,300,81,31,50,219,135,84
E33027945,368,144,45,99,224,163,61
E33027946,608,216,57,159,392,291,101
E33027947,764,269,53,216,495,460,35
E33027948,837,379,106,273,458,380,78
E33027949,375,90,34,56,285,238,47
E33027950,331,140,30,110,191,152,39
E33027951,410,127,51,76,283,209,74
E33027952,273,102,28,74,171,140,31
E33027953,493,83,25,58,410,367,43
E33027954,393,132,42,90,261,224,37
E33027955,279,99,33,66,180,132,48
E33027956,336,137,48,89,199,160,39
E33027957,415,83,26,57,332,265,67
E33027958,644,271,112,159,373,330,43
E33027959,403,121,41,80,282,218,64
E33027960,292,101,37,64,191,127,64
E33027961,906,177,77,100,729,612,117
E33027962,241,67,24,43,174,115,59
E33027963,403,126,46,80,277,206,71
E33027964,391,158,68,90,233,177,56
E33027965,485,127,40,87,358,217,141
E33027966,447,163,51,112,284,181,103
E33027967,435,144,55,89,291,185,106
E33027968,313,66,29,37,247,185,62
E33027969,268,72,29,43,196,125,71
E33027970,325,74,17,57,251,201,50
E33027971,568,99,31,68,469,297,172
E33027972,441,140,48,92,301,214,87
E33027973,4326,229,102,127,4097,3509,588
E33027974,313,107,36,71,206,144,62
E33027975,241,96,34,62,145,89,56
E33027976,333,107,49,58,226,131,95
E33027977,385,59,29,30,326,269,57
E33027978,402,135,58,77,267,183,84
E33027979,270,105,40,65,165,118,47
E33027980,401,169,55,114,232,150,82
E33027981,272,81,29,52,191,125,66
E33027982,277,78,26,52,199,138,61
E33027983,348,96,41,55,252,172,80
E33027984,251,108,40,68,143,100,43
E33027985,286,70,35,35,216,145,71
E33027986,260,95,36,59,165,113,52
E33027987,306,104,44,60,202,141,61
E33027988,270,157,69,88,113,92,21
E33027989,449,155,57,98,294,220,74
E33027990,287,137,43,94,150,130,20
E33027991,483,90,29,61,393,303,90
E33027992,522,211,84,127,311,225,86
E33027993,340,152,50,102,188,158,30
E33027994,405,154,51,103,251,190,61
E33027995,352,154,60,94,198,132,66
E33027996,254,81,30,51,173,123,50
E33027997,611,230,98,132,381,273,108
E33027998,600,236,94,142,364,221,143
E33027999,373,112,59,53,261,180,81
E33028000,311,86,25,61,225,166,59
E33028001,268,76,34,42,192,109,83
E33028002,511,121,42,79,390,314,76
E33028003,369,103,38,65,266,165,101
E33028004,290,78,31,47,212,158,54
E33028005,733,173,57,116,560,457,103
E33028006,314,116,41,75,198,147,51
E33028007,594,63,18,45,531,402,129
E33028008,334,144,60,84,190,142,48
E33028009,334,130,38,92,204,163,41
E33028010,387,172,58,114,215,164,51
E33028011,255,92,36,56,163,131,32
E33028012,255,101,32,69,154,130,24
E33028013,432,126,44,82,306,267,39
E33028014,600,302,102,200,298,227,71
E33028015,347,114,51,63,233,174,59
E33028016,448,185,73,112,263,200,63
E33028017,296,100,35,65,196,129,67
E33028018,366,123,46,77,243,166,77
E33028019,300,104,42,62,196,153,43
E33028020,267,103,47,56,164,117,47
E33028021,402,145,51,94,257,212,45
E33028022,459,195,42,153,264,218,46
E33028023,313,123,38,85,190,162,28
E33028024,340,149,40,109,191,160,31
E33028025,266,98,38,60,168,137,31
E33028026,702,355,123,232,347,281,66
E33028027,271,108,45,63,163,124,39
E33028028,514,153,45,108,361,333,28
E33028029,236,101,30,71,135,104,31
E33028030,250,95,38,57,155,111,44
E33028031,377,163,50,113,214,183,31
E33028032,892,388,142,246,504,359,145
E33028033,245,77,32,45,168,123,45
E33028034,293,73,17,56,220,169,51
E33028035,284,100,43,57,184,143,41
E33028036,766,291,118,173,475,398,77
E33028037,271,87,30,57,184,132,52
E33028038,279,106,29,77,173,130,43
E33028039,289,112,44,68,177,118,59
E33028040,364,170,73,97,194,147,47
E33028041,286,124,41,83,162,125,37
E33028042,294,92,33,59,202,151,51
E33028043,342,128,49,79,214,137,77
E33028044,383,149,62,87,234,155,79
E33028045,297,110,43,67,187,129,58
E33028046,248,54,17,37,194,154,40
E33028047,253,87,31,56,166,124,42
E33028048,477,202,75,127,275,177,98
E33028049,269,80,40,40,189,144,45
E33028050,507,96,33,63,411,334,77
E33028051,322,148,48,100,174,129,45
E33028052,323,177,64,113,146,116,30
E33028053,371,132,55,77,239,135,104
E33028054,550,133,60,73,417,310,107
E33028055,339,124,51,73,215,145,70
E33028056,266,96,42,54,170,135,35
E33028057,394,155,50,105,239,168,71
E33028058,296,89,30,59,207,144,63
E33028059,456,132,51,81,324,233,91
E33028060,391,95,32,63,296,224,72
E33028061,286,93,41,52,193,135,58
E33028062,228,52,25,27,176,126,50
E33028063,377,115,51,64,262,214,48
E33028064,544,269,108,161,275,237,38
E33028065,343,144,53,91,199,172,27
E33028066,282,132,53,79,150,94,56
E33028067,303,124,31,93,179,142,37
E33028068,256,129,44,85,127,101,26
E33028069,536,203,61,142,333,265,68
E33028070,316,131,47,84,185,140,45
E33028071,562,241,84,157,321,262,59
E33028072,364,116,40,76,248,192,56
E33028073,778,189,75,114,589,483,106
E33028074,491,142,47,95,349,304,45
E33028075,400,191,59,132,209,167,42
E33028076,290,98,40,58,192,138,54
E33028077,429,161,66,95,268,199,69
E33028078,303,123,59,64,180,114,66
E33028079,416,93,30,63,323,271,52
E33028080,626,110,34,76,516,462,54
E33028081,284,81,36,45,203,144,59
E33028082,298,139,70,69,159,130,29
E33028083,294,103,37,66,191,136,55
E33028084,428,138,46,92,290,229,61
E33028085,610,310,103,207,300,248,52
E33028086,395,183,51,132,212,156,56
E33028087,309,116,42,74,193,130,63
E33028088,295,114,43,71,181,129,52
E33028089,385,136,62,74,249,196,53
E33028090,270,102,34,68,168,136,32
E33028091,461,64,13,51,397,319,78
E33028092,274,115,43,72,159,109,50
E33028093,319,138,57,81,181,134,47
E33028094,350,118,51,67,232,180,52
E33028095,249,101,39,62,148,112,36
E33028096,368,95,38,57,273,214,59
E33028097,411,139,49,90,272,210,62
E33028098,262,52,16,36,210,168,42
E33028099,330,145,40,105,185,149,36
E33028100,517,57,15,42,460,353,107
E33028101,249,76,25,51,173,144,29
E33028102,323,115,31,84,208,161,47
E33028103,474,154,40,114,320,261,59
E33028104,545,148,44,104,397,337,60
E33028105,652,222,79,143,430,355,75
E33028106,288,98,30,68,190,159,31
E33028107,367,149,46,103,218,176,42
E33028108,342,110,33,77,232,188,44
E33028109,382,140,47,93,242,196,46
E33028110,421,173,58,115,248,189,59
E33028111,484,195,55,140,289,233,56
E33028112,339,124,41,83,215,173,42
E33028113,713,257,83,174,456,385,71
E33028114,320,131,35,96,189,161,28
E33028115,395,136,52,84,259,194,65
E33028116,832,204,59,145,628,554,74
E33028117,327,156,58,98,171,135,36
E33028118,591,236,86,150,355,296,59
E33028119,315,106,34,72,209,180,29
E33028120,676,134,39,95,542,487,55
E33028121,307,123,41,82,184,144,40
E33028122,1040,403,87,316,637,594,43
E33028123,352,127,45,82,225,170,55
E33028124,472,138,46,92,334,236,98
E33028125,563,95,31,64,468,421,47
E33028126,431,128,33,95,303,259,44
E33028127,656,132,47,85,524,388,136
E33028128,317,136,36,100,181,146,35
E33028129,243,72,24,48,171,139,32
E33028130,292,113,31,82,179,146,33
E33028131,661,159,44,115,502,440,62
E33028132,499,150,61,89,349,284,65
E33028133,287,103,37,66,184,152,32
E33028134,251,111,29,82,140,103,37
E33028135,244,109,36,73,135,107,28
E33028136,622,209,57,152,413,350,63
E33028137,390,67,23,44,323,249,74
E33028138,346,65,26,39,281,221,60
E33028139,261,111,32,79,150,124,26
E33028140,425,211,60,151,214,181,33
E33028141,346,186,79,107,160,120,40
E33028142,303,123,40,83,180,158,22
E33028143,388,181,75,106,207,151,56
E33028144,364,177,75,102,187,135,52
E33028145,312,130,40,90,182,148,34
E33028146,272,126,46,80,146,113,33
E33028147,504,160,64,96,344,242,102
E33028148,281,143,48,95,138,111,27
E33028149,343,123,31,92,220,183,37
E33028150,312,124,43,81,188,151,37
E33028151,593,242,76,166,351,297,54
E33028152,407,160,71,89,247,214,33
E33028153,1213,474,147,327,739,643,96
E33028154,266,121,62,59,145,114,31
E33028155,536,211,82,129,325,262,63
E33028156,1091,198,63,135,893,834,59
E33028157,363,142,35,107,221,197,24
E33028158,279,132,55,77,147,117,30
E33028159,421,167,78,89,254,185,69
E33028160,480,210,92,118,270,212,58
E33028161,256,155,77,78,101,80,21
E33028162,328,155,42,113,173,149,24
E33028163,259,104,40,64,155,121,34
E33028164,346,173,103,70,173,151,22
E33028165,514,174,60,114,340,299,41
E33028166,270,68,20,48,202,172,30
E33028167,283,99,25,74,184,148,36
E33028168,310,104,33,71,206,186,20
E33028169,252,107,37,70,145,118,27
E33028170,384,166,53,113,218,169,49
E33028171,417,120,46,74,297,210,87
E33028172,313,115,47,68,198,142,56
E33028173,431,197,74,123,234,174,60
E33028174,365,118,46,72,247,187,60
E33028175,425,183,39,144,242,188,54
E33028176,323,99,35,64,224,158,66
E33028177,362,94,41,53,268,216,52
E33028178,325,140,65,75,185,141,44
E33028179,514,147,64,83,367,272,95
E33028180,341,98,27,71,243,198,45
E33028181,360,124,52,72,236,181,55
E33028182,600,164,25,139,436,376,60
E33028183,485,204,71,133,281,219,62
E33028184,501,199,94,105,302,241,61
E33028185,277,67,17,50,210,173,37
E33028186,321,88,26,62,233,177,56
E33028187,628,122,46,76,506,265,241
E33028188,556,150,58,92,406,268,138
E33028189,455,165,63,102,290,212,78
E33028190,290,89,33,56,201,124,77
E33028191,449,177,64,113,272,202,70
E33028192,271,143,54,89,128,82,46
E33028193,349,140,51,89,209,159,50
E33028194,630,294,89,205,336,283,53
E33028195,441,199,81,118,242,195,47
E33028196,572,242,84,158,330,284,46
E33028197,425,108,44,64,317,227,90
E33028198,396,72,23,49,324,290,34
E33028199,607,255,121,134,352,270,82
E33028200,254,101,35,66,153,110,43
E33028201,255,129,51,78,126,96,30
E33028202,293,132,58,74,161,122,39
E33028203,264,78,33,45,186,132,54
E33028204,291,117,45,72,174,120,54
E33028205,472,88,29,59,384,304,80
E33028206,722,95,39,56,627,449,178
E33028207,506,233,89,144,273,199,74
E33028208,252,51,20,31,201,156,45
E33028209,272,114,47,67,158,126,32
E33028210,402,155,55,100,247,181,66
E33028211,337,67,30,37,270,202,68
E33028212,383,219,95,124,164,141,23
E33028213,457,219,96,123,238,178,60
E33028214,258,105,34,71,153,114,39
E33028215,355,112,39,73,243,167,76
E33028216,687,294,88,206,393,288,105
E33028217,564,125,52,73,439,328,111
E33028218,352,141,68,73,211,139,72
E33028219,442,142,56,86,300,208,92
E33028220,306,147,53,94,159,125,34
E33028221,271,125,43,82,146,118,28
E33028222,227,75,37,38,152,108,44
E33028223,398,187,84,103,211,155,56
E33028224,331,122,54,68,209,137,72
E33028225,690,138,45,93,552,481,71
E33028226,328,104,45,59,224,149,75
E33028227,334,150,66,84,184,130,54
E33028228,305,110,48,62,195,138,57
E33028229,350,128,50,78,222,157,65
E33028230,552,278,87,191,274,206,68
E33028231,273,111,47,64,162,106,56
E33028232,419,94,36,58,325,248,77
E33028233,457,182,74,108,275,202,73
E33028234,426,141,31,110,285,256,29
E33028235,504,124,42,82,380,301,79
E33028236,386,102,37,65,284,211,73
E33028237,253,88,32,56,165,93,72
E33028238,479,165,72,93,314,206,108
E33028239,257,113,44,69,144,108,36
E33028240,363,167,53,114,196,154,42
E33028241,255,90,42,48,165,106,59
E33028242,303,90,38,52,213,158,55
E33028243,279,96,55,41,183,106,77
E33028244,437,144,67,77,293,195,98
E33028245,344,146,58,88,198,132,66
E33028246,398,114,44,70,284,197,87
E33028247,245,128,48,80,117,90,27
E33028248,499,185,73,112,314,236,78
E33028249,311,169,68,101,142,108,34
E33028250,603,126,48,78,477,301,176
E33028251,417,122,47,75,295,235,60
E33028252,349,101,40,61,248,160,88
E33028253,354,117,54,63,237,146,91
E33028254,523,185,74,111,338,227,111
E33028255,292,69,28,41,223,165,58
E33028256,348,68,32,36,280,210,70
E33028257,377,116,36,80,261,211,50
E33028258,335,147,54,93,188,162,26
E33028259,317,143,48,95,174,129,45
E33028260,471,99,33,66,372,318,54
E33028261,316,137,64,73,179,132,47
E33028262,323,96,44,52,227,177,50
E33028263,415,180,66,114,235,175,60
E33028264,305,121,34,87,184,148,36
E33028265,285,93,39,54,192,119,73
E33028266,275,87,33,54,188,118,70
E33028267,218,74,36,38,144,96,48
E33028268,250,74,22,52,176,109,67
E33028269,282,93,46,47,189,147,42
E33028270,566,220,101,119,346,248,98
E33028271,250,142,61,81,108,71,37
E33028272,335,123,48,75,212,145,67
E33028273,816,104,35,69,712,620,92
E33028274,379,103,48,55,276,205,71
E33028275,356,137,53,84,219,142,77
E33028276,263,84,37,47,179,150,29
E33028277,669,310,107,203,359,282,77
E33028278,340,156,65,91,184,138,46
E33028279,540,210,90,120,330,234,96
E33028280,379,99,47,52,280,195,85
E33028281,512,230,91,139,282,227,55
E33028282,392,164,71,93,228,167,61
E33028283,455,170,73,97,285,210,75
E33028284,293,84,36,48,209,157,52
E33028285,597,184,53,131,413,359,54
E33028286,416,168,73,95,248,190,58
E33028287,373,107,23,84,266,236,30
E33028288,289,133,54,79,156,132,24
E33028289,564,272,103,169,292,255,37
E33028290,535,210,72,138,325,267,58
E33028291,299,112,52,60,187,130,57
E33028292,456,160,39,121,296,222,74
E33028293,415,104,44,60,311,230,81
E33028294,275,93,40,53,182,123,59
E33028295,346,115,44,71,231,155,76
E33028296,361,133,62,71,228,141,87
E33028297,646,123,36,87,523,413,110
E33028298,471,234,82,152,237,165,72
E33028299,527,195,62,133,332,303,29
E33028300,573,202,87,115,371,299,72
E33028301,360,117,28,89,243,205,38
E33028302,632,249,81,168,383,320,63
E33028303,446,168,59,109,278,206,72
E33028304,291,119,48,71,172,132,40
E33028305,361,112,43,69,249,208,41
E33028306,358,110,44,66,248,178,70
E33028307,321,134,56,78,187,137,50
E33028308,483,196,69,127,287,219,68
E33028309,306,109,48,61,197,149,48
E33028310,215,105,40,65,110,82,28
E33028311,235,102,54,48,133,95,38
E33028312,391,158,68,90,233,155,78
E33028313,400,120,60,60,280,208,72
E33028314,317,88,46,42,229,171,58
E33028315,364,93,38,55,271,173,98
E33028316,248,73,36,37,175,104,71
E33028317,491,163,65,98,328,214,114
E33028318,246,62,25,37,184,159,25
E33028319,381,102,42,60,279,210,69
E33028320,502,237,103,134,265,208,57
E33028321,470,216,97,119,254,193,61
E33028322,254,100,32,68,154,104,50
E33028323,399,147,75,72,252,186,66
E33028324,678,143,52,91,535,400,135
E33028325,738,273,95,178,465,323,142
E33028326,376,144,64,80,232,166,66
E33028327,229,97,43,54,132,96,36
E33028328,248,77,36,41,171,113,58
E33028329,409,185,69,116,224,145,79
E33028330,379,194,66,128,185,140,45
E33028331,302,130,52,78,172,125,47
E33028332,354,90,42,48,264,185,79
E33028333,305,106,25,81,199,169,30
E33028334,244,64,29,35,180,150,30
E33028335,462,144,57,87,318,249,69
E33028336,295,55,21,34,240,166,74
E33028337,681,95,35,60,586,358,228
E33028338,285,118,58,60,167,120,47
E33028339,334,121,41,80,213,151,62
E33028340,253,102,50,52,151,111,40
E33028341,383,81,32,49,302,194,108
E33028342,371,122,56,66,249,150,99
E33028343,276,86,33,53,190,129,61
E33028344,359,105,40,65,254,161,93
E33028345,546,222,73,149,324,279,45
E33028346,421,138,51,87,283,211,72
E33028347,367,111,44,67,256,196,60
E33028348,641,74,26,48,567,455,112
E33028349,296,136,41,95,160,121,39
E33028350,404,104,51,53,300,204,96
E33028351,668,114,37,77,554,444,110
E33028352,318,80,35,45,238,151,87
E33028353,333,49,18,31,284,218,66
E33028354,332,69,30,39,263,181,82
E33028355,237,80,38,42,157,94,63
E33028356,293,72,29,43,221,159,62
E33028357,632,134,40,94,498,373,125
E33028358,439,164,57,107,275,195,80
E33028359,374,136,43,93,238,197,41
E33028360,399,86,32,54,313,243,70
E33028361,478,220,77,143,258,221,37
E33028362,308,154,43,111,154,121,33
E33028363,639,291,111,180,348,266,82
E33028364,378,129,54,75,249,186,63
E33028365,243,116,32,84,127,106,21
E33028366,572,110,34,76,462,353,109
E33028367,412,175,64,111,237,191,46
E33028368,243,87,42,45,156,122,34
E33028369,425,103,22,81,322,255,67
E33028370,428,168,54,114,260,204,56
E33028371,333,102,36,66,231,189,42
E33028372,656,132,24,108,524,431,93
E33028373,300,168,58,110,132,94,38
E33028374,317,118,54,64,199,143,56
E33028375,336,139,50,89,197,153,44
E33028376,271,140,47,93,131,97,34
E33028377,281,102,44,58,179,143,36
E33028378,347,144,45,99,203,159,44
E33028379,611,248,106,142,363,286,77
E33028380,357,145,58,87,212,158,54
E33028381,320,130,42,88,190,158,32
E33028382,317,155,54,101,162,131,31
E33028383,322,114,44,70,208,147,61
E33028384,428,157,58,99,271,219,52
E33028385,439,219,60,159,220,175,45
E33028386,271,128,26,102,143,119,24
E33028387,253,72,22,50,181,153,28
E33028388,456,250,98,152,206,181,25
E33028389,266,112,49,63,154,119,35
E33028390,281,80,26,54,201,157,44
E33028391,693,257,96,161,436,377,59
E33028392,392,170,61,109,222,181,41
E33028393,242,71,21,50,171,146,25
E33028394,320,108,53,55,212,170,42
E33028395,507,239,102,137,268,184,84
E33028396,255,113,42,71,142,106,36
E33028397,311,128,29,99,183,140,43
E33028398,283,139,42,97,144,98,46
E33028399,1246,404,102,302,842,780,62
E33028400,290,124,48,76,166,132,34
E33028401,260,120,52,68,140,108,32
E33028402,5044,2016,441,1575,3028,2705,323
E33028403,268,122,50,72,146,118,28
E33028404,322,138,58,80,184,144,40
E33028405,476,160,59,101,316,247,69
E33028406,508,211,46,165,297,269,28
E33028407,309,89,45,44,220,191,29
E33028408,404,84,33,51,320,271,49
E33028409,349,128,37,91,221,176,45
E33028410,349,71,22,49,278,256,22
E33028411,263,85,23,62,178,147,31
E33028412,384,134,42,92,250,233,17
E33028413,381,80,28,52,301,241,60
E33028414,825,191,58,133,634,568,66
E33028415,241,50,24,26,191,125,66
E33028416,725,207,71,136,518,401,117
E33028417,420,187,82,105,233,187,46
E33028418,279,105,33,72,174,138,36
E33028419,344,79,24,55,265,202,63
E33028420,693,167,41,126,526,441,85
E33028421,324,130,49,81,194,150,44
E33028422,357,111,38,73,246,206,40
E33028423,421,115,30,85,306,270,36
E33028424,356,113,38,75,243,183,60
E33028425,432,180,68,112,252,195,57
E33028426,333,148,55,93,185,158,27
E33028427,252,140,42,98,112,86,26
E33028428,325,138,47,91,187,144,43
E33028429,467,226,83,143,241,193,48
E33028430,264,93,32,61,171,137,34
E33028431,668,110,36,74,558,443,115
E33028432,379,105,27,78,274,259,15
E33028433,456,162,44,118,294,221,73
E33028434,607,250,87,163,357,267,90
E33028435,880,476,122,354,404,334,70
E33028436,334,164,43,121,170,130,40
E33028437,358,143,51,92,215,178,37
E33028438,605,79,35,44,526,384,142
E33028439,349,145,47,98,204,163,41
E33028440,681,101,43,58,580,419,161
E33028441,429,135,59,76,294,189,105
E33028442,367,163,79,84,204,132,72
E33028443,519,180,77,103,339,279,60
E33028444,383,103,32,71,280,218,62
E33028445,436,90,43,47,346,174,172
E33028446,290,80,29,51,210,152,58
E33028447,340,147,57,90,193,141,52
E33028448,689,192,81,111,497,372,125
E33028449,313,91,42,49,222,170,52
E33028450,296,113,56,57,183,109,74
E33028451,338,124,55,69,214,147,67
E33028452,246,73,37,36,173,123,50
E33028453,329,113,47,66,216,113,103
E33028454,279,98,43,55,181,121,60
E33028455,281,97,48,49,184,123,61
E33028456,547,215,88,127,332,235,97
E33028457,387,139,54,85,248,147,101
E33028458,336,106,51,55,230,158,72
E33028459,303,80,40,40,223,134,89
E33028460,379,163,58,105,216,147,69
E33028461,428,155,44,111,273,200,73
E33028462,531,199,100,99,332,238,94
E33028463,307,124,43,81,183,126,57
E33028464,439,120,50,70,319,199,120
E33028465,615,217,92,125,398,286,112
E33028466,470,141,57,84,329,216,113
E33028467,304,78,35,43,226,146,80
E33028468,524,136,61,75,388,299,89
E33028469,438,201,84,117,237,174,63
E33028470,280,122,52,70,158,114,44
E33028471,769,202,85,117,567,458,109
E33028472,283,111,51,60,172,112,60
E33028473,344,129,46,83,215,136,79
E33028474,287,142,51,91,145,113,32
E33028475,388,115,55,60,273,183,90
E33028476,280,163,80,83,117,97,20
E33028477,304,128,52,76,176,131,45
E33028478,591,72,31,41,519,411,108
E33028479,413,113,41,72,300,221,79
E33028480,478,158,50,108,320,210,110
E33028481,314,136,62,74,178,123,55
E33028482,411,181,85,96,230,160,70
E33028483,293,106,44,62,187,136,51
E33028484,508,125,53,72,383,314,69
E33028485,286,132,50,82,154,126,28
E33028486,335,154,55,99,181,143,38
E33028487,612,300,82,218,312,266,46
E33028488,344,182,82,100,162,120,42
E33028489,476,179,71,108,297,188,109
E33028490,557,252,121,131,305,235,70
E33028491,602,250,97,153,352,293,59
E33028492,333,100,43,57,233,180,53
E33028493,290,118,41,77,172,136,36
E33028494,717,148,42,106,569,419,150
E33028495,270,46,15,31,224,176,48
E33028496,462,200,83,117,262,203,59
E33028497,291,84,39,45,207,165,42
E33028498,526,155,43,112,371,340,31
E33028499,602,143,58,85,459,368,91
E33028500,366,97,39,58,269,218,51
E33028501,581,228,71,157,353,306,47
E33028502,333,158,72,86,175,131,44
E33028503,318,120,51,69,198,147,51
E33028504,244,113,50,63,131,95,36
E33028505,312,107,55,52,205,146,59
E33028506,323,132,61,71,191,161,30
E33028507,2874,179,64,115,2695,2058,637
E33028508,829,194,48,146,635,499,136
E33028509,391,137,43,94,254,181,73
E33028510,362,150,81,69,212,168,44
E33028511,305,116,43,73,189,133,56
E33028512,429,172,66,106,257,202,55
E33028513,403,71,28,43,332,232,100
E33028514,686,149,77,72,537,394,143
E33028515,349,135,45,90,214,136,78
E33028516,357,155,53,102,202,141,61
E33028517,315,118,54,64,197,127,70
E33028518,2175,193,76,117,1982,1321,661
E33028519,420,156,66,90,264,177,87
E33028520,257,97,38,59,160,106,54
E33028521,245,117,35,82,128,104,24
E33028522,451,132,55,77,319,217,102
E33028523,818,167,48,119,651,574,77
E33028524,318,139,50,89,179,132,47
E33028525,397,148,61,87,249,177,72
E33028526,263,53,15,38,210,164,46
E33028527,544,242,105,137,302,232,70
E33028528,255,107,47,60,148,111,37
E33028529,312,81,31,50,231,154,77
E33028530,399,132,65,67,267,168,99
E33028531,273,81,44,37,192,142,50
E33028532,363,107,42,65,256,201,55
E33028533,348,139,51,88,209,148,61
E33028534,654,280,119,161,374,324,50
E33028535,406,54,25,29,352,282,70
E33028536,1542,327,102,225,1215,1024,191
E33028537,344,97,29,68,247,186,61
E33028538,777,301,99,202,476,404,72
E33028539,394,158,75,83,236,168,68
E33028540,343,124,51,73,219,184,35
E33028541,166,48,16,32,118,87,31
E33028542,347,127,37,90,220,189,31
E33028543,407,108,34,74,299,211,88
E33028544,468,108,27,81,360,322,38
E33028545,324,112,29,83,212,166,46
E33028546,242,108,42,66,134,101,33
E33028547,476,173,41,132,303,260,43
E33028548,378,171,57,114,207,163,44
E33028549,389,134,52,82,255,184,71
E33028550,290,68,25,43,222,146,76
E33028551,426,150,59,91,276,209,67
E33028552,647,265,88,177,382,277,105
E33028553,304,132,53,79,172,119,53
E33028554,262,81,37,44,181,103,78
E33028555,457,155,60,95,302,202,100
E33028556,426,142,59,83,284,202,82
E33028557,391,165,38,127,226,195,31
E33028558,311,138,48,90,173,137,36
E33028559,317,112,50,62,205,154,51
E33028560,355,188,41,147,167,141,26
E33028561,693,279,87,192,414,322,92
E33028562,615,217,79,138,398,324,74
E33028563,336,127,49,78,209,143,66
E33028564,297,122,59,63,175,124,51
E33028565,418,141,71,70,277,177,100
E33028566,271,129,56,73,142,96,46
E33028567,396,162,72,90,234,173,61
E33028568,635,119,54,65,516,422,94
E33028569,1299,347,126,221,952,844,108
E33028570,353,130,44,86,223,152,71
E33028571,318,108,32,76,210,143,67
E33028572,361,151,56,95,210,145,65
E33028573,423,139,54,85,284,209,75
E33028574,380,132,42,90,248,177,71
E33028575,806,406,131,275,400,332,68
E33028576,399,122,52,70,277,216,61
E33028577,776,332,124,208,444,368,76
E33028578,403,120,39,81,283,225,58
E33028579,456,207,87,120,249,189,60
E33028580,426,161,57,104,265,229,36
E33028581,317,101,41,60,216,160,56
E33028582,428,202,63,139,226,165,61
E33028583,249,113,47,66,136,91,45
E33028584,264,70,35,35,194,134,60
E33028585,422,133,46,87,289,193,96
E33028586,271,107,48,59,164,94,70
E33028587,289,134,50,84,155,119,36
E33028588,350,93,41,52,257,187,70
E33028589,312,121,46,75,191,140,51
E33028590,229,80,37,43,149,91,58
E33028591,261,97,48,49,164,112,52
E33028592,835,334,127,207,501,360,141
E33028593,662,168,56,112,494,377,117
E33028594,325,107,58,49,218,148,70
E33028595,237,75,35,40,162,113,49
E33028596,292,95,46,49,197,138,59
E33028597,379,128,48,80,251,186,65
E33028598,474,202,74,128,272,206,66
E33028599,280,118,46,72,162,117,45
E33028600,386,176,59,117,210,169,41
E33028601,435,179,58,121,256,199,57
E33028602,579,240,95,145,339,265,74
E33028603,371,107,51,56,264,215,49
E33028604,279,100,35,65,179,126,53
E33028605,298,123,76,47,175,108,67
E33028606,531,224,80,144,307,249,58
E33028607,322,121,58,63,201,150,51
E33028608,405,200,59,141,205,172,33
E33028609,277,74,34,40,203,161,42
E33028610,351,129,45,84,222,172,50
E33028611,309,133,43,90,176,139,37
E33028612,471,146,47,99,325,267,58
E33028613,543,162,60,102,381,329,52
E33028614,279,92,30,62,187,157,30
E33028615,274,84,38,46,190,138,52
E33028616,309,181,57,124,128,104,24
E33028617,349,123,56,67,226,190,36
E33028618,288,56,32,24,232,184,48
E33028619,459,159,57,102,300,236,64
E33028620,275,100,54,46,175,133,42
E33028621,239,93,49,44,146,100,46
E33028622,267,111,40,71,156,86,70
E33028623,258,101,45,56,157,111,46
E33028624,636,170,64,106,466,382,84
E33028625,467,82,33,49,385,273,112
E33028626,354,139,72,67,215,157,58
E33028627,323,129,56,73,194,130,64
E33028628,620,103,25,78,517,403,114
E33028629,262,95,47,48,167,93,74
E33028630,1739,345,175,170,1394,850,544
E33028631,486,169,67,102,317,242,75
E33028632,288,99,43,56,189,128,61
E33028633,299,131,58,73,168,113,55
E33028634,296,110,45,65,186,120,66
E33028635,272,94,40,54,178,127,51
E33028636,242,103,23,80,139,117,22
E33028637,663,257,92,165,406,275,131
E33028638,299,153,60,93,146,121,25
E33028639,487,180,85,95,307,256,51
E33028640,270,140,65,75,130,93,37
E33028641,415,107,39,68,308,238,70
E33028642,259,126,61,65,133,106,27
E33028643,226,105,28,77,121,94,27
E33028644,300,144,59,85,156,123,33
E33028645,626,318,140,178,308,244,64
E33028646,316,152,56,96,164,129,35
E33028647,460,192,69,123,268,185,83
E33028648,267,96,39,57,171,120,51
E33028649,289,112,36,76,177,135,42
E33028650,951,493,200,293,458,390,68
E33028651,318,109,43,66,209,133,76
E33028652,279,117,63,54,162,111,51
E33028653,354,109,44,65,245,208,37
E33028654,918,203,59,144,715,598,117
E33028655,1139,232,60,172,907,801,106
E33028656,349,154,72,82,195,147,48
E33028657,338,121,54,67,217,162,55
E33028658,3068,246,69,177,2822,2485,337
E33028659,320,100,48,52,220,168,52
E33028660,248,119,58,61,129,96,33
E33028661,385,136,47,89,249,172,77
E33028662,623,331,120,211,292,259,33
E33028663,273,104,56,48,169,126,43
E33028664,309,133,47,86,176,128,48
E33028665,291,108,44,64,183,133,50
E33028666,285,111,46,65,174,129,45
E33028667,586,87,28,59,499,340,159
E33028668,402,203,92,111,199,163,36
E33028669,323,174,82,92,149,112,37
E33028670,437,172,56,116,265,201,64
E33028671,245,104,58,46,141,104,37
E33028672,348,152,62,90,196,154,42
E33028673,381,153,61,92,228,165,63
E33028674,501,280,89,191,221,171,50
E33028675,339,151,55,96,188,154,34
E33028676,624,103,46,57,521,483,38
E33028677,542,233,75,158,309,270,39
E33028678,576,299,111,188,277,220,57
E33028679,500,210,75,135,290,205,85
E33028680,521,235,81,154,286,241,45
E33028681,314,132,39,93,182,148,34
E33028682,527,244,63,181,283,219,64
E33028683,559,339,131,208,220,179,41
E33028684,325,120,55,65,205,161,44
E33028685,372,115,48,67,257,195,62
E33028686,676,194,82,112,482,414,68
E33028687,299,132,37,95,167,134,33
E33028688,394,186,61,125,208,165,43
E33028689,534,251,80,171,283,207,76
E33028690,589,280,96,184,309,279,30
E33028691,293,109,34,75,184,154,30
E33028692,501,212,93,119,289,219,70
E33028693,639,139,43,96,500,424,76
E33028694,281,115,29,86,166,126,40
E33028695,252,116,33,83,136,115,21
E33028696,520,129,45,84,391,350,41
E33028697,560,275,63,212,285,247,38
E33028698,240,116,40,76,124,103,21
E33028699,445,148,49,99,297,262,35
E33028700,505,174,30,144,331,306,25
E33028701,741,273,120,153,468,388,80
E33028702,609,253,91,162,356,279,77
E33028703,234,101,39,62,133,98,35
E33028704,339,102,43,59,237,182,55
E33028705,338,110,37,73,228,190,38
E33028706,445,136,33,103,309,236,73
E33028707,296,115,40,75,181,120,61
E33028708,288,147,59,88,141,104,37
E33028709,427,201,68,133,226,172,54
E33028710,236,92,39,53,144,109,35
E33028711,1171,236,57,179,935,815,120
E33028712,419,185,46,139,234,198,36
E33028713,679,198,57,141,481,444,37
E33028714,324,104,36,68,220,194,26
E33028715,791,327,78,249,464,377,87
E33028716,324,139,55,84,185,130,55
E33028717,243,119,44,75,124,87,37
E33028718,261,115,47,68,146,119,27
E33028719,453,201,56,145,252,214,38
E33028720,304,137,47,90,167,126,41
E33028721,261,117,44,73,144,100,44
E33028722,297,140,46,94,157,109,48
E33028723,306,158,58,100,148,121,27
E33028724,469,174,45,129,295,249,46
E33028725,301,142,38,104,159,137,22
E33028726,738,119,30,89,619,527,92
E33028727,281,104,48,56,177,155,22
E33028728,259,139,53,86,120,92,28
E33028729,706,286,104,182,420,350,70
E33028730,344,164,53,111,180,147,33
E33028731,346,144,75,69,202,149,53
E33028732,1024,164,48,116,860,683,177
E33028733,271,80,33,47,191,121,70
E33028734,367,189,93,96,178,120,58
E33028735,625,116,35,81,509,420,89
E33028736,401,188,65,123,213,146,67
E33028737,271,110,31,79,161,125,36
E33028738,309,135,58,77,174,123,51
E33028739,367,122,46,76,245,175,70
E33028740,375,192,81,111,183,137,46
E33028741,302,149,56,93,153,117,36
E33028742,359,189,57,132,170,139,31
E33028743,298,102,55,47,196,115,81
E33028744,250,82,32,50,168,91,77
E33028745,399,141,64,77,258,180,78
E33028746,662,101,39,62,561,458,103
E33028747,331,129,64,65,202,150,52
E33028748,421,171,56,115,250,186,64
E33028749,273,96,34,62,177,148,29
E33028750,246,78,33,45,168,120,48
E33028751,353,134,57,77,219,140,79
E33028752,250,116,45,71,134,101,33
E33028753,350,111,42,69,239,208,31
E33028754,255,85,37,48,170,117,53
E33028755,463,188,71,117,275,219,56
E33028756,556,129,48,81,427,329,98
E33028757,318,134,49,85,184,151,33
E33028758,280,91,34,57,189,134,55
E33028759,270,87,35,52,183,136,47
E33028760,416,100,41,59,316,204,112
E33028761,376,106,50,56,270,197,73
E33028762,493,109,46,63,384,305,79
E33028763,663,168,71,97,495,394,101
E33028764,462,164,48,116,298,228,70
E33028765,289,49,14,35,240,212,28
E33028766,375,131,60,71,244,190,54
E33028767,582,123,37,86,459,338,121
E33028768,416,137,46,91,279,202,77
E33028769,274,115,48,67,159,126,33
E33028770,385,166,48,118,219,174,45
E33028771,343,101,40,61,242,195,47
E33028772,499,130,49,81,369,269,100
E33028773,701,283,120,163,418,341,77
E33028774,345,128,48,80,217,148,69
E33028775,303,107,35,72,196,163,33
E33028776,900,224,69,155,676,551,125
E33028777,241,49,25,24,192,146,46
E33028778,332,107,49,58,225,140,85
E33028779,255,108,30,78,147,124,23
E33028780,241,61,22,39,180,146,34
E33028781,250,92,38,54,158,114,44
E33028782,348,106,38,68,242,176,66
E33028783,383,168,56,112,215,160,55
E33028784,1231,689,270,419,542,512,30
E33028785,485,135,46,89,350,305,45
E33028786,250,46,8,38,204,159,45
E33028787,1232,194,28,166,1038,939,99
E33028788,484,89,24,65,395,323,72
E33028789,985,204,64,140,781,657,124
E33028790,271,67,21,46,204,165,39
E33028791,519,172,34,138,347,311,36
E33028792,289,103,39,64,186,135,51
E33028793,326,116,43,73,210,158,52
E33028794,367,101,21,80,266,183,83
E33028795,458,112,37,75,346,294,52
E33028796,389,48,9,39,341,310,31
E33028797,317,91,29,62,226,196,30
E33028798,648,336,160,176,312,269,43
E33028799,291,140,38,102,151,121,30
E33028800,353,134,48,86,219,175,44
E33028801,535,69,17,52,466,417,49
E33028802,512,97,24,73,415,319,96
E33028803,379,95,38,57,284,241,43
E33028804,317,117,39,78,200,134,66
E33028805,329,116,52,64,213,166,47
E33028806,315,121,49,72,194,159,35
E33028807,623,121,37,84,502,374,128
E33028808,369,106,42,64,263,175,88
E33028809,413,205,94,111,208,169,39
E33028810,450,209,62,147,241,195,46
E33028811,379,121,49,72,258,193,65
E33028812,298,102,35,67,196,153,43
E33028813,332,136,55,81,196,142,54
E33028814,442,146,45,101,296,235,61
E33028815,489,178,56,122,311,301,10
E33028816,2915,144,48,96,2771,1753,1018
E33028817,272,37,10,27,235,177,58
E33028818,231,41,11,30,190,142,48
E33028819,688,54,5,49,634,463,171
E33028820,798,58,19,39,740,469,271
E33028821,698,26,7,19,672,405,267
E33028822,555,37,7,30,518,360,158
E33028823,3151,238,71,167,2913,1555,1358
E33028824,309,28,6,22,281,252,29
E33028825,4336,221,86,135,4115,2467,1648
E33028826,1821,110,30,80,1711,1190,521
E33028827,984,82,23,59,902,530,372
E33028828,363,21,6,15,342,226,116
E33028829,2734,141,44,97,2593,1550,1043
E33028830,2827,100,28,72,2727,887,1840
E33028831,1675,70,22,48,1605,933,672
E33028832,2642,133,32,101,2509,1489,1020
E33028833,1988,72,14,58,1916,983,933
E33028834,268,20,3,17,248,141,107
E33028835,822,49,21,28,773,479,294
E33028836,535,76,30,46,459,351,108
E33028837,551,71,24,47,480,308,172
E33028838,588,46,11,35,542,388,154
E33028839,353,16,8,8,337,222,115
E33028840,858,78,19,59,780,481,299
E33028841,254,48,14,34,206,130,76
E33028842,178,13,5,8,165,133,32
E33028843,831,92,15,77,739,470,269
E33028844,1009,42,13,29,967,776,191
E33028845,998,67,31,36,931,581,350
E33028846,547,69,19,50,478,376,102
E33028847,412,45,13,32,367,301,66
E33028848,468,35,11,24,433,332,101
E33028849,2381,108,35,73,2273,1685,588
E33028850,328,34,15,19,294,222,72
E33028851,1523,84,16,68,1439,796,643
E33028852,1987,119,52,67,1868,861,1007
E33028853,768,19,5,14,749,325,424
E33028854,4098,167,51,116,3931,2560,1371
E33028855,381,56,21,35,325,207,118
E33028856,253,51,17,34,202,133,69
E33028857,1153,100,22,78,1053,704,349
E33028858,875,52,22,30,823,699,124
E33028859,2061,126,35,91,1935,1308,627
E33028860,347,31,10,21,316,219,97
E33028861,445,18,3,15,427,188,239
E33028862,227,14,4,10,213,69,144
E33028863,660,27,10,17,633,489,144
E33028864,2762,215,61,154,2547,1470,1077
E33028865,279,45,19,26,234,170,64
E33028866,160,18,3,15,142,113,29
E33028867,308,7,1,6,301,116,185
E33028868,341,39,12,27,302,190,112
E33028869,5326,169,52,117,5157,1165,3992
E33028870,281,26,11,15,255,150,105
E33028871,459,49,12,37,410,313,97
E33028872,951,90,12,78,861,769,92
E33028873,319,47,16,31,272,206,66
E33028874,217,33,9,24,184,142,42
E33028875,2019,76,30,46,1943,1122,821
E33028876,383,49,13,36,334,221,113
E33028877,299,28,6,22,271,123,148
E33028878,522,69,19,50,453,284,169
E33028879,609,58,10,48,551,400,151
E33028880,523,68,21,47,455,331,124
E33028881,1517,81,17,64,1436,969,467
E33028882,707,45,20,25,662,475,187
E33028883,379,25,9,16,354,247,107
E33028884,256,18,7,11,238,104,134
E33028885,1507,97,25,72,1410,955,455
E33028886,260,16,6,10,244,109,135
E33028887,285,29,9,20,256,127,129
E33028888,266,18,3,15,248,105,143
E33028889,380,34,9,25,346,229,117
E33028890,379,29,10,19,350,167,183
E33028891,456,46,11,35,410,215,195
E33028892,424,73,25,48,351,288,63
E33028893,2246,92,25,67,2154,907,1247
E33028894,928,75,15,60,853,616,237
E33028895,222,21,4,17,201,89,112
E33028896,404,37,13,24,367,230,137
E33028897,469,53,12,41,416,300,116
E33028898,1694,133,31,102,1561,933,628
E33028899,532,61,17,44,471,351,120
E33028900,612,60,9,51,552,433,119
E33028901,1703,133,28,105,1570,1006,564
E33028902,450,39,14,25,411,328,83
E33028903,1991,187,45,142,1804,1368,436
E33028904,1717,88,18,70,1629,1063,566
E33028905,753,67,12,55,686,405,281
E33028906,211,13,2,11,198,154,44
E33028907,257,28,6,22,229,193,36
E33028908,2822,172,54,118,2650,1677,973
E33028909,1384,125,31,94,1259,978,281
E33028910,1871,236,53,183,1635,1352,283
E33028911,4274,664,176,488,3610,2795,815
E33028912,1416,112,31,81,1304,839,465
E33028913,249,38,14,24,211,187,24
E33028914,5329,279,56,223,5050,3281,1769
E33028915,321,27,2,25,294,233,61
E33028916,369,51,10,41,318,244,74
E33028917,1091,71,19,52,1020,759,261
E33028918,961,100,24,76,861,531,330
E33028919,207,16,7,9,191,153,38
E33028920,941,90,26,64,851,674,177
E33028921,391,42,9,33,349,290,59
E33028922,215,29,12,17,186,154,32
E33028923,853,77,30,47,776,701,75
E33028924,274,43,9,34,231,190,41
E33028925,228,24,7,17,204,174,30
E33028926,1183,102,23,79,1081,912,169
E33028927,520,32,4,28,488,346,142
E33028928,208,7,6,1,201,92,109
E33028929,611,58,20,38,553,364,189
E33028930,1219,84,24,60,1135,794,341
E33028931,387,34,9,25,353,283,70
E33028932,859,140,41,99,719,579,140
E33028933,457,55,19,36,402,292,110
E33028934,600,59,15,44,541,391,150
E33028935,977,63,23,40,914,633,281
E33028936,1113,66,23,43,1047,777,270
E33028937,836,62,16,46,774,646,128
E33028938,237,19,6,13,218,193,25
E33028939,338,33,6,27,305,216,89
E33028940,938,225,65,160,713,620,93
E33028941,1400,88,17,71,1312,989,323
E33028942,503,38,6,32,465,354,111
E33028943,2344,107,37,70,2237,1382,855
E33028944,909,68,16,52,841,685,156
E33028945,1469,158,36,122,1311,1105,206
E33028946,512,31,8,23,481,385,96
E33028947,539,39,14,25,500,413,87
E33028948,1192,97,24,73,1095,811,284
E33028949,503,44,12,32,459,332,127
E33028950,249,56,19,37,193,163,30
E33028951,1171,63,13,50,1108,799,309
E33028952,746,67,9,58,679,478,201
E33028953,1919,93,28,65,1826,898,928
E33028954,471,52,20,32,419,333,86
E33028955,273,76,23,53,197,148,49
E33028956,2521,137,34,103,2384,1854,530
E33028957,666,62,15,47,604,426,178
E33028958,302,38,13,25,264,227,37
E33028959,1020,62,10,52,958,766,192
E33028960,1058,92,24,68,966,716,250
E33028961,279,25,8,17,254,224,30
E33028962,963,56,12,44,907,756,151
E33028963,856,63,24,39,793,630,163
E33028964,1578,347,151,196,1231,996,235
E33028965,972,73,27,46,899,749,150
E33028966,779,79,22,57,700,517,183
E33028967,403,29,5,24,374,301,73
E33028968,1169,105,31,74,1064,862,202
E33028969,679,118,37,81,561,402,159
E33028970,1104,84,17,67,1020,762,258
E33028971,729,79,18,61,650,546,104
E33028972,1245,56,17,39,1189,847,342
E33028973,910,40,9,31,870,536,334
E33028974,1232,42,17,25,1190,746,444
E33028975,1172,72,31,41,1100,911,189
E33028976,350,36,6,30,314,268,46
E33028977,2455,135,35,100,2320,1603,717
E33028978,529,38,11,27,491,368,123
E33028979,268,51,20,31,217,169,48
E33028980,672,48,11,37,624,513,111
E33028981,474,45,11,34,429,372,57
E33028982,1682,89,23,66,1593,1355,238
E33028983,1657,117,37,80,1540,1207,333
E33028984,339,26,14,12,313,268,45
E33028985,255,51,8,43,204,147,57
E33028986,250,59,14,45,191,139,52
E33028987,723,45,13,32,678,563,115
E33028988,1025,81,27,54,944,680,264
E33028989,254,44,5,39,210,176,34
E33028990,395,36,15,21,359,304,55
E33028991,1508,64,19,45,1444,861,583
E33028992,343,30,10,20,313,254,59
E33028993,483,44,12,32,439,278,161
E33028994,435,56,24,32,379,301,78
E33028995,370,21,7,14,349,215,134
E33028996,3918,210,63,147,3708,2903,805
E33028997,1788,105,23,82,1683,1357,326
E33028998,708,56,19,37,652,521,131
E33028999,1205,123,42,81,1082,833,249
E33029000,432,41,14,27,391,302,89
E33029001,433,39,12,27,394,319,75
E33029002,1355,134,40,94,1221,998,223
E33029003,1995,129,30,99,1866,1387,479
E33029004,2607,152,34,118,2455,1865,590
E33029005,708,68,24,44,640,479,161
E33029006,626,48,20,28,578,397,181
E33029007,1112,81,23,58,1031,864,167
E33029008,564,58,18,40,506,424,82
E33029009,1000,202,36,166,798,655,143
E33029010,385,220,79,141,165,146,19
E33029011,638,102,24,78,536,499,37
E33029012,378,100,36,64,278,217,61
E33029013,230,133,42,91,97,86,11
E33029014,340,128,45,83,212,195,17
E33029015,652,97,30,67,555,498,57
E33029016,231,59,16,43,172,151,21
E33029017,344,155,41,114,189,164,25
E33029018,357,125,41,84,232,182,50
E33029019,428,80,28,52,348,278,70
E33029020,326,129,30,99,197,187,10
E33029021,271,97,46,51,174,130,44
E33029022,334,58,20,38,276,237,39
E33029023,1646,489,207,282,1157,1047,110
E33029024,4307,228,100,128,4079,3271,808
E33029025,494,71,19,52,423,296,127
E33029026,673,75,16,59,598,408,190
E33029027,1286,105,32,73,1181,931,250
E33029028,234,22,13,9,212,144,68
E33029029,594,361,111,250,233,212,21
E33029030,690,114,41,73,576,396,180
E33029031,933,178,36,142,755,573,182
E33029032,2122,451,104,347,1671,1513,158
E33029033,246,101,41,60,145,106,39
E33029034,362,154,53,101,208,169,39
E33029035,522,83,22,61,439,407,32
E33029036,1068,153,29,124,915,828,87
E33029037,1650,183,43,140,1467,1223,244
E33029038,680,117,54,63,563,348,215
E33029039,360,90,22,68,270,180,90
E33029040,313,144,37,107,169,140,29
E33029041,355,150,46,104,205,147,58
E33029042,232,66,19,47,166,151,15
E33029043,1253,492,159,333,761,646,115
E33029044,214,84,23,61,130,101,29
E33029045,367,120,34,86,247,197,50
E33029046,259,90,13,77,169,134,35
E33029047,238,66,17,49,172,134,38
E33029048,244,56,10,46,188,164,24
E33029049,366,62,19,43,304,269,35
E33029050,1401,292,80,212,1109,893,216
E33029051,235,99,24,75,136,104,32
E33029052,301,102,36,66,199,165,34
E33029053,276,99,29,70,177,140,37
E33029054,337,53,17,36,284,245,39
E33029055,309,141,48,93,168,133,35
E33029056,404,137,24,113,267,238,29
E33029057,310,103,33,70,207,188,19
E33029058,349,75,26,49,274,207,67
E33029059,403,144,53,91,259,189,70
E33029060,852,211,112,99,641,549,92
E33029061,240,106,27,79,134,116,18
E33029062,238,40,15,25,198,155,43
E33029063,228,74,19,55,154,124,30
E33029064,1241,333,116,217,908,767,141
E33029065,204,67,13,54,137,131,6
E33029066,425,191,66,125,234,204,30
E33029067,727,385,215,170,342,287,55
E33029068,515,138,52,86,377,298,79
E33029069,358,104,43,61,254,171,83
E33029070,291,92,34,58,199,160,39
E33029071,360,103,26,77,257,223,34
E33029072,210,69,32,37,141,95,46
E33029073,497,27,19,8,470,453,17
E33029074,915,65,18,47,850,644,206
E33029075,568,137,43,94,431,337,94
E33029076,497,73,19,54,424,376,48
E33029077,294,43,14,29,251,183,68
E33029078,268,50,12,38,218,181,37
E33029079,543,106,21,85,437,407,30
E33029080,257,129,59,70,128,107,21
E33029081,249,86,31,55,163,135,28
E33029082,438,95,36,59,343,263,80
E33029083,2467,626,145,481,1841,1596,245
E33029084,266,82,24,58,184,145,39
E33029085,459,78,32,46,381,336,45
E33029086,214,54,4,50,160,142,18
E33029087,227,72,32,40,155,117,38
E33029088,536,256,123,133,280,234,46
E33029089,294,70,17,53,224,190,34
E33029090,702,328,97,231,374,312,62
E33029091,397,77,24,53,320,246,74
E33029092,423,187,55,132,236,173,63
E33029093,231,74,22,52,157,124,33
E33029094,259,32,3,29,227,182,45
E33029095,925,124,30,94,801,632,169
E33029096,231,48,12,36,183,145,38
E33029097,282,97,18,79,185,160,25
E33029098,494,133,34,99,361,297,64
E33029099,439,193,71,122,246,222,24
E33029100,238,74,20,54,164,140,24
E33029101,242,81,25,56,161,133,28
E33029102,902,98,23,75,804,741,63
E33029103,299,111,39,72,188,155,33
E33029104,266,106,42,64,160,146,14
E33029105,661,396,135,261,265,236,29
E33029106,263,108,35,73,155,133,22
E33029107,619,218,62,156,401,365,36
E33029108,1460,946,395,551,514,470,44
E33029109,799,95,29,66,704,545,159
E33029110,252,101,39,62,151,121,30
E33029111,268,50,17,33,218,176,42
E33029112,720,407,193,214,313,274,39
E33029113,568,109,32,77,459,355,104
E33029114,536,296,101,195,240,221,19
E33029115,735,80,29,51,655,518,137
E33029116,405,124,61,63,281,228,53
E33029117,312,94,18,76,218,190,28
E33029118,661,52,13,39,609,522,87
E33029119,769,146,37,109,623,533,90
E33029120,811,146,33,113,665,560,105
E33029121,396,233,75,158,163,137,26
E33029122,223,98,35,63,125,105,20
E33029123,381,172,50,122,209,180,29
E33029124,288,55,11,44,233,144,89
E33029125,229,25,10,15,204,144,60
E33029126,638,92,17,75,546,354,192
E33029127,268,68,17,51,200,164,36
E33029128,693,55,8,47,638,500,138
E33029129,214,103,47,56,111,90,21
E33029130,366,201,70,131,165,126,39
E33029131,1847,629,119,510,1218,1090,128
E33029132,311,34,10,24,277,224,53
E33029133,160,52,27,25,108,88,20
E33029134,260,32,8,24,228,143,85
E33029135,1060,256,42,214,804,723,81
E33029136,353,146,44,102,207,166,41
E33029137,266,129,46,83,137,114,23
E33029138,724,360,141,219,364,318,46
E33029139,297,90,37,53,207,169,38
E33029140,211,71,26,45,140,119,21
E33029141,338,40,10,30,298,223,75
E33029142,202,26,10,16,176,134,42
E33029143,486,137,39,98,349,281,68
E33029144,743,104,29,75,639,577,62
E33029145,461,27,9,18,434,363,71
E33029146,816,143,31,112,673,560,113
E33029147,469,67,12,55,402,337,65
E33029148,341,68,17,51,273,206,67
E33029149,570,116,38,78,454,425,29
E33029150,301,95,24,71,206,155,51
E33029151,782,440,95,345,342,312,30
E33029152,336,107,32,75,229,167,62
E33029153,375,77,24,53,298,243,55
E33029154,460,88,34,54,372,299,73
E33029155,395,76,20,56,319,257,62
E33029156,349,47,17,30,302,239,63
E33029157,410,80,19,61,330,292,38
E33029158,396,60,16,44,336,291,45
E33029159,535,101,33,68,434,349,85
E33029160,867,198,54,144,669,548,121
E33029161,484,82,30,52,402,322,80
E33029162,505,181,45,136,324,246,78
E33029163,492,171,48,123,321,275,46
E33029164,639,72,25,47,567,513,54
E33029165,384,51,12,39,333,270,63
E33029166,629,250,61,189,379,321,58
E33029167,678,178,44,134,500,472,28
E33029168,165,30,11,19,135,107,28
E33029169,1019,228,60,168,791,692,99
E33029170,777,116,21,95,661,499,162
E33029171,751,123,62,61,628,416,212
E33029172,261,24,11,13,237,173,64
E33029173,379,74,22,52,305,236,69
E33029174,280,59,14,45,221,187,34
E33029175,647,61,25,36,586,481,105
E33029176,478,102,45,57,376,327,49
E33029177,309,85,40,45,224,167,57
E33029178,786,140,58,82,646,507,139
E33029179,771,314,82,232,457,390,67
E33029180,1778,276,46,230,1502,1370,132
E33029181,735,136,37,99,599,516,83
E33029182,752,146,44,102,606,556,50
E33029183,227,45,10,35,182,153,29
E33029184,496,257,98,159,239,212,27
E33029185,246,46,11,35,200,187,13
E33029186,1653,965,382,583,688,647,41
E33029187,349,92,19,73,257,192,65
E33029188,292,77,25,52,215,175,40
E33029189,424,205,89,116,219,182,37
E33029190,200,79,27,52,121,95,26
E33029191,287,154,35,119,133,124,9
E33029192,365,175,75,100,190,157,33
E33029193,305,141,79,62,164,152,12
E33029194,412,120,24,96,292,239,53
E33029195,1753,489,131,358,1264,1180,84
E33029196,522,137,22,115,385,362,23
E33029197,354,169,90,79,185,165,20
E33029198,1535,160,40,120,1375,1095,280
E33029199,1075,243,99,144,832,724,108
E33029200,1029,516,240,276,513,463,50
E33029201,801,188,47,141,613,557,56
E33029202,429,154,53,101,275,215,60
E33029203,424,234,78,156,190,154,36
E33029204,251,103,31,72,148,101,47
E33029205,737,102,26,76,635,574,61
E33029206,124,62,32,30,62,54,8
E33029207,234,116,54,62,118,108,10
E33029208,327,121,47,74,206,155,51
E33029209,394,159,55,104,235,203,32
E33029210,755,370,166,204,385,343,42
E33029211,277,33,12,21,244,216,28
E33029212,242,42,14,28,200,164,36
E33029213,374,46,12,34,328,281,47
E33029214,497,59,20,39,438,347,91
E33029215,298,41,17,24,257,236,21
E33029216,211,58,22,36,153,124,29
E33029217,680,284,108,176,396,328,68
E33029218,785,144,44,100,641,538,103
E33029219,642,80,15,65,562,437,125
E33029220,3012,946,217,729,2066,1713,353
E33029221,431,111,37,74,320,226,94
E33029222,229,95,46,49,134,108,26
E33029223,291,65,20,45,226,202,24
E33029224,239,54,17,37,185,165,20
E33029225,780,354,149,205,426,366,60
E33029226,225,129,53,76,96,79,17
E33029227,352,158,59,99,194,180,14
E33029228,667,221,71,150,446,358,88
E33029229,380,89,18,71,291,226,65
E33029230,420,59,16,43,361,276,85
E33029231,255,33,15,18,222,149,73
E33029232,340,127,44,83,213,169,44
E33029233,255,123,51,72,132,104,28
E33029234,454,204,67,137,250,226,24
E33029235,272,132,53,79,140,119,21
E33029236,388,57,18,39,331,279,52
E33029237,258,31,12,19,227,203,24
E33029238,248,58,21,37,190,139,51
E33029239,252,46,12,34,206,175,31
E33029240,936,77,24,53,859,686,173
E33029241,308,57,22,35,251,203,48
E33029242,216,87,25,62,129,122,7
E33029243,343,29,11,18,314,233,81
E33029244,206,28,6,22,178,137,41
E33029245,369,33,5,28,336,291,45
E33029246,1236,87,25,62,1149,896,253
E33029247,689,169,44,125,520,438,82
E33029248,219,59,27,32,160,120,40
E33029249,246,68,32,36,178,134,44
E33029250,280,47,28,19,233,167,66
E33029251,231,25,7,18,206,167,39
E33029252,789,85,27,58,704,611,93
E33029253,4224,676,324,352,3548,2737,811
E33029254,729,130,28,102,599,535,64
E33029255,399,183,141,42,216,200,16
E33029256,541,136,49,87,405,337,68
E33029257,413,214,113,101,199,179,20
E33029258,248,89,43,46,159,131,28
E33029259,3514,501,119,382,3013,2549,464
E33029260,267,51,9,42,216,187,29
E33029261,506,57,15,42,449,396,53
E33029262,204,35,11,24,169,145,24
E33029263,227,22,3,19,205,160,45
E33029264,230,47,13,34,183,133,50
E33029265,389,37,15,22,352,290,62
E33029266,206,51,13,38,155,128,27
E33029267,374,37,10,27,337,288,49
E33029268,1227,67,15,52,1160,920,240
E33029269,448,39,12,27,409,328,81
E33029270,475,34,9,25,441,387,54
E33029271,419,54,24,30,365,270,95
E33029272,293,112,55,57,181,148,33
E33029273,220,83,33,50,137,116,21
E33029274,441,99,26,73,342,276,66
E33029275,383,48,17,31,335,286,49
E33029276,733,29,5,24,704,468,236
E33029277,570,116,34,82,454,380,74
E33029278,1026,164,46,118,862,698,164
E33029279,247,72,21,51,175,152,23
E33029280,199,33,12,21,166,141,25
E33029281,493,67,25,42,426,324,102
E33029282,294,36,11,25,258,195,63
E33029283,752,84,45,39,668,511,157
E33029284,319,92,48,44,227,181,46
E33029285,211,33,16,17,178,140,38
E33029286,371,34,18,16,337,292,45
E33029287,369,37,7,30,332,270,62
E33029288,405,60,15,45,345,319,26
E33029289,1374,69,23,46,1305,894,411
E33029290,441,46,13,33,395,293,102
E33029291,406,45,17,28,361,267,94
E33029292,227,92,37,55,135,112,23
E33029293,206,39,14,25,167,124,43
E33029294,439,40,9,31,399,305,94
E33029295,222,24,8,16,198,143,55
E33029296,279,43,18,25,236,178,58
E33029297,493,74,25,49,419,342,77
E33029298,271,30,10,20,241,173,68
E33029299,219,50,11,39,169,129,40
E33029300,351,42,10,32,309,200,109
E33029301,210,35,16,19,175,127,48
E33029302,414,40,10,30,374,329,45
E33029303,238,12,5,7,226,165,61
E33029304,513,24,4,20,489,405,84
E33029305,573,43,10,33,530,434,96
E33029306,387,72,26,46,315,257,58
E33029307,353,106,32,74,247,212,35
E33029308,553,188,59,129,365,265,100
E33029309,924,170,33,137,754,661,93
E33029310,648,108,33,75,540,396,144
E33029311,223,67,27,40,156,135,21
E33029312,264,74,18,56,190,151,39
E33029313,199,82,42,40,117,108,9
E33029314,644,84,32,52,560,465,95
E33029315,321,114,47,67,207,149,58
E33029316,410,115,33,82,295,256,39
E33029317,432,83,27,56,349,279,70
E33029318,1757,202,57,145,1555,1328,227
E33029319,361,95,31,64,266,240,26
E33029320,237,69,17,52,168,144,24
E33029321,309,50,16,34,259,206,53
E33029322,351,65,18,47,286,214,72
E33029323,252,92,31,61,160,130,30
E33029324,247,29,9,20,218,182,36
E33029325,243,41,20,21,202,150,52
E33029326,315,109,31,78,206,165,41
E33029327,198,71,17,54,127,90,37
E33029328,346,104,45,59,242,189,53
E33029329,230,37,15,22,193,136,57
E33029330,422,130,54,76,292,238,54
E33029331,712,172,43,129,540,461,79
E33029332,318,73,21,52,245,197,48
E33029333,209,56,15,41,153,140,13
E33029334,1177,78,21,57,1099,899,200
E33029335,558,32,11,21,526,382,144
E33029336,334,25,8,17,309,245,64
E33029337,692,103,37,66,589,461,128
E33029338,250,56,22,34,194,136,58
E33029339,272,54,23,31,218,175,43
E33029340,404,124,46,78,280,232,48
E33029341,795,129,39,90,666,518,148
E33029342,1158,75,14,61,1083,926,157
E33029343,467,36,6,30,431,267,164
E33029344,882,178,68,110,704,648,56
E33029345,488,36,12,24,452,325,127
E33029346,500,53,17,36,447,357,90
E33029347,108,7,3,4,101,69,32
E33029348,413,38,7,31,375,311,64
E33029349,270,31,11,20,239,164,75
E33029350,922,135,53,82,787,619,168
E33029351,248,52,12,40,196,134,62
E33029352,230,28,7,21,202,154,48
E33029353,285,27,5,22,258,212,46
E33029354,361,50,17,33,311,274,37
E33029355,207,20,6,14,187,95,92
E33029356,1012,96,26,70,916,630,286
E33029357,311,18,5,13,293,173,120
E33029358,193,17,7,10,176,84,92
E33029359,361,44,11,33,317,235,82
E33029360,485,29,2,27,456,236,220
E33029361,454,105,56,49,349,248,101
E33029362,432,32,6,26,400,317,83
E33029363,726,93,47,46,633,484,149
E33029364,432,49,11,38,383,312,71
E33029365,428,29,11,18,399,255,144
E33029366,503,90,26,64,413,323,90
E33029367,307,27,9,18,280,183,97
E33029368,374,32,13,19,342,299,43
E33029369,525,46,10,36,479,260,219
E33029370,358,33,4,29,325,197,128
E33029371,2475,184,42,142,2291,1787,504
E33029372,209,22,3,19,187,149,38
E33029373,277,28,9,19,249,187,62
E33029374,747,50,12,38,697,547,150
E33029375,200,19,7,12,181,123,58
E33029376,765,118,30,88,647,593,54
E33029377,1244,110,37,73,1134,1024,110
E33029378,1074,117,30,87,957,755,202
E33029379,289,62,19,43,227,159,68
E33029380,883,74,18,56,809,640,169
E33029381,343,26,5,21,317,240,77
E33029382,397,64,22,42,333,301,32
E33029383,584,313,166,147,271,246,25
E33029384,493,75,36,39,418,337,81
E33029385,854,99,33,66,755,620,135
E33029386,210,32,16,16,178,149,29
E33029387,287,97,29,68,190,167,23
E33029388,211,31,5,26,180,131,49
E33029389,288,56,20,36,232,200,32
E33029390,395,63,28,35,332,242,90
E33029391,543,44,13,31,499,382,117
E33029392,316,56,24,32,260,215,45
E33029393,218,23,4,19,195,149,46
E33029394,376,92,26,66,284,211,73
E33029395,223,60,16,44,163,133,30
E33029396,206,45,6,39,161,122,39
E33029397,757,82,16,66,675,505,170
E33029398,259,109,56,53,150,135,15
E33029399,299,36,8,28,263,175,88
E33029400,1353,62,24,38,1291,1052,239
E33029401,229,41,20,21,188,163,25
E33029402,578,62,20,42,516,394,122
E33029403,1615,218,55,163,1397,1228,169
E33029404,616,90,30,60,526,436,90
E33029405,282,62,22,40,220,180,40
E33029406,233,85,39,46,148,121,27
E33029407,1855,236,67,169,1619,1270,349
E33029408,325,68,14,54,257,230,27
E33029409,279,34,10,24,245,208,37
E33029410,250,31,14,17,219,155,64
E33029411,191,25,2,23,166,141,25
E33029412,210,33,8,25,177,137,40
E33029413,224,21,8,13,203,151,52
E33029414,274,30,12,18,244,194,50
E33029415,609,108,48,60,501,392,109
E33029416,275,40,18,22,235,188,47
E33029417,194,28,12,16,166,135,31
E33029418,623,191,31,160,432,367,65
E33029419,307,66,17,49,241,195,46
E33029420,4238,643,126,517,3595,3024,571
E33029421,296,61,14,47,235,194,41
E33029422,970,56,22,34,914,831,83
E33029423,229,28,3,25,201,167,34
E33029424,533,46,9,37,487,417,70
E33029425,1069,85,18,67,984,688,296
E33029426,223,49,16,33,174,132,42
E33029427,557,70,21,49,487,370,117
E33029428,331,39,14,25,292,222,70
E33029429,466,41,14,27,425,358,67
E33029430,304,35,9,26,269,233,36
E33029431,332,36,6,30,296,259,37
E33029432,456,42,15,27,414,312,102
E33029433,308,68,25,43,240,183,57
E33029434,826,208,47,161,618,501,117
E33029435,551,94,33,61,457,371,86
E33029436,614,54,16,38,560,443,117
E33029437,213,29,11,18,184,157,27
E33029438,1240,53,16,37,1187,946,241
E33029439,361,34,10,24,327,271,56
E33029440,1222,85,27,58,1137,783,354
E33029441,654,63,19,44,591,497,94
E33029442,219,54,24,30,165,128,37
E33029443,198,39,9,30,159,121,38
E33029444,379,55,21,34,324,266,58
E33029445,454,61,22,39,393,280,113
E33029446,544,58,15,43,486,422,64
E33029447,401,32,10,22,369,253,116
E33029448,537,37,15,22,500,355,145
E33029449,833,83,24,59,750,617,133
E33029450,299,83,22,61,216,168,48
E33029451,405,27,10,17,378,317,61
E33029452,218,71,25,46,147,123,24
E33029453,566,70,23,47,496,356,140
E33029454,1530,120,43,77,1410,1141,269
E33029455,664,62,14,48,602,421,181
E33029456,721,56,12,44,665,563,102
E33029457,599,58,13,45,541,446,95
E33029458,237,56,13,43,181,132,49
E33029459,411,124,40,84,287,260,27
E33029460,1170,96,30,66,1074,703,371
E33029461,321,38,11,27,283,146,137
E33029462,471,47,7,40,424,341,83
E33029463,164,13,3,10,151,93,58
E33029464,406,46,12,34,360,248,112
E33029465,947,114,40,74,833,603,230
E33029466,1008,62,20,42,946,812,134
E33029467,1093,88,24,64,1005,758,247
E33029468,676,90,20,70,586,473,113
E33029469,222,37,14,23,185,153,32
E33029470,544,133,37,96,411,328,83
E33029471,705,47,12,35,658,531,127
E33029472,295,37,8,29,258,220,38
E33029473,332,59,18,41,273,241,32
E33029474,704,46,12,34,658,504,154
E33029475,521,40,10,30,481,350,131
E33029476,411,48,15,33,363,321,42
E33029477,242,64,24,40,178,134,44
E33029478,451,102,34,68,349,280,69
E33029479,317,28,10,18,289,249,40
E33029480,469,89,17,72,380,307,73
E33029481,513,78,27,51,435,383,52
E33029482,434,94,53,41,340,285,55
E33029483,2658,402,125,277,2256,1648,608
E33029484,448,147,44,103,301,231,70
E33029485,643,220,71,149,423,354,69
E33029486,275,70,25,45,205,164,41
E33029487,605,43,12,31,562,448,114
E33029488,604,73,21,52,531,457,74
E33029489,806,90,19,71,716,645,71
E33029490,213,53,18,35,160,131,29
E33029491,213,49,12,37,164,140,24
E33029492,515,86,16,70,429,351,78
E33029493,338,86,15,71,252,218,34
E33029494,308,59,13,46,249,178,71
E33029495,311,63,16,47,248,224,24
E33029496,226,94,33,61,132,115,17
E33029497,1212,230,64,166,982,861,121
E33029498,1085,132,26,106,953,905,48
E33029499,433,124,30,94,309,280,29
E33029500,738,91,27,64,647,586,61
E33029501,483,53,10,43,430,416,14
E33029502,286,60,34,26,226,191,35
E33029503,435,51,11,40,384,285,99
E33029504,176,44,18,26,132,103,29
E33029505,785,109,36,73,676,614,62
E33029506,288,25,8,17,263,226,37
E33029507,1119,102,22,80,1017,852,165
E33029508,1755,74,25,49,1681,1420,261
E33029509,531,90,17,73,441,386,55
E33029510,214,28,8,20,186,162,24
E33029511,1523,281,105,176,1242,1147,95
E33029512,492,79,25,54,413,370,43
E33029513,537,139,40,99,398,335,63
E33029514,1671,204,44,160,1467,1233,234
E33029515,2078,252,37,215,1826,1244,582
E33029516,2607,319,53,266,2288,2091,197
E33029517,1399,71,21,50,1328,945,383
E33029518,2565,119,29,90,2446,1633,813
E33029519,621,61,10,51,560,500,60
E33029520,1783,99,36,63,1684,1259,425
E33029521,410,118,51,67,292,241,51
E33029522,1030,241,57,184,789,724,65
E33029523,307,94,30,64,213,176,37
E33029524,383,71,20,51,312,238,74
E33029525,3095,211,48,163,2884,2449,435
E33029526,409,47,15,32,362,237,125
E33029527,363,63,27,36,300,245,55
E33029528,199,24,9,15,175,137,38
E33029529,257,30,12,18,227,194,33
E33029530,1958,293,85,208,1665,1517,148
E33029531,204,29,6,23,175,149,26
E33029532,774,175,46,129,599,543,56
E33029533,287,22,13,9,265,181,84
E33029534,1001,147,45,102,854,755,99
E33029535,1382,75,23,52,1307,877,430
E33029536,2296,381,114,267,1915,1710,205
E33029537,1056,373,106,267,683,558,125
E33029538,733,113,44,69,620,510,110
E33029539,783,90,23,67,693,618,75
E33029540,569,110,36,74,459,367,92
E33029541,654,293,96,197,361,318,43
E33029542,536,269,105,164,267,247,20
E33029543,461,229,66,163,232,187,45
E33029544,761,241,77,164,520,421,99
E33029545,660,94,23,71,566,450,116
E33029546,319,152,48,104,167,134,33
E33029547,221,98,48,50,123,105,18
E33029548,613,134,43,91,479,412,67
E33029549,407,131,51,80,276,258,18
E33029550,438,131,46,85,307,271,36
E33029551,350,58,10,48,292,268,24
E33029552,1745,224,38,186,1521,1399,122
E33029553,398,51,12,39,347,315,32
E33029554,247,29,9,20,218,194,24
E33029555,1267,96,18,78,1171,1043,128
E33029556,587,91,20,71,496,476,20
E33029557,1036,241,36,205,795,773,22
E33029558,844,126,29,97,718,629,89
E33029559,446,215,61,154,231,198,33
E33029560,280,88,22,66,192,160,32
E33029561,329,82,31,51,247,212,35
E33029562,234,97,40,57,137,109,28
E33029563,656,118,26,92,538,477,61
E33029564,220,61,3,58,159,143,16
E33029565,286,86,29,57,200,162,38
E33029566,210,87,30,57,123,91,32
E33029567,324,74,17,57,250,233,17
E33029568,337,205,110,95,132,119,13
E33029569,497,87,20,67,410,374,36
E33029570,371,190,76,114,181,165,16
E33029571,564,162,65,97,402,369,33
E33029572,588,358,184,174,230,211,19
E33029573,556,228,115,113,328,290,38
E33029574,400,38,9,29,362,333,29
E33029575,936,99,20,79,837,730,107
E33029576,404,40,14,26,364,311,53
E33029577,308,105,38,67,203,175,28
E33029578,365,103,31,72,262,221,41
E33029579,629,295,112,183,334,286,48
E33029580,298,92,15,77,206,178,28
E33029581,387,181,60,121,206,168,38
E33029582,252,118,41,77,134,102,32
E33029583,359,98,26,72,261,193,68
E33029584,343,165,54,111,178,157,21
E33029585,994,147,50,97,847,670,177
E33029586,598,173,60,113,425,358,67
E33029587,708,111,34,77,597,477,120
E33029588,318,119,40,79,199,169,30
E33029589,422,170,42,128,252,199,53
E33029590,546,188,71,117,358,289,69
E33029591,3020,614,174,440,2406,2267,139
E33029592,465,62,10,52,403,345,58
E33029593,312,158,71,87,154,119,35
E33029594,458,136,58,78,322,269,53
E33029595,454,140,48,92,314,280,34
E33029596,346,100,47,53,246,226,20
E33029597,329,108,34,74,221,187,34
E33029598,420,198,64,134,222,208,14
E33029599,661,101,24,77,560,489,71
E33029600,689,185,82,103,504,433,71
E33029601,441,53,12,41,388,306,82
E33029602,631,138,45,93,493,415,78
E33029603,329,57,21,36,272,237,35
E33029604,303,40,16,24,263,195,68
E33029605,253,57,7,50,196,178,18
E33029606,250,24,12,12,226,183,43
E33029607,361,66,13,53,295,230,65
E33029608,406,53,15,38,353,291,62
E33029609,908,96,29,67,812,691,121
E33029610,524,54,18,36,470,328,142
E33029611,599,129,44,85,470,372,98
E33029612,372,109,27,82,263,208,55
E33029613,272,91,27,64,181,157,24
E33029614,407,82,28,54,325,254,71
E33029615,3204,624,176,448,2580,2190,390
E33029616,326,41,14,27,285,243,42
E33029617,372,40,14,26,332,278,54
E33029618,385,53,17,36,332,263,69
E33029619,197,43,9,34,154,116,38
E33029620,224,24,7,17,200,151,49
E33029621,566,109,28,81,457,321,136
E33029622,1098,188,53,135,910,760,150
E33029623,1666,502,198,304,1164,989,175
E33029624,392,61,17,44,331,244,87
E33029625,483,66,20,46,417,342,75
E33029626,600,39,12,27,561,475,86
E33029627,501,73,24,49,428,333,95
E33029628,407,75,19,56,332,252,80
E33029629,1022,155,48,107,867,700,167
E33029630,325,44,17,27,281,225,56
E33029631,1383,115,38,77,1268,1120,148
E33029632,235,41,10,31,194,158,36
E33029633,380,32,10,22,348,297,51
E33029634,938,183,59,124,755,652,103
E33029635,1075,87,29,58,988,906,82
E33029636,1828,345,105,240,1483,1352,131
E33029637,279,98,30,68,181,159,22
E33029638,1106,119,22,97,987,892,95
E33029639,499,138,29,109,361,275,86
E33029640,289,57,15,42,232,198,34
E33029641,747,206,44,162,541,419,122
E33029642,493,214,71,143,279,226,53
E33029643,301,45,9,36,256,187,69
E33029644,630,80,25,55,550,473,77
E33029645,338,104,27,77,234,190,44
E33029646,381,51,18,33,330,255,75
E33029647,612,59,21,38,553,463,90
E33029648,383,72,32,40,311,262,49
E33029649,789,55,21,34,734,686,48
E33029650,241,67,16,51,174,133,41
E33029651,636,127,44,83,509,424,85
E33029652,265,90,28,62,175,149,26
E33029653,309,162,38,124,147,131,16
E33029654,222,96,34,62,126,106,20
E33029655,302,110,37,73,192,149,43
E33029656,219,97,22,75,122,105,17
E33029657,313,139,45,94,174,148,26
E33029658,425,128,30,98,297,269,28
E33029659,476,210,60,150,266,218,48
E33029660,673,94,30,64,579,477,102
E33029661,429,69,16,53,360,305,55
E33029662,428,158,17,141,270,227,43
E33029663,803,85,18,67,718,625,93
E33029664,515,58,14,44,457,406,51
E33029665,233,93,27,66,140,119,21
E33029666,828,60,19,41,768,660,108
E33029667,573,63,19,44,510,343,167
E33029668,254,38,7,31,216,178,38
E33029669,306,71,17,54,235,176,59
E33029670,435,175,54,121,260,221,39
E33029671,262,74,35,39,188,156,32
E33029672,267,110,47,63,157,118,39
E33029673,336,110,44,66,226,161,65
E33029674,212,63,14,49,149,110,39
E33029675,243,53,17,36,190,148,42
E33029676,595,59,20,39,536,421,115
E33029677,215,37,7,30,178,118,60
E33029678,205,26,7,19,179,131,48
E33029679,290,31,9,22,259,197,62
E33029680,295,15,2,13,280,206,74
E33029681,623,129,43,86,494,394,100
E33029682,505,79,18,61,426,342,84
E33029683,276,24,9,15,252,204,48
E33029684,541,95,22,73,446,376,70
E33029685,424,49,9,40,375,327,48
E33029686,510,56,20,36,454,388,66
E33029687,501,64,17,47,437,332,105
E33029688,1374,176,50,126,1198,936,262
E33029689,659,111,34,77,548,496,52
E33029690,410,170,64,106,240,205,35
E33029691,229,118,37,81,111,81,30
E33029692,231,74,36,38,157,128,29
E33029693,772,279,69,210,493,398,95
E33029694,201,38,13,25,163,114,49
E33029695,292,41,13,28,251,212,39
E33029696,473,162,17,145,311,251,60
E33029697,413,43,8,35,370,273,97
E33029698,440,204,43,161,236,211,25
E33029699,551,129,37,92,422,377,45
E33029700,557,62,10,52,495,445,50
E33029701,927,320,135,185,607,463,144
E33029702,345,120,39,81,225,166,59
E33029703,434,173,62,111,261,207,54
E33029704,354,62,18,44,292,240,52
E33029705,628,221,88,133,407,336,71
E33029706,241,57,22,35,184,140,44
E33029707,206,65,17,48,141,114,27
E33029708,2002,471,96,375,1531,1433,98
E33029709,556,265,107,158,291,267,24
E33029710,340,114,25,89,226,197,29
E33029711,2776,499,116,383,2277,2006,271
E33029712,960,471,156,315,489,449,40
E33029713,202,43,9,34,159,107,52
E33029714,285,64,15,49,221,167,54
E33029715,338,64,12,52,274,209,65
E33029716,395,79,21,58,316,273,43
E33029717,212,87,35,52,125,104,21
E33029718,666,342,123,219,324,265,59
E33029719,220,57,16,41,163,142,21
E33029720,337,162,60,102,175,153,22
E33029721,327,89,18,71,238,197,41
E33029722,266,99,41,58,167,130,37
E33029723,495,203,96,107,292,233,59
E33029724,644,160,55,105,484,453,31
E33029725,375,146,50,96,229,183,46
E33029726,208,79,33,46,129,88,41
E33029727,494,197,84,113,297,241,56
E33029728,232,47,19,28,185,146,39
E33029729,637,62,23,39,575,470,105
E33029730,420,228,116,112,192,156,36
E33029731,236,100,41,59,136,88,48
E33029732,1329,103,25,78,1226,1150,76
E33029733,431,26,10,16,405,319,86
E33029734,423,60,15,45,363,287,76
E33029735,416,79,27,52,337,230,107
E33029736,664,234,49,185,430,390,40
E33029737,1019,198,50,148,821,774,47
E33029738,210,57,17,40,153,143,10
E33029739,780,126,34,92,654,620,34
E33029740,239,83,21,62,156,133,23
E33029741,2224,510,142,368,1714,1164,550
E33029742,308,45,11,34,263,215,48
E33029743,990,124,43,81,866,758,108
E33029744,359,43,16,27,316,252,64
E33029745,116,28,5,23,88,64,24
E33029746,259,46,12,34,213,150,63
E33029747,2985,548,142,406,2437,2170,267
E33029748,427,139,46,93,288,204,84
E33029749,345,91,21,70,254,183,71
E33029750,504,217,95,122,287,251,36
E33029751,416,100,21,79,316,242,74
E33029752,1593,239,39,200,1354,1303,51
E33029753,1268,183,42,141,1085,994,91
E33029754,462,51,12,39,411,363,48
E33029755,776,55,16,39,721,581,140
E33029756,1150,82,13,69,1068,918,150
E33029757,450,35,12,23,415,288,127
E33029758,279,44,13,31,235,185,50
E33029759,209,32,10,22,177,123,54
E33029760,1287,98,19,79,1189,710,479
E33029761,657,66,17,49,591,521,70
E33029762,473,38,11,27,435,344,91
E33029763,201,27,14,13,174,141,33
E33029764,333,23,6,17,310,235,75
E33029765,434,30,16,14,404,306,98
E33029766,374,39,8,31,335,271,64
E33029767,344,19,10,9,325,229,96
E33029768,445,39,12,27,406,285,121
E33029769,500,80,20,60,420,355,65
E33029770,344,112,38,74,232,190,42
E33029771,567,197,59,138,370,326,44
E33029772,424,56,14,42,368,281,87
E33029773,835,99,21,78,736,628,108
E33029774,260,27,19,8,233,167,66
E33029775,272,171,31,140,101,82,19
E33029776,264,50,12,38,214,168,46
E33029777,303,61,12,49,242,200,42
E33029778,476,93,27,66,383,340,43
E33029779,269,111,42,69,158,122,36
E33029780,308,87,16,71,221,178,43
E33029781,906,34,10,24,872,679,193
E33029782,795,58,16,42,737,614,123
E33029783,921,113,29,84,808,678,130
E33029784,336,77,26,51,259,229,30
E33029785,275,55,17,38,220,175,45
E33029786,450,34,15,19,416,312,104
E33029787,481,106,31,75,375,307,68
E33029788,731,65,25,40,666,556,110
E33029789,4445,569,148,421,3876,3113,763
E33029790,6688,519,110,409,6169,5349,820
E33029791,167,56,9,47,111,88,23
E33029792,235,86,22,64,149,117,32
E33029793,815,81,20,61,734,565,169
E33029794,3503,510,150,360,2993,2551,442
E33029795,386,88,43,45,298,268,30
E33029796,1018,51,21,30,967,819,148
E33029797,1307,155,49,106,1152,931,221
E33029798,611,46,16,30,565,380,185
E33029799,1053,86,28,58,967,626,341
E33029800,1734,96,37,59,1638,1307,331
E33029801,654,143,65,78,511,374,137
E33029802,274,39,15,24,235,177,58
E33029803,416,52,22,30,364,288,76
E33029804,278,51,14,37,227,178,49
E33029805,373,70,24,46,303,226,77
E33029806,568,51,20,31,517,438,79
E33029807,435,73,20,53,362,301,61
E33029808,661,41,16,25,620,485,135
E33029809,381,107,21,86,274,241,33
E33029810,265,59,25,34,206,170,36
E33029811,453,104,29,75,349,305,44
E33029812,457,100,28,72,357,329,28
E33029813,708,158,43,115,550,449,101
E33029814,1416,388,144,244,1028,792,236
E33029815,1421,218,54,164,1203,1127,76
E33029816,698,74,28,46,624,477,147
E33029817,2358,200,49,151,2158,2008,150
E33029818,512,173,126,47,339,264,75
E33029819,442,85,37,48,357,252,105
E33029820,275,67,17,50,208,146,62
E33029821,384,104,28,76,280,187,93
E33029822,219,50,20,30,169,141,28
E33029823,637,157,61,96,480,369,111
E33029824,506,79,18,61,427,319,108
E33029825,876,113,30,83,763,604,159
E33029826,580,175,66,109,405,323,82
E33029827,232,101,27,74,131,98,33
E33029828,433,53,19,34,380,320,60
E33029829,262,63,25,38,199,159,40
E33029830,294,52,15,37,242,206,36
E33029831,1376,574,250,324,802,702,100
E33029832,549,174,47,127,375,295,80
E33029833,550,201,68,133,349,266,83
E33029834,351,98,43,55,253,194,59
E33029835,450,131,43,88,319,240,79
E33029836,515,173,59,114,342,243,99
E33029837,496,132,50,82,364,291,73
E33029838,341,143,58,85,198,160,38
E33029839,369,167,39,128,202,165,37
E33029840,488,109,32,77,379,330,49
E33029841,594,295,63,232,299,264,35
E33029842,262,95,31,64,167,148,19
E33029843,220,22,5,17,198,169,29
E33029844,393,129,35,94,264,221,43
E33029845,846,456,153,303,390,352,38
E33029846,596,385,188,197,211,175,36
E33029847,250,120,45,75,130,99,31
E33029848,595,330,107,223,265,239,26
E33029849,560,63,13,50,497,355,142
E33029850,360,81,18,63,279,232,47
E33029851,749,383,240,143,366,310,56
E33029852,317,116,34,82,201,165,36
E33029853,375,81,30,51,294,201,93
E33029854,785,353,112,241,432,360,72
E33029855,779,332,118,214,447,392,55
E33029856,833,217,58,159,616,530,86
E33029857,332,53,21,32,279,198,81
E33029858,1210,227,42,185,983,958,25
E33029859,1752,200,30,170,1552,1332,220
E33029860,307,81,26,55,226,162,64
E33029861,578,159,49,110,419,350,69
E33029862,473,150,56,94,323,268,55
E33029863,207,90,39,51,117,105,12
E33029864,380,242,117,125,138,126,12
E33029865,371,118,49,69,253,219,34
E33029866,250,80,29,51,170,139,31
E33029867,854,182,45,137,672,565,107
E33029868,497,290,142,148,207,186,21
E33029869,662,354,188,166,308,267,41
E33029870,352,186,62,124,166,152,14
E33029871,544,110,31,79,434,388,46
E33029872,511,153,42,111,358,302,56
E33029873,401,112,27,85,289,242,47
E33029874,420,161,64,97,259,228,31
E33029875,493,99,43,56,394,346,48
E33029876,519,216,65,151,303,269,34
E33029877,323,50,15,35,273,257,16
E33029878,614,209,92,117,405,271,134
E33029879,443,131,33,98,312,214,98
E33029880,257,43,14,29,214,184,30
E33029881,250,66,23,43,184,162,22
E33029882,1583,329,73,256,1254,1146,108
E33029883,378,171,32,139,207,176,31
E33029884,297,91,33,58,206,167,39
E33029885,1108,124,38,86,984,878,106
E33029886,820,181,42,139,639,610,29
E33029887,297,87,38,49,210,159,51
E33029888,278,85,30,55,193,163,30
E33029889,267,137,56,81,130,111,19
E33029890,313,111,27,84,202,169,33
E33029891,249,109,23,86,140,104,36
E33029892,221,93,27,66,128,102,26
E33029893,219,93,25,68,126,91,35
E33029894,483,220,53,167,263,200,63
E33029895,214,92,21,71,122,101,21
E33029896,355,63,25,38,292,238,54
E33029897,232,71,25,46,161,129,32
E33029898,291,90,23,67,201,143,58
E33029899,1401,278,52,226,1123,953,170
E33029900,825,258,58,200,567,519,48
E33029901,623,203,54,149,420,340,80
E33029902,900,468,163,305,432,384,48
E33029903,394,57,24,33,337,278,59
E33029904,358,61,21,40,297,243,54
E33029905,711,68,20,48,643,509,134
E33029906,438,37,17,20,401,344,57
E33029907,200,29,10,19,171,110,61
E33029908,674,136,33,103,538,438,100
E33029909,299,116,26,90,183,126,57
E33029910,556,87,21,66,469,360,109
E33029911,254,30,8,22,224,170,54
E33029912,219,62,22,40,157,111,46
E33029913,427,62,15,47,365,271,94
E33029914,414,43,11,32,371,297,74
E33029915,553,61,23,38,492,372,120
E33029916,431,36,10,26,395,296,99
E33029917,652,390,144,246,262,228,34
E33029918,688,173,55,118,515,465,50
E33029919,734,162,54,108,572,507,65
E33029920,218,62,17,45,156,126,30
E33029921,497,202,57,145,295,255,40
E33029922,227,44,24,20,183,167,16
E33029923,336,109,40,69,227,194,33
E33029924,473,126,38,88,347,301,46
E33029925,552,325,114,211,227,207,20
E33029926,352,117,48,69,235,186,49
E33029927,291,104,41,63,187,145,42
E33029928,312,143,48,95,169,152,17
E33029929,344,187,62,125,157,132,25
E33029930,249,122,56,66,127,99,28
E33029931,376,54,13,41,322,255,67
E33029932,676,81,26,55,595,447,148
E33029933,298,57,13,44,241,156,85
E33029934,474,63,23,40,411,293,118
E33029935,307,135,50,85,172,137,35
E33029936,298,155,63,92,143,115,28
E33029937,289,123,57,66,166,145,21
E33029938,204,120,55,65,84,66,18
E33029939,272,74,17,57,198,144,54
E33029940,355,112,27,85,243,201,42
E33029941,298,132,27,105,166,137,29
E33029942,549,19,5,14,530,360,170
E33029943,952,85,28,57,867,737,130
E33029944,464,28,12,16,436,364,72
E33029945,639,48,21,27,591,473,118
E33029946,208,45,11,34,163,127,36
E33029947,207,18,6,12,189,144,45
E33029948,409,58,15,43,351,281,70
E33029949,1129,55,14,41,1074,760,314
E33029950,612,83,25,58,529,399,130
E33029951,852,39,14,25,813,652,161
E33029952,544,35,11,24,509,422,87
E33029953,408,13,6,7,395,290,105
E33029954,259,7,3,4,252,199,53
E33029955,697,105,34,71,592,482,110
E33029956,1086,110,25,85,976,707,269
E33029957,1479,337,78,259,1142,988,154
E33029958,358,57,20,37,301,228,73
E33029959,609,46,8,38,563,471,92
E33029960,705,62,17,45,643,512,131
E33029961,337,24,5,19,313,256,57
E33029962,138,22,4,18,116,79,37
E33029963,347,25,8,17,322,271,51
E33029964,329,81,23,58,248,200,48
E33029965,409,79,22,57,330,307,23
E33029966,6090,1158,167,991,4932,4260,672
E33029967,907,126,34,92,781,693,88
E33029968,608,60,19,41,548,471,77
E33029969,3509,841,183,658,2668,2321,347
E33029970,644,56,24,32,588,508,80
E33029971,633,82,6,76,551,452,99
E33029972,350,45,8,37,305,273,32
E33029973,805,47,12,35,758,660,98
E33029974,343,30,8,22,313,240,73
E33029975,3031,638,147,491,2393,2123,270
E33029976,230,13,5,8,217,181,36
E33029977,4683,1236,223,1013,3447,3091,356
E33029978,246,25,10,15,221,205,16
E33029979,424,55,17,38,369,298,71
E33029980,329,45,14,31,284,235,49
E33029981,1296,132,33,99,1164,927,237
E33029982,408,32,17,15,376,287,89
E33029983,550,130,31,99,420,372,48
E33029984,6451,1000,224,776,5451,4465,986
E33029985,658,142,31,111,516,447,69
E33029986,1033,121,28,93,912,815,97
E33029987,320,33,3,30,287,231,56
E33029988,233,29,6,23,204,138,66
E33029989,757,124,26,98,633,574,59
E33029990,698,62,19,43,636,539,97
E33029991,2025,367,100,267,1658,1420,238
E33029992,687,121,27,94,566,480,86
E33029993,659,108,34,74,551,471,80
E33029994,6273,1437,299,1138,4836,4177,659
E33029995,1097,269,79,190,828,592,236
E33029996,338,134,40,94,204,172,32
E33029997,700,308,125,183,392,313,79
E33029998,1351,503,113,390,848,774,74
E33029999,1791,325,89,236,1466,1345,121
E33030000,580,119,46,73,461,361,100
E33030001,605,258,113,145,347,291,56
E33030002,516,69,14,55,447,351,96
E33030003,2014,136,56,80,1878,1576,302
E33030004,899,470,161,309,429,379,50
E33030005,367,67,24,43,300,263,37
E33030006,329,31,7,24,298,253,45
E33030007,284,116,73,43,168,134,34
E33030008,217,97,40,57,120,106,14
E33030009,248,122,49,73,126,102,24
E33030010,223,111,32,79,112,83,29
E33030011,338,27,9,18,311,218,93
E33030012,624,214,98,116,410,343,67
E33030013,264,56,15,41,208,163,45
E33030014,213,20,7,13,193,133,60
E33030015,616,88,24,64,528,440,88
E33030016,212,86,24,62,126,109,17
E33030017,279,133,47,86,146,126,20
E33030018,473,137,48,89,336,287,49
E33030019,296,66,19,47,230,216,14
E33030020,313,104,43,61,209,175,34
E33030021,293,101,48,53,192,176,16
E33030022,645,104,30,74,541,423,118
E33030023,961,614,347,267,347,312,35
E33030024,315,38,6,32,277,238,39
E33030025,301,46,16,30,255,205,50
E33030026,764,100,37,63,664,507,157
E33030027,677,137,47,90,540,416,124
E33030028,1111,96,20,76,1015,778,237
E33030029,518,107,48,59,411,317,94
E33030030,2036,214,57,157,1822,1437,385
E33030031,265,25,8,17,240,198,42
E33030032,925,130,34,96,795,624,171
E33030033,613,119,53,66,494,363,131
E33030034,2491,614,160,454,1877,1756,121
E33030035,693,133,29,104,560,458,102
E33030036,113,11,1,10,102,86,16
E33030037,502,74,16,58,428,312,116
E33030038,268,91,21,70,177,142,35
E33030039,246,116,41,75,130,109,21
E33030040,216,79,26,53,137,113,24
E33030041,240,84,33,51,156,139,17
E33030042,377,102,33,69,275,225,50
E33030043,227,108,32,76,119,94,25
E33030044,386,17,6,11,369,308,61
E33030045,1216,110,16,94,1106,948,158
E33030046,499,74,9,65,425,347,78
E33030047,570,44,18,26,526,263,263
E33030048,1191,99,36,63,1092,996,96
E33030049,420,138,34,104,282,253,29
E33030050,3168,194,52,142,2974,2018,956
E33030051,759,60,11,49,699,456,243
E33030052,799,70,18,52,729,583,146
E33030053,299,38,13,25,261,211,50
E33030054,1386,150,54,96,1236,988,248
E33030055,877,42,15,27,835,620,215
E33030056,950,41,10,31,909,804,105
E33030057,593,59,21,38,534,400,134
E33030058,545,63,22,41,482,411,71
E33030059,349,36,18,18,313,253,60
E33030060,358,52,13,39,306,250,56
E33030061,419,63,20,43,356,277,79
E33030062,1034,88,23,65,946,826,120
E33030063,725,107,30,77,618,487,131
E33030064,481,45,17,28,436,324,112
E33030065,1264,176,48,128,1088,868,220
E33030066,233,47,13,34,186,157,29
E33030067,541,59,15,44,482,355,127
E33030068,239,35,5,30,204,182,22
E33030069,619,53,27,26,566,455,111
E33030070,920,147,31,116,773,695,78
E33030071,251,64,12,52,187,152,35
E33030072,1812,366,87,279,1446,1363,83
E33030073,799,132,33,99,667,536,131
E33030074,140,15,3,12,125,94,31
E33030075,655,232,74,158,423,333,90
E33030076,421,71,26,45,350,266,84
E33030077,3312,584,141,443,2728,2236,492
E33030078,235,48,22,26,187,162,25
E33030079,489,87,20,67,402,340,62
E33030080,411,160,39,121,251,215,36
E33030081,728,413,190,223,315,301,14
E33030082,274,117,61,56,157,136,21
E33030083,199,108,42,66,91,86,5
E33030084,289,122,53,69,167,149,18
E33030085,380,109,24,85,271,254,17
E33030086,491,84,20,64,407,337,70
E33030087,390,171,55,116,219,169,50
E33030088,396,213,177,36,183,153,30
E33030089,489,41,14,27,448,385,63
E33030090,591,94,48,46,497,420,77
E33030091,273,24,9,15,249,193,56
E33030092,6680,653,216,437,6027,4850,1177
E33030093,894,144,48,96,750,670,80
E33030094,359,128,37,91,231,205,26
E33030095,416,55,18,37,361,312,49
E33030096,496,130,34,96,366,273,93
E33030097,1128,49,18,31,1079,886,193
E33030098,599,30,9,21,569,347,222
E33030099,1764,143,55,88,1621,1279,342
E33030100,718,27,6,21,691,580,111
E33030101,305,58,14,44,247,192,55
E33030102,377,63,22,41,314,245,69
E33030103,440,110,40,70,330,300,30
E33030104,529,92,26,66,437,362,75
E33030105,513,95,18,77,418,341,77
E33030106,420,218,90,128,202,174,28
E33030107,143,64,14,50,79,75,4
E33030108,277,30,9,21,247,199,48
E33030109,473,60,18,42,413,375,38
E33030110,1184,81,41,40,1103,861,242
E33030111,225,24,4,20,201,133,68
E33030112,605,69,12,57,536,443,93
E33030113,3836,145,52,93,3691,2070,1621
E33030114,555,21,10,11,534,391,143
E33030115,2499,91,32,59,2408,1228,1180
E33030116,518,41,10,31,477,279,198
E33030117,1907,187,28,159,1720,1135,585
E33030118,412,23,5,18,389,272,117
E33030119,1152,54,24,30,1098,845,253
E33030120,364,17,3,14,347,233,114
E33030121,278,12,0,12,266,194,72
E33030122,814,146,15,131,668,441,227
E33030123,507,62,18,44,445,332,113
E33030124,526,89,38,51,437,355,82
E33030125,369,133,55,78,236,190,46
E33030126,221,19,5,14,202,153,49
E33030127,205,28,5,23,177,134,43
E33030128,376,52,15,37,324,227,97
E33030129,218,18,6,12,200,155,45
E33030130,348,39,7,32,309,250,59
E33030131,321,28,5,23,293,233,60
E33030132,302,75,17,58,227,201,26
E33030133,608,58,21,37,550,317,233
E33030134,663,118,25,93,545,489,56
E33030135,266,32,9,23,234,212,22
E33030136,240,36,10,26,204,177,27
E33030137,222,49,15,34,173,102,71
E33030138,1064,346,136,210,718,496,222
E33030139,1588,257,58,199,1331,1126,205
E33030140,1378,253,111,142,1125,971,154
E33030141,705,126,30,96,579,493,86
E33030142,837,53,10,43,784,630,154
E33030143,757,43,7,36,714,627,87
E33030144,289,37,8,29,252,218,34
E33030145,446,35,3,32,411,360,51
E33030146,674,70,16,54,604,475,129
E33030147,307,28,11,17,279,184,95
E33030148,512,51,15,36,461,364,97
E33030149,206,77,27,50,129,106,23
E33030150,809,115,30,85,694,588,106
E33030151,293,25,5,20,268,240,28
E33030152,740,75,15,60,665,583,82
E33030153,796,68,15,53,728,639,89
E33030154,420,32,13,19,388,331,57
E33030155,317,53,18,35,264,218,46
E33030156,672,105,30,75,567,445,122
E33030157,258,61,25,36,197,156,41
E33030158,202,34,8,26,168,151,17
E33030159,248,121,49,72,127,95,32
E33030160,3511,380,75,305,3131,2603,528
E33030161,1156,161,61,100,995,830,165
E33030162,381,79,23,56,302,185,117
E33030163,1303,102,33,69,1201,897,304
E33030164,352,54,11,43,298,241,57
E33030165,257,67,22,45,190,142,48
E33030166,255,49,19,30,206,154,52
E33030167,417,97,32,65,320,254,66
E33030168,937,132,26,106,805,709,96
E33030169,407,39,9,30,368,335,33
E33030170,445,52,19,33,393,317,76
E33030171,270,36,14,22,234,186,48
E33030172,288,75,21,54,213,175,38
E33030173,447,30,9,21,417,332,85
E33030174,210,36,8,28,174,124,50
E33030175,719,43,9,34,676,562,114
E33030176,438,68,15,53,370,312,58
E33030177,478,22,5,17,456,332,124
E33030178,242,33,8,25,209,160,49
E33030179,1023,105,25,80,918,653,265
E33030180,163,23,9,14,140,119,21
E33030181,306,27,6,21,279,189,90
E33030182,274,37,15,22,237,185,52
E33030183,749,70,14,56,679,506,173
E33030184,396,48,18,30,348,287,61
E33030185,988,56,15,41,932,743,189
E33030186,234,58,25,33,176,149,27
E33030187,208,26,6,20,182,171,11
E33030188,255,21,8,13,234,170,64
E33030189,410,34,6,28,376,299,77
E33030190,193,16,6,10,177,122,55
E33030191,270,34,10,24,236,176,60
E33030192,367,24,8,16,343,262,81
E33030193,227,28,5,23,199,150,49
E33030194,379,40,14,26,339,292,47
E33030195,336,42,15,27,294,183,111
E33030196,444,47,11,36,397,318,79
E33030197,242,37,18,19,205,147,58
E33030198,340,55,11,44,285,211,74
E33030199,660,59,15,44,601,476,125
E33030200,1156,60,20,40,1096,849,247
E33030201,426,60,18,42,366,311,55
E33030202,822,82,12,70,740,606,134
E33030203,253,24,6,18,229,175,54
E33030204,633,51,16,35,582,458,124
E33030205,221,30,12,18,191,149,42
E33030206,321,21,8,13,300,214,86
E33030207,458,90,22,68,368,280,88
E33030208,614,41,9,32,573,446,127
E33030209,899,120,30,90,779,570,209
E33030210,957,120,25,95,837,693,144
E33030211,378,36,11,25,342,257,85
E33030212,214,85,26,59,129,113,16
E33030213,194,52,12,40,142,128,14
E33030214,604,314,117,197,290,271,19
E33030215,617,177,51,126,440,375,65
E33030216,723,145,40,105,578,535,43
E33030217,7879,2407,710,1697,5472,4542,930
E33030218,2645,541,139,402,2104,1834,270
E33030219,331,66,16,50,265,240,25
E33030220,335,93,23,70,242,215,27
E33030221,440,64,17,47,376,350,26
E33030222,354,166,46,120,188,150,38
E33030223,1529,241,50,191,1288,1219,69
E33030224,358,104,31,73,254,175,79
E33030225,406,59,18,41,347,277,70
E33030226,330,112,33,79,218,160,58
E33030227,1024,110,29,81,914,617,297
E33030228,860,92,20,72,768,691,77
E33030229,325,132,56,76,193,139,54
E33030230,945,110,32,78,835,680,155
E33030231,287,47,18,29,240,191,49
E33030232,441,108,27,81,333,248,85
E33030233,679,218,58,160,461,413,48
E33030234,416,74,29,45,342,249,93
E33030235,416,81,22,59,335,305,30
E33030236,347,66,25,41,281,204,77
E33030237,521,52,30,22,469,340,129
E33030238,255,37,10,27,218,185,33
E33030239,411,60,18,42,351,288,63
E33030240,1388,290,85,205,1098,980,118
E33030241,423,72,17,55,351,298,53
E33030242,341,27,8,19,314,236,78
E33030243,239,32,6,26,207,157,50
E33030244,409,47,14,33,362,304,58
E33030245,618,143,55,88,475,377,98
E33030246,223,32,15,17,191,137,54
E33030247,4831,1101,413,688,3730,3343,387
E33030248,281,44,19,25,237,187,50
E33030249,360,60,25,35,300,219,81
E33030250,1457,335,102,233,1122,1003,119
E33030251,449,75,29,46,374,287,87
E33030252,424,93,26,67,331,261,70
E33030253,281,48,14,34,233,203,30
E33030254,564,210,40,170,354,301,53
E33030255,2291,378,130,248,1913,1673,240
E33030256,304,45,12,33,259,226,33
E33030257,557,171,46,125,386,321,65
E33030258,300,77,12,65,223,157,66
E33030259,377,50,18,32,327,248,79
E33030260,337,102,43,59,235,176,59
E33030261,509,57,6,51,452,379,73
E33030262,1559,221,45,176,1338,1230,108
E33030263,221,59,23,36,162,130,32
E33030264,406,149,56,93,257,217,40
E33030265,517,96,41,55,421,318,103
E33030266,210,48,22,26,162,122,40
E33030267,411,100,25,75,311,259,52
E33030268,708,156,68,88,552,497,55
E33030269,240,47,17,30,193,122,71
E33030270,730,163,38,125,567,478,89
E33030271,624,97,48,49,527,404,123
E33030272,218,57,17,40,161,135,26
E33030273,717,103,43,60,614,506,108
E33030274,311,76,19,57,235,196,39
E33030275,207,58,14,44,149,112,37
E33030276,371,67,23,44,304,195,109
E33030277,400,171,37,134,229,205,24
E33030278,236,51,23,28,185,152,33
E33030279,1249,385,183,202,864,814,50
E33030280,275,89,25,64,186,131,55
E33030281,284,44,11,33,240,183,57
E33030282,209,29,7,22,180,114,66
E33030283,331,39,10,29,292,151,141
E33030284,219,21,5,16,198,116,82
E33030285,282,56,16,40,226,174,52
E33030286,352,52,15,37,300,201,99
E33030287,283,80,23,57,203,156,47
E33030288,474,71,32,39,403,344,59
E33030289,1510,119,31,88,1391,1153,238
E33030290,332,81,26,55,251,182,69
E33030291,410,79,40,39,331,265,66
E33030292,331,140,34,106,191,155,36
E33030293,263,54,26,28,209,150,59
E33030294,395,129,27,102,266,221,45
E33030295,219,87,39,48,132,103,29
E33030296,311,52,20,32,259,181,78
E33030297,2879,257,69,188,2622,2063,559
E33030298,484,98,53,45,386,327,59
E33030299,1866,252,73,179,1614,1262,352
E33030300,508,66,20,46,442,316,126
E33030301,274,42,15,27,232,188,44
E33030302,261,102,52,50,159,120,39
E33030303,492,88,18,70,404,318,86
E33030304,797,177,47,130,620,489,131
E33030305,347,66,24,42,281,211,70
E33030306,1378,220,63,157,1158,934,224
E33030307,1552,224,55,169,1328,1123,205
E33030308,2300,239,78,161,2061,1713,348
E33030309,257,40,19,21,217,187,30
E33030310,490,166,52,114,324,278,46
E33030311,536,84,28,56,452,314,138
E33030312,260,75,29,46,185,133,52
E33030313,279,58,23,35,221,155,66
E33030314,351,92,28,64,259,223,36
E33030315,3601,597,171,426,3004,2499,505
E33030316,961,228,98,130,733,618,115
E33030317,630,240,73,167,390,362,28
E33030318,1113,175,38,137,938,816,122
E33030319,282,120,52,68,162,123,39
E33030320,375,90,35,55,285,255,30
E33030321,292,68,19,49,224,198,26
E33030322,357,42,8,34,315,263,52
E33030323,930,436,268,168,494,429,65
E33030324,312,122,71,51,190,147,43
E33030325,272,63,26,37,209,181,28
E33030326,401,179,76,103,222,188,34
E33030327,253,107,40,67,146,124,22
E33030328,309,40,8,32,269,239,30
E33030329,313,61,9,52,252,234,18
E33030330,1814,347,84,263,1467,1295,172
E33030331,1535,258,66,192,1277,1160,117
E33030332,547,334,199,135,213,188,25
E33030333,595,173,47,126,422,390,32
E33030334,207,101,47,54,106,82,24
E33030335,605,322,68,254,283,263,20
E33030336,1086,475,222,253,611,585,26
E33030337,371,131,55,76,240,225,15
E33030338,234,86,35,51,148,115,33
E33030339,220,56,27,29,164,141,23
E33030340,2223,1114,601,513,1109,1030,79
E33030341,452,244,129,115,208,189,19
E33030342,262,44,25,19,218,188,30
E33030343,274,108,43,65,166,148,18
E33030344,768,124,33,91,644,578,66
E33030345,382,80,38,42,302,214,88
E33030346,400,197,91,106,203,154,49
E33030347,399,65,24,41,334,294,40
E33030348,408,160,59,101,248,196,52
E33030349,270,98,38,60,172,145,27
E33030350,269,100,33,67,169,134,35
E33030351,239,52,11,41,187,162,25
E33030352,294,56,15,41,238,197,41
E33030353,378,38,14,24,340,248,92
E33030354,815,144,47,97,671,537,134
E33030355,288,53,23,30,235,202,33
E33030356,422,71,18,53,351,278,73
E33030357,433,50,13,37,383,330,53
E33030358,8282,1122,287,835,7160,6009,1151
E33030359,538,90,17,73,448,361,87
E33030360,594,133,30,103,461,411,50
E33030361,1466,286,103,183,1180,1060,120
E33030362,857,69,20,49,788,507,281
E33030363,336,65,23,42,271,252,19
E33030364,212,44,14,30,168,151,17
E33030365,541,110,31,79,431,343,88
E33030366,857,233,58,175,624,521,103
E33030367,2280,178,58,120,2102,1577,525
E33030368,1141,129,42,87,1012,875,137
E33030369,236,58,28,30,178,147,31
E33030370,1334,136,28,108,1198,935,263
E33030371,369,37,7,30,332,312,20
E33030372,804,259,124,135,545,442,103
E33030373,877,164,61,103,713,596,117
E33030374,324,57,17,40,267,204,63
E33030375,603,83,20,63,520,342,178
E33030376,446,57,11,46,389,363,26
E33030377,975,191,59,132,784,695,89
E33030378,687,193,69,124,494,407,87
E33030379,236,79,22,57,157,118,39
E33030380,461,123,47,76,338,272,66
E33030381,494,157,48,109,337,271,66
E33030382,233,76,19,57,157,125,32
E33030383,1214,127,38,89,1087,925,162
E33030384,341,150,40,110,191,132,59
E33030385,230,110,57,53,120,111,9
E33030386,357,135,50,85,222,203,19
E33030387,520,95,27,68,425,405,20
E33030388,552,161,71,90,391,355,36
E33030389,8095,1344,334,1010,6751,5745,1006
E33030390,706,87,28,59,619,535,84
E33030391,322,59,21,38,263,210,53
E33030392,210,40,5,35,170,145,25
E33030393,784,57,25,32,727,628,99
E33030394,329,65,28,37,264,168,96
E33030395,755,139,46,93,616,363,253
E33030396,279,33,8,25,246,180,66
E33030397,422,70,27,43,352,316,36
E33030398,538,215,77,138,323,260,63
E33030399,327,105,35,70,222,188,34
E33030400,288,115,40,75,173,160,13
E33030401,1063,160,46,114,903,774,129
E33030402,644,225,96,129,419,324,95
E33030403,206,92,21,71,114,92,22
E33030404,1134,126,37,89,1008,833,175
E33030405,266,67,22,45,199,159,40
E33030406,559,94,41,53,465,355,110
E33030407,261,75,25,50,186,167,19
E33030408,173,67,29,38,106,86,20
E33030409,306,113,27,86,193,172,21
E33030410,234,108,40,68,126,94,32
E33030411,620,97,28,69,523,424,99
E33030412,260,105,46,59,155,126,29
E33030413,2649,582,151,431,2067,1942,125
E33030414,243,70,17,53,173,156,17
E33030415,239,78,14,64,161,133,28
E33030416,313,155,50,105,158,135,23
E33030417,800,198,30,168,602,459,143
E33030418,670,179,59,120,491,441,50
E33030419,263,16,5,11,247,204,43
E33030420,215,25,9,16,190,164,26
E33030421,300,77,32,45,223,195,28
E33030422,1085,263,55,208,822,660,162
E33030423,252,26,3,23,226,189,37
E33030424,1081,107,31,76,974,695,279
E33030425,397,67,21,46,330,213,117
E33030426,491,44,18,26,447,340,107
E33030427,309,74,19,55,235,180,55
E33030428,301,63,18,45,238,182,56
E33030429,1009,125,43,82,884,745,139
E33030430,334,134,36,98,200,167,33
E33030431,546,105,52,53,441,360,81
E33030432,364,95,23,72,269,196,73
E33030433,223,79,34,45,144,116,28
E33030434,961,233,113,120,728,643,85
E33030435,1107,130,37,93,977,793,184
E33030436,1341,240,73,167,1101,839,262
E33030437,306,95,43,52,211,135,76
E33030438,379,56,9,47,323,254,69
E33030439,571,74,21,53,497,401,96
E33030440,331,49,10,39,282,209,73
E33030441,1704,464,100,364,1240,1163,77
E33030442,352,92,31,61,260,248,12
E33030443,1062,433,165,268,629,560,69
E33030444,514,89,27,62,425,358,67
E33030445,401,127,59,68,274,241,33
E33030446,863,231,70,161,632,555,77
E33030447,264,84,30,54,180,122,58
E33030448,224,60,26,34,164,115,49
E33030449,666,267,107,160,399,310,89
E33030450,492,95,27,68,397,323,74
E33030451,665,76,24,52,589,515,74
E33030452,1049,237,88,149,812,644,168
E33030453,3627,747,272,475,2880,2611,269
E33030454,1759,997,345,652,762,679,83
E33030455,461,77,29,48,384,321,63
E33030456,734,201,70,131,533,413,120
E33030457,472,49,10,39,423,322,101
E33030458,1026,111,34,77,915,732,183
E33030459,1770,187,50,137,1583,1294,289
E33030460,971,86,35,51,885,781,104
E33030461,275,80,11,69,195,162,33
E33030462,579,138,28,110,441,356,85
E33030463,236,119,27,92,117,103,14
E33030464,588,363,156,207,225,198,27
E33030465,335,149,51,98,186,164,22
E33030466,680,244,73,171,436,400,36
E33030467,2535,382,105,277,2153,1936,217
E33030468,713,144,36,108,569,478,91
E33030469,437,135,37,98,302,275,27
E33030470,652,137,32,105,515,456,59
E33030471,1524,227,60,167,1297,1154,143
E33030472,463,89,18,71,374,267,107
E33030473,238,28,10,18,210,168,42
E33030474,786,198,47,151,588,556,32
E33030475,723,374,154,220,349,284,65
E33030476,234,78,20,58,156,122,34
E33030477,243,79,26,53,164,138,26
E33030478,913,156,35,121,757,625,132
E33030479,327,100,26,74,227,197,30
E33030480,920,136,48,88,784,689,95
E33030481,387,135,46,89,252,229,23
E33030482,462,139,25,114,323,298,25
E33030483,274,120,40,80,154,137,17
E33030484,588,333,171,162,255,236,19
E33030485,383,42,14,28,341,284,57
E33030486,334,90,21,69,244,216,28
E33030487,693,374,128,246,319,293,26
E33030488,300,144,44,100,156,125,31
E33030489,377,74,30,44,303,254,49
E33030490,833,118,38,80,715,569,146
E33030491,409,92,30,62,317,262,55
E33030492,651,370,143,227,281,251,30
E33030493,429,162,40,122,267,202,65
E33030494,330,101,18,83,229,189,40
E33030495,320,127,37,90,193,148,45
E33030496,616,273,89,184,343,303,40
E33030497,548,354,162,192,194,174,20
E33030498,330,121,38,83,209,184,25
E33030499,481,132,34,98,349,265,84
E33030500,428,104,28,76,324,272,52
E33030501,178,26,11,15,152,127,25
E33030502,372,119,43,76,253,188,65
E33030503,808,71,28,43,737,617,120
E33030504,329,109,37,72,220,189,31
E33030505,694,161,57,104,533,462,71
E33030506,663,80,20,60,583,448,135
E33030507,722,162,48,114,560,506,54
E33030508,364,94,42,52,270,194,76
E33030509,203,87,35,52,116,75,41
E33030510,949,171,58,113,778,662,116
E33030511,254,55,18,37,199,161,38
E33030512,335,36,12,24,299,240,59
E33030513,326,59,20,39,267,212,55
E33030514,333,114,34,80,219,198,21
E33030515,201,44,16,28,157,121,36
E33030516,600,243,135,108,357,287,70
E33030517,202,35,9,26,167,137,30
E33030518,511,106,33,73,405,287,118
E33030519,399,48,13,35,351,264,87
E33030520,280,114,47,67,166,138,28
E33030521,175,14,5,9,161,122,39
E33030522,307,35,13,22,272,204,68
E33030523,242,80,50,30,162,146,16
E33030524,1354,239,89,150,1115,931,184
E33030525,333,55,16,39,278,181,97
E33030526,234,65,22,43,169,133,36
E33030527,225,58,16,42,167,149,18
E33030528,978,187,44,143,791,741,50
E33030529,640,59,17,42,581,531,50
E33030530,372,97,31,66,275,225,50
E33030531,1053,132,54,78,921,791,130
E33030532,370,66,25,41,304,266,38
E33030533,921,158,43,115,763,641,122
E33030534,1282,301,86,215,981,900,81
E33030535,245,61,18,43,184,175,9
E33030536,206,42,15,27,164,143,21
E33030537,357,130,37,93,227,168,59
E33030538,575,179,74,105,396,352,44
E33030539,211,84,31,53,127,106,21
E33030540,676,141,43,98,535,465,70
E33030541,1021,150,41,109,871,694,177
E33030542,1362,243,55,188,1119,1021,98
E33030543,318,142,26,116,176,149,27
E33030544,626,94,35,59,532,417,115
E33030545,951,60,10,50,891,771,120
E33030546,906,80,21,59,826,672,154
E33030547,1542,103,28,75,1439,1214,225
E33030548,1637,173,54,119,1464,1308,156
E33030549,758,49,24,25,709,546,163
E33030550,1415,89,16,73,1326,1119,207
E33030551,322,73,14,59,249,170,79
E33030552,311,58,16,42,253,204,49
E33030553,572,183,42,141,389,303,86
E33030554,280,74,20,54,206,164,42
E33030555,654,91,17,74,563,478,85
E33030556,748,127,51,76,621,495,126
E33030557,461,68,30,38,393,328,65
E33030558,954,80,18,62,874,614,260
E33030559,316,70,13,57,246,193,53
E33030560,1892,95,23,72,1797,1432,365
E33030561,1066,115,18,97,951,729,222
E33030562,396,33,9,24,363,323,40
E33030563,245,24,4,20,221,180,41
E33030564,2567,191,57,134,2376,1827,549
E33030565,1430,99,39,60,1331,1215,116
E33030566,799,74,14,60,725,596,129
E33030567,199,21,9,12,178,153,25
E33030568,476,40,12,28,436,341,95
E33030569,786,61,16,45,725,598,127
E33030570,706,67,22,45,639,526,113
E33030571,298,37,14,23,261,218,43
E33030572,225,45,8,37,180,140,40
E33030573,1374,142,62,80,1232,1060,172
E33030574,829,57,18,39,772,630,142
E33030575,4926,450,112,338,4476,3849,627
E33030576,3108,201,57,144,2907,2699,208
E33030577,301,42,19,23,259,221,38
E33030578,236,27,7,20,209,147,62
E33030579,483,88,23,65,395,334,61
E33030580,1880,407,171,236,1473,1244,229
E33030581,1034,151,45,106,883,791,92
E33030582,395,94,29,65,301,269,32
E33030583,966,134,41,93,832,690,142
E33030584,4578,645,175,470,3933,3383,550
E33030585,323,50,16,34,273,225,48
E33030586,784,123,38,85,661,524,137
E33030587,300,40,13,27,260,201,59
E33030588,450,65,21,44,385,340,45
E33030589,645,58,21,37,587,464,123
E33030590,650,179,72,107,471,325,146
E33030591,366,186,49,137,180,151,29
E33030592,450,145,36,109,305,250,55
E33030593,246,66,24,42,180,145,35
E33030594,531,67,15,52,464,401,63
E33030595,689,108,21,87,581,518,63
E33030596,367,79,28,51,288,265,23
E33030597,653,118,38,80,535,431,104
E33030598,1375,178,56,122,1197,958,239
E33030599,886,92,28,64,794,689,105
E33030600,1314,183,74,109,1131,897,234
E33030601,365,44,14,30,321,263,58
E33030602,455,92,27,65,363,307,56
E33030603,388,72,28,44,316,254,62
E33030604,391,74,22,52,317,277,40
E33030605,2405,266,75,191,2139,1744,395
E33030606,1958,94,20,74,1864,1213,651
E33030607,332,61,17,44,271,216,55
E33030608,1121,75,29,46,1046,669,377
E33030609,1604,136,37,99,1468,1126,342
E33030610,240,57,14,43,183,159,24
E33030611,193,41,20,21,152,114,38
E33030612,6366,346,75,271,6020,4088,1932
E33030613,353,65,19,46,288,239,49
E33030614,869,117,19,98,752,675,77
E33030615,1411,148,26,122,1263,983,280
E33030616,477,187,50,137,290,230,60
E33030617,310,173,53,120,137,116,21
E33030618,244,82,26,56,162,151,11
E33030619,239,114,42,72,125,105,20
E33030620,548,182,55,127,366,316,50
E33030621,757,91,28,63,666,512,154
E33030622,228,47,12,35,181,161,20
E33030623,952,84,26,58,868,683,185
E33030624,640,60,22,38,580,468,112
E33030625,857,202,77,125,655,483,172
E33030626,1371,118,33,85,1253,930,323
E33030627,740,243,59,184,497,434,63
E33030628,394,78,22,56,316,253,63
E33030629,1054,242,41,201,812,720,92
E33030630,282,87,28,59,195,175,20
E33030631,340,83,27,56,257,184,73
E33030632,242,88,20,68,154,135,19
E33030633,223,95,32,63,128,94,34
E33030634,776,406,143,263,370,322,48
E33030635,289,112,30,82,177,154,23
E33030636,874,481,175,306,393,352,41
E33030637,1602,195,56,139,1407,1290,117
E33030638,502,188,48,140,314,261,53
E33030639,372,117,51,66,255,217,38
E33030640,667,126,38,88,541,429,112
E33030641,237,105,25,80,132,100,32
E33030642,661,273,71,202,388,308,80
E33030643,321,175,68,107,146,128,18
E33030644,1313,142,49,93,1171,953,218
E33030645,1084,183,62,121,901,822,79
E33030646,1398,300,79,221,1098,997,101
E33030647,683,112,32,80,571,477,94
E33030648,215,66,18,48,149,116,33
E33030649,775,169,48,121,606,482,124
E33030650,400,75,14,61,325,219,106
E33030651,1765,184,47,137,1581,1273,308
E33030652,221,37,8,29,184,149,35
E33030653,297,51,9,42,246,186,60
E33030654,2824,297,99,198,2527,1891,636
E33030655,212,41,9,32,171,141,30
E33030656,808,51,10,41,757,640,117
E33030657,373,55,13,42,318,272,46
E33030658,1279,76,22,54,1203,923,280
E33030659,1123,141,25,116,982,726,256
E33030660,894,78,21,57,816,607,209
E33030661,1122,65,19,46,1057,891,166
E33030662,277,117,25,92,160,113,47
E33030663,233,77,36,41,156,130,26
E33030664,664,214,48,166,450,365,85
E33030665,654,102,41,61,552,401,151
E33030666,1364,263,81,182,1101,800,301
E33030667,494,50,14,36,444,353,91
E33030668,807,195,76,119,612,496,116
E33030669,4125,337,75,262,3788,2098,1690
E33030670,627,132,51,81,495,363,132
E33030671,372,81,14,67,291,226,65
E33030672,452,115,28,87,337,272,65
E33030673,251,29,11,18,222,187,35
E33030674,128,27,7,20,101,84,17
E33030675,518,156,47,109,362,309,53
E33030676,521,87,26,61,434,399,35
E33030677,217,73,15,58,144,123,21
E33030678,1048,71,22,49,977,739,238
E33030679,586,72,14,58,514,376,138
E33030680,5542,192,51,141,5350,3185,2165
E33030681,364,28,13,15,336,220,116
E33030682,645,186,39,147,459,376,83
E33030683,278,89,17,72,189,165,24
E33030684,474,66,8,58,408,330,78
E33030685,249,34,15,19,215,170,45
E33030686,429,146,28,118,283,191,92
E33030687,637,164,42,122,473,399,74
E33030688,290,148,99,49,142,119,23
E33030689,773,46,8,38,727,638,89
E33030690,1115,98,29,69,1017,824,193
E33030691,1264,85,33,52,1179,938,241
E33030692,245,43,15,28,202,151,51
E33030693,3806,342,103,239,3464,3074,390
E33030694,831,133,48,85,698,607,91
E33030695,487,123,54,69,364,323,41
E33030696,1028,246,72,174,782,721,61
E33030697,1213,278,76,202,935,729,206
E33030698,1017,507,196,311,510,450,60
E33030699,394,120,28,92,274,218,56
E33030700,350,133,26,107,217,178,39
E33030701,1134,210,62,148,924,801,123
E33030702,494,76,9,67,418,359,59
E33030703,344,81,30,51,263,240,23
E33030704,211,67,16,51,144,106,38
E33030705,596,145,31,114,451,406,45
E33030706,275,103,25,78,172,121,51
E33030707,345,93,23,70,252,187,65
E33030708,849,205,61,144,644,533,111
E33030709,713,479,209,270,234,194,40
E33030710,502,119,29,90,383,355,28
E33030711,225,102,29,73,123,96,27
E33030712,469,39,12,27,430,382,48
E33030713,752,202,58,144,550,374,176
E33030714,359,126,52,74,233,174,59
E33030715,373,188,51,137,185,164,21
E33030716,293,119,28,91,174,123,51
E33030717,445,94,21,73,351,287,64
E33030718,294,90,16,74,204,143,61
E33030719,753,117,33,84,636,467,169
E33030720,672,109,35,74,563,436,127
E33030721,493,87,28,59,406,320,86
E33030722,740,116,22,94,624,572,52
E33030723,737,115,40,75,622,529,93
E33030724,2283,572,170,402,1711,1563,148
E33030725,468,102,41,61,366,277,89
E33030726,274,43,10,33,231,164,67
E33030727,386,112,52,60,274,190,84
E33030728,482,229,94,135,253,220,33
E33030729,432,207,71,136,225,184,41
E33030730,364,81,23,58,283,211,72
E33030731,318,169,81,88,149,130,19
E33030732,286,77,25,52,209,180,29
E33030733,495,148,39,109,347,294,53
E33030734,215,99,44,55,116,99,17
E33030735,362,65,15,50,297,264,33
E33030736,230,67,27,40,163,130,33
E33030737,277,76,22,54,201,161,40
E33030738,208,107,61,46,101,86,15
E33030739,200,51,21,30,149,95,54
E33030740,854,294,120,174,560,470,90
E33030741,247,28,8,20,219,184,35
E33030742,640,76,31,45,564,445,119
E33030743,406,68,32,36,338,222,116
E33030744,2085,319,66,253,1766,1580,186
E33030745,1025,123,23,100,902,707,195
E33030746,753,100,24,76,653,434,219
E33030747,308,62,12,50,246,184,62
E33030748,515,95,35,60,420,350,70
E33030749,208,31,8,23,177,138,39
E33030750,294,66,25,41,228,208,20
E33030751,225,63,34,29,162,125,37
E33030752,421,159,43,116,262,218,44
E33030753,222,39,11,28,183,141,42
E33030754,374,42,12,30,332,249,83
E33030755,763,395,176,219,368,345,23
E33030756,840,147,46,101,693,539,154
E33030757,560,267,128,139,293,263,30
E33030758,244,69,24,45,175,141,34
E33030759,245,60,21,39,185,107,78
E33030760,619,101,29,72,518,407,111
E33030761,382,58,15,43,324,267,57
E33030762,576,63,22,41,513,445,68
E33030763,1276,301,127,174,975,781,194
E33030764,7086,1256,318,938,5830,5042,788
E33030765,145,56,13,43,89,72,17
E33030766,212,48,10,38,164,140,24
E33030767,455,125,33,92,330,261,69
E33030768,238,78,30,48,160,130,30
E33030769,434,28,9,19,406,338,68
E33030770,219,68,29,39,151,95,56
E33030771,933,58,15,43,875,670,205
E33030772,259,56,15,41,203,160,43
E33030773,1142,166,51,115,976,823,153
E33030774,924,165,36,129,759,599,160
E33030775,606,184,46,138,422,356,66
E33030776,668,120,27,93,548,402,146
E33030777,842,239,93,146,603,554,49
E33030778,308,47,17,30,261,185,76
E33030779,562,137,52,85,425,311,114
E33030780,285,64,17,47,221,183,38
E33030781,693,220,76,144,473,376,97
E33030782,1000,136,40,96,864,618,246
E33030783,282,40,16,24,242,187,55
E33030784,726,268,148,120,458,393,65
E33030785,545,60,19,41,485,395,90
E33030786,260,57,19,38,203,144,59
E33030787,871,68,7,61,803,647,156
E33030788,298,83,30,53,215,153,62
E33030789,281,35,10,25,246,188,58
E33030790,4193,179,69,110,4014,2033,1981
E33030791,289,62,29,33,227,200,27
E33030792,287,42,14,28,245,213,32
E33030793,719,43,11,32,676,536,140
E33030794,274,85,27,58,189,153,36
E33030795,819,70,20,50,749,699,50
E33030796,240,69,25,44,171,121,50
E33030797,306,53,17,36,253,181,72
E33030798,509,63,18,45,446,363,83
E33030799,277,58,15,43,219,195,24
E33030800,643,232,76,156,411,363,48
E33030801,242,74,19,55,168,142,26
E33030802,473,74,29,45,399,246,153
E33030803,2416,285,61,224,2131,1746,385
E33030804,289,37,16,21,252,208,44
E33030805,998,166,59,107,832,678,154
E33030806,353,90,25,65,263,203,60
E33030807,723,62,26,36,661,501,160
E33030808,269,88,25,63,181,149,32
E33030809,396,30,11,19,366,298,68
E33030810,247,82,15,67,165,138,27
E33030811,536,83,18,65,453,388,65
E33030812,308,66,25,41,242,169,73
E33030813,428,108,31,77,320,250,70
E33030814,357,27,6,21,330,213,117
E33030815,580,73,16,57,507,349,158
E33030816,262,20,4,16,242,179,63
E33030817,217,28,3,25,189,127,62
E33030818,772,53,19,34,719,521,198
E33030819,1040,67,19,48,973,657,316
E33030820,385,36,14,22,349,298,51
E33030821,291,15,7,8,276,234,42
E33030822,683,47,17,30,636,391,245
E33030823,206,32,8,24,174,136,38
E33030824,584,66,30,36,518,372,146
E33030825,216,49,16,33,167,136,31
E33030826,475,108,38,70,367,277,90
E33030827,643,156,64,92,487,374,113
E33030828,1361,37,10,27,1324,872,452
E33030829,234,21,6,15,213,145,68
E33030830,928,36,12,24,892,498,394
E33030831,649,93,23,70,556,415,141
E33030832,260,55,9,46,205,150,55
E33030833,236,108,39,69,128,103,25
E33030834,295,100,41,59,195,174,21
E33030835,537,167,45,122,370,294,76
E33030836,237,45,9,36,192,138,54
E33030837,426,165,42,123,261,225,36
E33030838,310,71,22,49,239,195,44
E33030839,656,83,22,61,573,420,153
E33030840,1236,235,65,170,1001,907,94
E33030841,915,190,66,124,725,590,135
E33030842,223,42,12,30,181,155,26
E33030843,664,144,31,113,520,479,41
E33030844,555,37,10,27,518,379,139
E33030845,345,49,14,35,296,246,50
E33030846,199,41,19,22,158,126,32
E33030847,463,142,57,85,321,262,59
E33030848,336,37,9,28,299,232,67
E33030849,217,30,6,24,187,156,31
E33030850,250,46,19,27,204,165,39
E33030851,321,63,17,46,258,220,38
E33030852,196,24,6,18,172,131,41
E33030853,283,35,8,27,248,212,36
E33030854,349,66,28,38,283,217,66
E33030855,390,32,10,22,358,276,82
E33030856,499,30,11,19,469,386,83
E33030857,390,32,5,27,358,264,94
E33030858,375,70,23,47,305,245,60
E33030859,473,60,17,43,413,313,100
E33030860,702,146,56,90,556,475,81
E33030861,778,70,17,53,708,546,162
E33030862,951,122,35,87,829,706,123
E33030863,259,48,19,29,211,166,45
E33030864,199,32,8,24,167,144,23
E33030865,378,52,20,32,326,285,41
E33030866,202,54,8,46,148,129,19
E33030867,218,38,9,29,180,157,23
E33030868,637,126,37,89,511,441,70
E33030869,943,172,60,112,771,665,106
E33030870,220,56,16,40,164,127,37
E33030871,661,43,10,33,618,450,168
E33030872,211,23,8,15,188,132,56
E33030873,799,62,25,37,737,588,149
E33030874,205,50,13,37,155,112,43
E33030875,636,55,12,43,581,462,119
E33030876,251,40,14,26,211,153,58
E33030877,454,49,19,30,405,269,136
E33030878,976,52,13,39,924,578,346
E33030879,1199,87,21,66,1112,914,198
E33030880,1620,107,22,85,1513,826,687
E33030881,372,82,26,56,290,203,87
E33030882,303,53,26,27,250,196,54
E33030883,453,112,39,73,341,259,82
E33030884,533,149,46,103,384,299,85
E33030885,285,26,8,18,259,218,41
E33030886,225,29,17,12,196,161,35
E33030887,1131,243,134,109,888,693,195
E33030888,558,30,9,21,528,171,357
E33030889,496,27,10,17,469,345,124
E33030890,1025,479,107,372,546,518,28
E33030891,611,151,61,90,460,364,96
E33030892,243,53,14,39,190,145,45
E33030893,203,31,7,24,172,147,25
E33030894,841,59,15,44,782,474,308
E33030895,286,29,11,18,257,223,34
E33030896,691,70,34,36,621,427,194
E33030897,205,55,18,37,150,105,45
E33030898,248,32,9,23,216,165,51
E33030899,201,33,10,23,168,112,56
E33030900,1582,128,40,88,1454,942,512
E33030901,245,37,14,23,208,152,56
E33030902,198,32,4,28,166,106,60
E33030903,340,29,8,21,311,222,89
E33030904,220,72,17,55,148,123,25
E33030905,358,40,7,33,318,250,68
E33030906,364,62,16,46,302,242,60
E33030907,241,64,29,35,177,140,37
E33030908,269,38,10,28,231,203,28
E33030909,233,49,19,30,184,129,55
E33030910,239,60,22,38,179,128,51
E33030911,564,116,21,95,448,402,46
E33030912,455,47,12,35,408,264,144
E33030913,195,32,7,25,163,121,42
E33030914,219,50,19,31,169,137,32
E33030915,237,71,18,53,166,131,35
E33030916,200,22,10,12,178,124,54
E33030917,246,31,6,25,215,163,52
E33030918,1012,76,36,40,936,600,336
E33030919,334,59,18,41,275,201,74
E33030920,254,51,10,41,203,176,27
E33030921,222,50,23,27,172,128,44
E33030922,230,54,19,35,176,131,45
E33030923,230,49,15,34,181,154,27
E33030924,200,32,9,23,168,140,28
E33030925,353,40,15,25,313,233,80
E33030926,241,31,13,18,210,173,37
E33030927,212,33,12,21,179,128,51
E33030928,294,48,16,32,246,188,58
E33030929,226,24,10,14,202,161,41
E33030930,204,52,11,41,152,129,23
E33030931,786,79,17,62,707,555,152
E33030932,213,45,19,26,168,145,23
E33030933,352,88,37,51,264,222,42
E33030934,2400,540,197,343,1860,1651,209
E33030935,382,120,31,89,262,223,39
E33030936,233,67,19,48,166,119,47
E33030937,365,30,6,24,335,254,81
E33030938,307,45,7,38,262,198,64
E33030939,414,124,43,81,290,238,52
E33030940,216,38,11,27,178,160,18
E33030941,485,87,26,61,398,347,51
E33030942,722,94,28,66,628,568,60
E33030943,408,62,17,45,346,296,50
E33030944,1450,263,95,168,1187,984,203
E33030945,265,40,8,32,225,181,44
E33030946,663,93,21,72,570,526,44
E33030947,250,87,23,64,163,131,32
E33030948,353,88,21,67,265,228,37
E33030949,293,62,19,43,231,191,40
E33030950,1164,98,23,75,1066,704,362
E33030951,218,47,10,37,171,130,41
E33030952,144,70,25,45,74,54,20
E33030953,265,61,18,43,204,133,71
E33030954,234,72,16,56,162,128,34
E33030955,427,68,16,52,359,282,77
E33030956,1100,101,26,75,999,849,150
E33030957,902,170,39,131,732,674,58
E33030958,386,103,28,75,283,204,79
E33030959,217,66,27,39,151,103,48
E33030960,215,71,22,49,144,100,44
E33030961,227,61,13,48,166,126,40
E33030962,256,93,33,60,163,137,26
E33030963,441,37,7,30,404,293,111
E33030964,336,64,15,49,272,229,43
E33030965,237,42,3,39,195,159,36
E33030966,654,119,42,77,535,456,79
E33030967,354,48,6,42,306,253,53
E33030968,247,46,19,27,201,175,26
E33030969,372,17,6,11,355,248,107
E33030970,1453,158,38,120,1295,1033,262
E33030971,1354,69,16,53,1285,972,313
E33030972,617,42,14,28,575,400,175
E33030973,227,41,7,34,186,160,26
E33030974,496,34,12,22,462,381,81
E33030975,384,26,7,19,358,274,84
E33030976,2767,772,507,265,1995,1560,435
E33030977,602,97,24,73,505,373,132
E33030978,259,60,18,42,199,166,33
E33030979,824,102,21,81,722,599,123
E33030980,479,97,22,75,382,329,53
E33030981,275,16,3,13,259,87,172
E33030982,623,49,11,38,574,337,237
E33030983,434,29,10,19,405,284,121
E33030984,2237,158,37,121,2079,1662,417
E33030985,822,88,11,77,734,686,48
E33030986,502,61,35,26,441,315,126
E33030987,205,40,9,31,165,124,41
E33030988,497,62,14,48,435,381,54
E33030989,303,54,5,49,249,160,89
E33030990,1209,82,20,62,1127,767,360
E33030991,746,143,67,76,603,389,214
E33030992,414,54,8,46,360,277,83
E33030993,644,60,12,48,584,438,146
E33030994,377,73,34,39,304,211,93
E33030995,695,33,13,20,662,459,203
E33030996,883,131,24,107,752,673,79
E33030997,295,28,11,17,267,219,48
E33030998,720,37,15,22,683,508,175
E33030999,478,65,16,49,413,358,55
E33031000,643,62,12,50,581,566,15
E33031001,915,238,140,98,677,492,185
E33031002,245,36,12,24,209,161,48
E33031003,1067,115,25,90,952,687,265
E33031004,1109,109,34,75,1000,755,245
E33031005,211,30,6,24,181,134,47
E33031006,1815,408,190,218,1407,1052,355
E33031007,301,57,11,46,244,146,98
E33031008,289,38,9,29,251,208,43
E33031009,300,49,16,33,251,174,77
E33031010,681,108,51,57,573,368,205
E33031011,250,52,18,34,198,137,61
E33031012,916,70,27,43,846,675,171
E33031013,257,53,11,42,204,143,61
E33031014,267,46,18,28,221,154,67
E33031015,761,66,17,49,695,439,256
E33031016,1452,133,23,110,1319,1040,279
E33031017,444,35,10,25,409,243,166
E33031018,244,14,2,12,230,141,89
E33031019,325,63,28,35,262,208,54
E33031020,223,48,25,23,175,145,30
E33031021,397,92,36,56,305,216,89
E33031022,418,109,32,77,309,254,55
E33031023,193,76,26,50,117,103,14
E33031024,434,111,25,86,323,263,60
E33031025,305,47,14,33,258,179,79
E33031026,508,104,47,57,404,330,74
E33031027,239,41,12,29,198,158,40
E33031028,590,52,10,42,538,380,158
E33031029,283,47,16,31,236,177,59
E33031030,2512,663,204,459,1849,1438,411
E33031031,266,37,7,30,229,193,36
E33031032,241,44,9,35,197,155,42
E33031033,272,24,7,17,248,191,57
E33031034,871,59,8,51,812,569,243
E33031035,528,128,24,104,400,273,127
E33031036,573,200,83,117,373,331,42
E33031037,296,61,18,43,235,186,49
E33031038,259,48,13,35,211,165,46
E33031039,952,259,96,163,693,571,122
E33031040,313,42,20,22,271,196,75
E33031041,272,71,12,59,201,140,61
E33031042,219,56,23,33,163,138,25
E33031043,375,40,7,33,335,218,117
E33031044,1627,212,67,145,1415,1146,269
E33031045,486,77,24,53,409,354,55
E33031046,228,14,5,9,214,161,53
E33031047,402,46,18,28,356,265,91
E33031048,286,46,24,22,240,171,69
E33031049,410,85,21,64,325,270,55
E33031050,315,59,18,41,256,190,66
E33031051,780,197,44,153,583,454,129
E33031052,452,34,8,26,418,352,66
E33031053,226,35,6,29,191,128,63
E33031054,988,69,25,44,919,534,385
E33031055,677,44,18,26,633,324,309
E33031056,522,60,9,51,462,337,125
E33031057,226,28,7,21,198,143,55
E33031058,476,137,23,114,339,305,34
E33031059,294,37,9,28,257,182,75
E33031060,344,36,13,23,308,207,101
E33031061,796,73,13,60,723,622,101
E33031062,424,21,7,14,403,336,67
E33031063,291,21,3,18,270,201,69
E33031064,808,73,25,48,735,453,282
E33031065,220,18,6,12,202,166,36
E33031066,1070,174,44,130,896,634,262
E33031067,411,112,15,97,299,248,51
E33031068,683,66,19,47,617,540,77
E33031069,1081,306,88,218,775,671,104
E33031070,277,33,7,26,244,158,86
E33031071,384,26,8,18,358,214,144
E33031072,371,43,13,30,328,242,86
E33031073,373,37,7,30,336,296,40
E33031074,291,103,44,59,188,143,45
E33031075,205,50,24,26,155,114,41
E33031076,415,24,5,19,391,224,167
E33031077,1181,114,33,81,1067,913,154
E33031078,928,110,25,85,818,643,175
E33031079,214,64,10,54,150,126,24
E33031080,357,19,5,14,338,244,94
E33031081,971,70,18,52,901,346,555
E33031082,1164,97,32,65,1067,701,366
E33031083,336,32,12,20,304,248,56
E33031084,190,27,5,22,163,139,24
E33031085,409,29,8,21,380,295,85
E33031086,5132,324,72,252,4808,4025,783
E33031087,229,61,10,51,168,125,43
E33031088,458,56,20,36,402,291,111
E33031089,280,44,12,32,236,206,30
E33031090,1781,158,36,122,1623,1351,272
E33031091,730,57,15,42,673,481,192
E33031092,1149,82,16,66,1067,693,374
E33031093,537,44,18,26,493,357,136
E33031094,561,58,18,40,503,441,62
E33031095,4091,311,64,247,3780,2420,1360
E33031096,312,55,8,47,257,201,56
E33031097,722,73,17,56,649,463,186
E33031098,7542,460,115,345,7082,5779,1303
E33031099,260,30,10,20,230,187,43
E33031100,468,37,10,27,431,354,77
E33031101,327,27,13,14,300,206,94
E33031102,241,25,8,17,216,169,47
E33031103,294,30,7,23,264,186,78
E33031104,410,29,7,22,381,242,139
E33031105,516,56,11,45,460,294,166
E33031106,478,41,13,28,437,317,120
E33031107,374,52,18,34,322,254,68
E33031108,217,27,4,23,190,121,69
E33031109,812,97,31,66,715,461,254
E33031110,405,37,13,24,368,288,80
E33031111,1165,63,24,39,1102,789,313
E33031112,463,46,15,31,417,272,145
E33031113,361,46,15,31,315,219,96
E33031114,653,56,17,39,597,361,236
E33031115,262,35,5,30,227,177,50
E33031116,322,57,16,41,265,193,72
E33031117,513,45,18,27,468,309,159
E33031118,330,25,4,21,305,214,91
E33031119,2308,248,89,159,2060,1401,659
E33031120,239,33,9,24,206,163,43
E33031121,540,66,26,40,474,334,140
E33031122,739,73,28,45,666,482,184
E33031123,316,21,2,19,295,152,143
E33031124,290,21,4,17,269,182,87
E33031125,260,58,20,38,202,170,32
E33031126,365,34,8,26,331,251,80
E33031127,415,41,13,28,374,278,96
E33031128,150,21,2,19,129,113,16
E33031129,679,80,31,49,599,403,196
E33031130,331,24,11,13,307,171,136
E33031131,326,56,17,39,270,195,75
E33031132,337,26,10,16,311,185,126
E33031133,511,41,17,24,470,245,225
E33031134,375,55,5,50,320,254,66
E33031135,305,29,11,18,276,193,83
E33031136,1142,74,10,64,1068,960,108
E33031137,453,38,11,27,415,344,71
E33031138,207,17,3,14,190,138,52
E33031139,2021,212,54,158,1809,1645,164
E33031140,374,50,20,30,324,274,50
E33031141,3195,211,60,151,2984,2811,173
E33031142,483,63,14,49,420,283,137
E33031143,714,49,12,37,665,451,214
E33031144,308,96,22,74,212,181,31
E33031145,1317,121,37,84,1196,916,280
E33031146,388,44,17,27,344,294,50
E33031147,2331,219,30,189,2112,1923,189
E33031148,3197,298,142,156,2899,2052,847
E33031149,390,46,11,35,344,275,69
E33031150,304,52,9,43,252,160,92
E33031151,480,53,10,43,427,363,64
E33031152,217,41,8,33,176,146,30
E33031153,209,21,9,12,188,142,46
E33031154,2394,204,39,165,2190,1909,281
E33031155,3948,496,111,385,3452,2290,1162
E33031156,281,79,23,56,202,166,36
E33031157,882,48,10,38,834,666,168
E33031158,1149,140,33,107,1009,879,130
E33031159,2194,158,28,130,2036,1823,213
E33031160,450,66,10,56,384,314,70
E33031161,363,43,10,33,320,276,44
E33031162,849,95,17,78,754,671,83
E33031163,439,87,16,71,352,310,42
E33031164,329,41,16,25,288,234,54
E33031165,305,22,3,19,283,230,53
E33031166,570,85,28,57,485,445,40
E33031167,291,43,14,29,248,210,38
E33031168,270,68,23,45,202,111,91
E33031169,230,38,30,8,192,172,20
E33031170,400,76,26,50,324,264,60
E33031171,284,64,13,51,220,196,24
E33031172,280,37,14,23,243,186,57
E33031173,398,52,8,44,346,246,100
E33031174,447,62,19,43,385,295,90
E33031175,640,77,24,53,563,501,62
E33031176,216,41,16,25,175,145,30
E33031177,1382,122,31,91,1260,1027,233
E33031178,569,121,24,97,448,375,73
E33031179,357,37,9,28,320,237,83
E33031180,477,53,8,45,424,382,42
E33031181,236,42,10,32,194,148,46
E33031182,1103,94,28,66,1009,907,102
E33031183,337,40,15,25,297,205,92
E33031184,146,66,28,38,80,69,11
E33031185,589,124,27,97,465,350,115
E33031186,352,57,24,33,295,230,65
E33031187,262,85,24,61,177,146,31
E33031188,212,44,10,34,168,138,30
E33031189,225,53,14,39,172,130,42
E33031190,1601,125,32,93,1476,1114,362
E33031191,277,29,20,9,248,210,38
E33031192,1354,155,18,137,1199,1104,95
E33031193,312,46,13,33,266,134,132
E33031194,363,40,15,25,323,206,117
E33031195,305,79,27,52,226,176,50
E33031196,557,78,31,47,479,402,77
E33031197,348,26,8,18,322,261,61
E33031198,3109,471,142,329,2638,2111,527
E33031199,463,46,7,39,417,371,46
E33031200,274,40,15,25,234,164,70
E33031201,428,53,15,38,375,319,56
E33031202,279,40,14,26,239,195,44
E33031203,1567,127,41,86,1440,1074,366
E33031204,619,37,13,24,582,471,111
E33031205,1689,155,27,128,1534,1293,241
E33031206,339,64,20,44,275,236,39
E33031207,937,105,26,79,832,708,124
E33031208,430,80,28,52,350,246,104
E33031209,3082,371,101,270,2711,2398,313
E33031210,163,17,6,11,146,103,43
E33031211,887,194,62,132,693,610,83
E33031212,1777,215,65,150,1562,1165,397
E33031213,3013,159,48,111,2854,1959,895
E33031214,738,45,16,29,693,538,155
E33031215,214,44,15,29,170,123,47
E33031216,1039,343,112,231,696,617,79
E33031217,399,47,19,28,352,295,57
E33031218,514,52,16,36,462,347,115
E33031219,268,51,14,37,217,179,38
E33031220,346,78,20,58,268,214,54
E33031221,670,90,18,72,580,509,71
E33031222,589,40,15,25,549,372,177
E33031223,558,36,8,28,522,425,97
E33031224,637,95,19,76,542,461,81
E33031225,527,62,14,48,465,347,118
E33031226,567,70,23,47,497,418,79
E33031227,220,61,17,44,159,118,41
E33031228,305,34,8,26,271,193,78
E33031229,414,15,7,8,399,269,130
E33031230,220,50,17,33,170,133,37
E33031231,268,62,18,44,206,174,32
E33031232,251,25,8,17,226,159,67
E33031233,364,32,14,18,332,183,149
E33031234,322,12,7,5,310,197,113
E33031235,373,39,17,22,334,247,87
E33031236,238,37,14,23,201,150,51
E33031237,259,32,15,17,227,126,101
E33031238,308,114,54,60,194,166,28
E33031239,301,54,16,38,247,164,83
E33031240,315,64,25,39,251,206,45
E33031241,348,46,10,36,302,241,61
E33031242,250,46,18,28,204,146,58
E33031243,283,48,22,26,235,191,44
E33031244,857,107,28,79,750,628,122
E33031245,584,94,35,59,490,352,138
E33031246,196,43,8,35,153,103,50
E33031247,269,24,9,15,245,163,82
E33031248,580,53,12,41,527,257,270
E33031249,502,133,54,79,369,323,46
E33031250,295,38,8,30,257,188,69
E33031251,207,16,5,11,191,137,54
E33031252,431,14,7,7,417,333,84
E33031253,306,39,9,30,267,210,57
E33031254,272,31,8,23,241,203,38
E33031255,412,69,13,56,343,246,97
E33031256,236,31,10,21,205,161,44
E33031257,408,75,18,57,333,271,62
E33031258,312,19,1,18,293,195,98
E33031259,310,86,23,63,224,203,21
E33031260,398,54,17,37,344,274,70
E33031261,597,67,14,53,530,427,103
E33031262,849,59,15,44,790,567,223
E33031263,303,54,7,47,249,177,72
E33031264,502,135,33,102,367,306,61
E33031265,506,73,22,51,433,306,127
E33031266,262,62,15,47,200,147,53
E33031267,390,47,10,37,343,199,144
E33031268,279,43,18,25,236,165,71
E33031269,261,25,2,23,236,175,61
E33031270,236,57,26,31,179,135,44
E33031271,225,24,9,15,201,119,82
E33031272,950,106,30,76,844,444,400
E33031273,196,22,8,14,174,146,28
E33031274,228,37,13,24,191,135,56
E33031275,343,50,30,20,293,252,41
E33031276,213,15,4,11,198,125,73
E33031277,637,16,2,14,621,286,335
E33031278,1459,49,21,28,1410,719,691
E33031279,213,24,8,16,189,122,67
E33031280,224,18,5,13,206,138,68
E33031281,306,55,9,46,251,228,23
E33031282,360,55,14,41,305,226,79
E33031283,502,64,11,53,438,282,156
E33031284,221,47,19,28,174,138,36
E33031285,498,30,11,19,468,192,276
E33031286,1304,57,15,42,1247,633,614
E33031287,313,23,3,20,290,202,88
E33031288,232,20,4,16,212,125,87
E33031289,243,30,11,19,213,124,89
E33031290,304,28,4,24,276,220,56
E33031291,197,29,9,20,168,118,50
E33031292,355,46,15,31,309,255,54
E33031293,262,36,15,21,226,157,69
E33031294,1153,54,15,39,1099,567,532
E33031295,262,26,5,21,236,176,60
E33031296,227,33,8,25,194,159,35
E33031297,209,11,2,9,198,127,71
E33031298,392,18,4,14,374,285,89
E33031299,223,22,8,14,201,148,53
E33031300,501,83,24,59,418,285,133
E33031301,345,49,22,27,296,274,22
E33031302,405,43,26,17,362,247,115
E33031303,260,28,11,17,232,186,46
E33031304,350,47,25,22,303,226,77
E33031305,236,26,9,17,210,171,39
E33031306,238,12,3,9,226,176,50
E33031307,359,73,19,54,286,230,56
E33031308,204,29,10,19,175,134,41
E33031309,218,50,11,39,168,138,30
E33031310,463,157,72,85,306,239,67
E33031311,266,44,23,21,222,178,44
E33031312,464,129,58,71,335,266,69
E33031313,238,84,45,39,154,130,24
E33031314,328,130,63,67,198,153,45
E33031315,263,84,35,49,179,154,25
E33031316,288,31,10,21,257,161,96
E33031317,393,29,9,20,364,226,138
E33031318,213,28,7,21,185,130,55
E33031319,209,18,3,15,191,120,71
E33031320,510,49,7,42,461,321,140
E33031321,387,16,2,14,371,192,179
E33031322,998,169,62,107,829,569,260
E33031323,488,33,12,21,455,347,108
E33031324,241,25,5,20,216,99,117
E33031325,573,58,16,42,515,373,142
E33031326,418,42,16,26,376,221,155
E33031327,239,23,6,17,216,133,83
E33031328,228,18,6,12,210,140,70
E33031329,246,27,2,25,219,128,91
E33031330,313,27,3,24,286,189,97
E33031331,347,29,10,19,318,273,45
E33031332,229,28,11,17,201,119,82
E33031333,206,19,6,13,187,145,42
E33031334,294,27,11,16,267,202,65
E33031335,216,32,4,28,184,142,42
E33031336,352,31,7,24,321,260,61
E33031337,724,111,37,74,613,423,190
E33031338,232,16,8,8,216,135,81
E33031339,270,35,9,26,235,131,104
E33031340,231,37,11,26,194,151,43
E33031341,208,37,6,31,171,109,62
E33031342,426,29,6,23,397,260,137
E33031343,223,19,5,14,204,143,61
E33031344,306,50,21,29,256,190,66
E33031345,821,60,18,42,761,562,199
E33031346,315,33,12,21,282,189,93
E33031347,433,50,11,39,383,332,51
E33031348,217,64,18,46,153,125,28
E33031349,645,45,13,32,600,406,194
E33031350,547,103,33,70,444,348,96
E33031351,304,20,2,18,284,207,77
E33031352,315,42,5,37,273,238,35
E33031353,1308,172,43,129,1136,983,153
E33031354,207,38,9,29,169,125,44
E33031355,364,85,15,70,279,236,43
E33031356,201,27,5,22,174,123,51
E33031357,462,55,25,30,407,357,50
E33031358,280,16,7,9,264,209,55
E33031359,553,64,28,36,489,366,123
E33031360,232,39,18,21,193,133,60
E33031361,384,19,9,10,365,308,57
E33031362,327,65,29,36,262,184,78
E33031363,210,26,8,18,184,138,46
E33031364,426,42,12,30,384,297,87
E33031365,373,26,4,22,347,242,105
E33031366,216,36,7,29,180,124,56
E33031367,214,21,7,14,193,141,52
E33031368,519,29,7,22,490,376,114
E33031369,513,40,13,27,473,376,97
E33031370,733,48,11,37,685,615,70
E33031371,313,52,16,36,261,217,44
E33031372,325,25,4,21,300,201,99
E33031373,250,41,9,32,209,151,58
E33031374,411,82,36,46,329,263,66
E33031375,236,46,17,29,190,158,32
E33031376,196,26,5,21,170,135,35
E33031377,219,65,23,42,154,116,38
E33031378,281,45,22,23,236,192,44
E33031379,193,21,3,18,172,138,34
E33031380,219,129,62,67,90,87,3
E33031381,1610,259,120,139,1351,860,491
E33031382,465,100,36,64,365,303,62
E33031383,234,49,21,28,185,134,51
E33031384,267,27,9,18,240,200,40
E33031385,223,32,9,23,191,145,46
E33031386,440,77,30,47,363,270,93
E33031387,579,189,115,74,390,296,94
E33031388,512,43,15,28,469,334,135
E33031389,260,23,9,14,237,165,72
E33031390,232,29,10,19,203,153,50
E33031391,553,97,29,68,456,377,79
E33031392,103,9,2,7,94,66,28
E33031393,2808,1085,425,660,1723,1677,46
E33031394,307,29,10,19,278,177,101
E33031395,290,44,15,29,246,191,55
E33031396,285,54,13,41,231,200,31
E33031397,403,75,38,37,328,272,56
E33031398,394,33,3,30,361,289,72
E33031399,257,24,9,15,233,180,53
E33031400,223,39,8,31,184,147,37
E33031401,251,48,9,39,203,153,50
E33031402,200,32,8,24,168,133,35
E33031403,232,41,18,23,191,119,72
E33031404,522,50,15,35,472,362,110
E33031405,629,129,35,94,500,421,79
E33031406,231,22,8,14,209,154,55
E33031407,223,27,3,24,196,166,30
E33031408,572,48,16,32,524,404,120
E33031409,868,66,27,39,802,600,202
E33031410,554,25,8,17,529,371,158
E33031411,261,58,22,36,203,157,46
E33031412,215,31,9,22,184,146,38
E33031413,427,45,7,38,382,319,63
E33031414,352,34,4,30,318,281,37
E33031415,209,25,8,17,184,146,38
E33031416,281,33,10,23,248,211,37
E33031417,773,67,21,46,706,484,222
E33031418,272,37,14,23,235,183,52
E33031419,368,21,9,12,347,232,115
E33031420,283,41,10,31,242,179,63
E33031421,213,83,28,55,130,99,31
E33031422,239,73,17,56,166,125,41
E33031423,251,25,8,17,226,177,49
E33031424,217,55,11,44,162,101,61
E33031425,361,80,19,61,281,233,48
E33031426,311,39,8,31,272,201,71
E33031427,225,63,20,43,162,112,50
E33031428,289,80,29,51,209,184,25
E33031429,242,56,15,41,186,153,33
E33031430,284,52,16,36,232,192,40
E33031431,285,64,24,40,221,181,40
E33031432,278,27,8,19,251,200,51
E33031433,271,56,17,39,215,144,71
E33031434,436,51,18,33,385,293,92
E33031435,200,34,7,27,166,127,39
E33031436,333,52,17,35,281,201,80
E33031437,321,37,4,33,284,175,109
E33031438,300,98,53,45,202,168,34
E33031439,369,39,25,14,330,192,138
E33031440,271,29,8,21,242,182,60
E33031441,206,30,8,22,176,128,48
E33031442,348,23,8,15,325,241,84
E33031443,313,24,9,15,289,211,78
E33031444,249,64,24,40,185,129,56
E33031445,641,31,9,22,610,416,194
E33031446,489,21,13,8,468,347,121
E33031447,468,39,16,23,429,343,86
E33031448,678,109,39,70,569,324,245
E33031449,253,109,44,65,144,121,23
E33031450,207,35,11,24,172,105,67
E33031451,222,45,17,28,177,136,41
E33031452,287,76,19,57,211,187,24
E33031453,401,63,22,41,338,321,17
E33031454,246,64,24,40,182,124,58
E33031455,382,101,21,80,281,219,62
E33031456,205,33,7,26,172,132,40
E33031457,835,45,12,33,790,600,190
E33031458,216,28,3,25,188,147,41
E33031459,216,28,5,23,188,142,46
E33031460,319,32,9,23,287,190,97
E33031461,389,26,6,20,363,215,148
E33031462,219,29,8,21,190,124,66
E33031463,488,185,65,120,303,266,37
E33031464,239,17,4,13,222,194,28
E33031465,623,97,25,72,526,406,120
E33031466,632,172,51,121,460,403,57
E33031467,278,91,16,75,187,157,30
E33031468,457,59,13,46,398,345,53
E33031469,945,453,161,292,492,409,83
E33031470,2288,218,28,190,2070,1810,260
E33031471,1209,148,56,92,1061,929,132
E33031472,230,19,5,14,211,163,48
E33031473,1943,141,45,96,1802,1447,355
E33031474,232,36,16,20,196,181,15
E33031475,492,56,19,37,436,376,60
E33031476,529,84,32,52,445,363,82
E33031477,738,81,27,54,657,461,196
E33031478,717,57,17,40,660,610,50
E33031479,356,55,19,36,301,223,78
E33031480,461,41,2,39,420,276,144
E33031481,1208,130,35,95,1078,748,330
E33031482,1144,154,24,130,990,694,296
E33031483,515,49,11,38,466,339,127
E33031484,737,85,31,54,652,544,108
E33031485,1832,116,37,79,1716,1292,424
E33031486,327,13,3,10,314,248,66
E33031487,1905,103,23,80,1802,1459,343
E33031488,210,21,3,18,189,134,55
E33031489,295,79,30,49,216,171,45
E33031490,583,52,10,42,531,386,145
E33031491,459,17,11,6,442,364,78
E33031492,443,39,15,24,404,331,73
E33031493,541,63,20,43,478,353,125
E33031494,1695,91,24,67,1604,1161,443
E33031495,746,39,8,31,707,488,219
E33031496,572,23,10,13,549,367,182
E33031497,1365,101,24,77,1264,1006,258
E33031498,509,31,22,9,478,254,224
E33031499,383,99,31,68,284,226,58
E33031500,282,25,8,17,257,172,85
E33031501,2877,218,57,161,2659,1554,1105
E33031502,2236,141,45,96,2095,1369,726
E33031503,2323,236,39,197,2087,1772,315
E33031504,639,96,32,64,543,420,123
E33031505,1332,230,59,171,1102,841,261
E33031506,930,54,14,40,876,554,322
E33031507,1504,101,26,75,1403,1021,382
E33031508,2636,118,21,97,2518,962,1556
E33031509,3387,215,45,170,3172,1895,1277
E33031510,479,36,10,26,443,296,147
E33031511,1068,68,15,53,1000,635,365
E33031512,1488,102,25,77,1386,959,427
E33031513,281,23,6,17,258,182,76
E33031514,736,25,9,16,711,496,215
E33031515,934,119,17,102,815,689,126
E33031516,352,41,14,27,311,222,89
E33031517,2340,142,57,85,2198,1339,859
E33031518,643,41,12,29,602,493,109
E33031519,777,42,16,26,735,608,127
E33031520,1625,103,33,70,1522,953,569
E33031521,5173,250,69,181,4923,3274,1649
E33031522,1155,154,35,119,1001,819,182
E33031523,346,30,5,25,316,181,135
E33031524,1030,57,12,45,973,612,361
E33031525,711,71,18,53,640,529,111
E33031526,914,64,20,44,850,624,226
E33031527,1113,94,43,51,1019,687,332
E33031528,886,307,105,202,579,499,80
E33031529,709,39,9,30,670,406,264
E33031530,1028,83,21,62,945,747,198
E33031531,400,32,7,25,368,259,109
E33031532,3458,106,29,77,3352,1203,2149
E33031533,292,33,10,23,259,210,49
E33031534,1171,66,19,47,1105,650,455
E33031535,1227,84,20,64,1143,661,482
E33031536,1243,50,16,34,1193,824,369
E33031537,696,61,17,44,635,433,202
E33031538,1598,72,23,49,1526,796,730
E33031539,228,19,4,15,209,130,79
E33031540,1310,65,23,42,1245,699,546
E33031541,268,23,2,21,245,163,82
E33031542,190,27,7,20,163,119,44
E33031543,2425,85,33,52,2340,1142,1198
E33031544,418,44,16,28,374,318,56
E33031545,435,23,9,14,412,261,151
E33031546,369,124,52,72,245,184,61
E33031547,816,70,15,55,746,519,227
E33031548,201,32,9,23,169,129,40
E33031549,4318,180,46,134,4138,1932,2206
E33031550,2980,146,37,109,2834,1892,942
E33031551,663,44,9,35,619,509,110
E33031552,581,38,11,27,543,359,184
E33031553,1146,48,8,40,1098,659,439
E33031554,468,36,11,25,432,227,205
E33031555,642,54,25,29,588,400,188
E33031556,570,42,12,30,528,361,167
E33031557,2542,160,42,118,2382,1459,923
E33031558,300,15,4,11,285,172,113
E33031559,3301,166,57,109,3135,2033,1102
E33031560,290,45,13,32,245,188,57
E33031561,474,78,24,54,396,294,102
E33031562,643,40,13,27,603,453,150
E33031563,229,23,9,14,206,158,48
E33031564,6636,269,93,176,6367,3148,3219
E33031565,493,62,23,39,431,309,122
E33031566,672,71,17,54,601,496,105
E33031567,734,38,10,28,696,541,155
E33031568,991,93,34,59,898,661,237
E33031569,1322,87,18,69,1235,726,509
E33031570,230,20,7,13,210,144,66
E33031571,1374,83,17,66,1291,1043,248
E33031572,4921,176,49,127,4745,1523,3222
E33031573,664,32,12,20,632,479,153
E33031574,726,127,50,77,599,450,149
E33031575,504,49,18,31,455,332,123
E33031576,482,57,15,42,425,366,59
E33031577,452,25,7,18,427,356,71
E33031578,506,34,10,24,472,362,110
E33031579,1667,143,42,101,1524,823,701
E33031580,392,27,10,17,365,250,115
E33031581,1134,98,24,74,1036,857,179
E33031582,451,38,14,24,413,297,116
E33031583,1490,83,24,59,1407,914,493
E33031584,1084,72,13,59,1012,832,180
E33031585,207,24,5,19,183,151,32
E33031586,412,28,6,22,384,273,111
E33031587,1040,61,21,40,979,806,173
E33031588,1309,57,17,40,1252,683,569
E33031589,406,50,13,37,356,280,76
E33031590,327,20,4,16,307,262,45
E33031591,1147,121,47,74,1026,724,302
E33031592,2162,158,32,126,2004,1398,606
E33031593,206,32,13,19,174,159,15
E33031594,394,34,9,25,360,305,55
E33031595,1538,62,13,49,1476,872,604
E33031596,960,105,36,69,855,485,370
E33031597,1058,66,10,56,992,766,226
E33031598,347,54,25,29,293,220,73
E33031599,410,44,24,20,366,257,109
E33031600,260,31,23,8,229,167,62
E33031601,358,45,18,27,313,194,119
E33031602,474,43,13,30,431,310,121
E33031603,1316,86,26,60,1230,870,360
E33031604,421,34,4,30,387,325,62
E33031605,357,23,5,18,334,244,90
E33031606,682,49,11,38,633,492,141
E33031607,249,38,14,24,211,167,44
E33031608,1158,44,9,35,1114,669,445
E33031609,1961,104,42,62,1857,1214,643
E33031610,1448,104,27,77,1344,1002,342
E33031611,271,33,9,24,238,178,60
E33031612,418,33,6,27,385,243,142
E33031613,444,18,3,15,426,293,133
E33031614,1155,59,19,40,1096,733,363
E33031615,933,80,16,64,853,498,355
E33031616,755,69,22,47,686,504,182
E33031617,502,53,21,32,449,325,124
E33031618,449,52,17,35,397,271,126
E33031619,303,22,8,14,281,209,72
E33031620,1796,73,18,55,1723,930,793
E33031621,390,43,14,29,347,275,72
E33031622,441,154,71,83,287,209,78
E33031623,1203,91,22,69,1112,678,434
E33031624,227,66,20,46,161,109,52
E33031625,421,249,95,154,172,140,32
E33031626,290,96,25,71,194,172,22
E33031627,381,107,42,65,274,256,18
E33031628,762,159,36,123,603,515,88
E33031629,643,433,149,284,210,186,24
E33031630,1456,341,73,268,1115,1032,83
E33031631,978,634,300,334,344,311,33
E33031632,428,235,96,139,193,175,18
E33031633,176,66,10,56,110,104,6
E33031634,290,92,24,68,198,178,20
E33031635,561,121,34,87,440,425,15
E33031636,457,207,110,97,250,213,37
E33031637,1351,763,305,458,588,511,77
E33031638,345,119,28,91,226,207,19
E33031639,364,125,41,84,239,201,38
E33031640,1705,256,87,169,1449,1098,351
E33031641,832,109,33,76,723,578,145
E33031642,206,64,23,41,142,106,36
E33031643,716,174,82,92,542,489,53
E33031644,385,72,23,49,313,288,25
E33031645,361,88,33,55,273,223,50
E33031646,503,259,129,130,244,219,25
E33031647,1391,482,167,315,909,843,66
E33031648,334,35,7,28,299,256,43
E33031649,594,296,97,199,298,247,51
E33031650,327,128,37,91,199,157,42
E33031651,395,172,45,127,223,190,33
E33031652,418,79,16,63,339,282,57
E33031653,330,44,12,32,286,219,67
E33031654,280,106,39,67,174,150,24
E33031655,577,84,11,73,493,404,89
E33031656,963,134,34,100,829,728,101
E33031657,358,37,11,26,321,271,50
E33031658,979,80,21,59,899,766,133
E33031659,6855,620,192,428,6235,4461,1774
E33031660,4531,240,73,167,4291,3126,1165
E33031661,1715,120,29,91,1595,1265,330
E33031662,2898,296,105,191,2602,1593,1009
E33031663,637,27,6,21,610,454,156
E33031664,864,109,38,71,755,605,150
E33031665,1153,399,174,225,754,614,140
E33031666,2388,106,39,67,2282,1075,1207
E33031667,3042,166,57,109,2876,2281,595
E33031668,6668,502,157,345,6166,4563,1603
E33031669,10924,400,130,270,10524,6029,4495
E33031670,1041,179,44,135,862,798,64
E33031671,2057,359,95,264,1698,1606,92
E33031672,595,31,9,22,564,437,127
E33031673,277,29,6,23,248,193,55
E33031674,3170,204,54,150,2966,2484,482
E33031675,9501,532,137,395,8969,6588,2381
E33031676,8343,537,182,355,7806,4947,2859
E33031677,248,54,22,32,194,150,44
E33031678,11403,508,153,355,10895,6834,4061
E33031679,5941,333,74,259,5608,3846,1762
E33031680,6545,258,75,183,6287,2715,3572
E33031681,6484,211,67,144,6273,2598,3675
E33031682,3516,219,68,151,3297,2753,544
E33031683,334,172,40,132,162,133,29
E33031684,314,76,23,53,238,178,60
E33031685,655,170,58,112,485,420,65
E33031686,409,116,38,78,293,232,61
E33031687,217,39,12,27,178,133,45
E33031688,209,73,15,58,136,97,39
E33031689,298,110,30,80,188,144,44
E33031690,462,160,52,108,302,210,92
E33031691,236,54,10,44,182,120,62
E33031692,508,288,134,154,220,191,29
E33031693,833,134,43,91,699,633,66
E33031694,693,148,54,94,545,474,71
E33031695,750,38,14,24,712,493,219
E33031696,830,469,186,283,361,329,32
E33031697,657,71,26,45,586,465,121
E33031698,763,76,30,46,687,532,155
E33031699,335,52,13,39,283,225,58
E33031700,608,85,30,55,523,407,116
E33031701,248,52,15,37,196,153,43
E33031702,248,64,17,47,184,151,33
E33031703,921,174,49,125,747,572,175
E33031704,570,106,33,73,464,378,86
E33031705,693,76,22,54,617,560,57
E33031706,918,345,94,251,573,487,86
E33031707,434,42,19,23,392,316,76
E33031708,396,32,7,25,364,330,34
E33031709,433,63,27,36,370,284,86
E33031710,3539,256,59,197,3283,2482,801
E33031711,1171,266,44,222,905,803,102
E33031712,320,64,14,50,256,177,79
E33031713,248,57,17,40,191,169,22
E33031714,519,66,11,55,453,357,96
E33031715,327,65,15,50,262,229,33
E33031716,1269,304,71,233,965,811,154
E33031717,514,267,105,162,247,209,38
E33031718,422,179,67,112,243,193,50
E33031719,369,157,66,91,212,170,42
E33031720,390,166,70,96,224,171,53
E33031721,1201,432,177,255,769,618,151
E33031722,126,49,14,35,77,66,11
E33031723,246,35,14,21,211,153,58
E33031724,1091,124,43,81,967,824,143
E33031725,590,114,48,66,476,352,124
E33031726,256,48,15,33,208,167,41
E33031727,844,194,100,94,650,465,185
E33031728,713,160,42,118,553,426,127
E33031729,254,106,31,75,148,135,13
E33031730,227,82,15,67,145,126,19
E33031731,238,87,33,54,151,137,14
E33031732,1114,680,327,353,434,407,27
E33031733,427,143,56,87,284,215,69
E33031734,351,104,40,64,247,217,30
E33031735,468,252,122,130,216,176,40
E33031736,465,133,28,105,332,268,64
E33031737,410,124,34,90,286,228,58
E33031738,2092,722,239,483,1370,1163,207
E33031739,221,66,14,52,155,145,10
E33031740,479,135,53,82,344,285,59
E33031741,335,144,34,110,191,153,38
E33031742,923,69,20,49,854,757,97
E33031743,952,203,92,111,749,606,143
E33031744,4539,396,108,288,4143,3015,1128
E33031745,213,20,10,10,193,148,45
E33031746,330,19,5,14,311,245,66
E33031747,471,158,47,111,313,268,45
E33031748,1472,550,272,278,922,705,217
E33031749,407,111,25,86,296,241,55
E33031750,481,118,35,83,363,318,45
E33031751,252,78,20,58,174,148,26
E33031752,993,600,244,356,393,352,41
E33031753,2543,171,58,113,2372,1974,398
E33031754,402,49,21,28,353,269,84
E33031755,897,144,45,99,753,608,145
E33031756,855,160,75,85,695,513,182
E33031757,654,50,12,38,604,494,110
E33031758,471,88,34,54,383,325,58
E33031759,452,52,17,35,400,320,80
E33031760,383,35,8,27,348,307,41
E33031761,355,43,22,21,312,264,48
E33031762,1284,177,61,116,1107,977,130
E33031763,361,80,14,66,281,210,71
E33031764,670,79,8,71,591,556,35
E33031765,1014,363,200,163,651,514,137
E33031766,273,80,49,31,193,146,47
E33031767,1202,272,79,193,930,739,191
E33031768,1787,403,208,195,1384,1118,266
E33031769,287,76,13,63,211,175,36
E33031770,752,93,35,58,659,624,35
E33031771,855,62,34,28,793,630,163
E33031772,642,88,14,74,554,468,86
E33031773,6368,953,234,719,5415,4598,817
E33031774,1857,150,39,111,1707,1426,281
E33031775,519,42,11,31,477,415,62
E33031776,205,34,13,21,171,145,26
E33031777,272,24,4,20,248,150,98
E33031778,230,69,25,44,161,128,33
E33031779,262,37,5,32,225,181,44
E33031780,306,78,21,57,228,164,64
E33031781,331,33,15,18,298,179,119
E33031782,634,55,13,42,579,531,48
E33031783,258,128,49,79,130,108,22
E33031784,691,85,30,55,606,540,66
E33031785,413,62,17,45,351,294,57
E33031786,1320,179,28,151,1141,980,161
E33031787,484,92,27,65,392,345,47
E33031788,1185,220,52,168,965,841,124
E33031789,316,29,3,26,287,201,86
E33031790,310,55,14,41,255,218,37
E33031791,366,23,7,16,343,227,116
E33031792,1471,159,46,113,1312,1108,204
E33031793,677,50,17,33,627,517,110
E33031794,363,54,19,35,309,208,101
E33031795,729,72,21,51,657,518,139
E33031796,270,44,12,32,226,179,47
E33031797,464,35,7,28,429,359,70
E33031798,241,69,15,54,172,136,36
E33031799,445,180,50,130,265,228,37
E33031800,345,60,27,33,285,225,60
E33031801,337,51,12,39,286,238,48
E33031802,309,64,14,50,245,181,64
E33031803,667,79,19,60,588,517,71
E33031804,294,67,22,45,227,180,47
E33031805,432,199,79,120,233,206,27
E33031806,705,94,36,58,611,573,38
E33031807,1536,310,187,123,1226,1038,188
E33031808,912,344,121,223,568,410,158
E33031809,4822,1003,233,770,3819,3315,504
E33031810,527,192,61,131,335,272,63
E33031811,347,81,22,59,266,236,30
E33031812,277,94,33,61,183,162,21
E33031813,282,71,22,49,211,171,40
E33031814,535,246,110,136,289,246,43
E33031815,253,88,19,69,165,128,37
E33031816,244,21,6,15,223,193,30
E33031817,679,94,30,64,585,547,38
E33031818,277,42,13,29,235,180,55
E33031819,352,38,15,23,314,253,61
E33031820,323,35,16,19,288,232,56
E33031821,230,45,16,29,185,156,29
E33031822,239,10,2,8,229,197,32
E33031823,685,79,18,61,606,544,62
E33031824,652,34,7,27,618,395,223
E33031825,823,72,23,49,751,619,132
E33031826,683,64,12,52,619,482,137
E33031827,579,65,21,44,514,445,69
E33031828,805,57,13,44,748,638,110
E33031829,1029,92,22,70,937,802,135
E33031830,520,45,26,19,475,350,125
E33031831,617,126,65,61,491,389,102
E33031832,318,27,11,16,291,212,79
E33031833,483,45,11,34,438,345,93
E33031834,273,20,6,14,253,206,47
E33031835,578,62,13,49,516,415,101
E33031836,326,49,13,36,277,240,37
E33031837,883,94,31,63,789,726,63
E33031838,554,59,20,39,495,369,126
E33031839,274,61,16,45,213,188,25
E33031840,407,37,6,31,370,286,84
E33031841,417,49,9,40,368,310,58
E33031842,281,38,18,20,243,172,71
E33031843,315,47,9,38,268,236,32
E33031844,224,31,8,23,193,132,61
E33031845,302,31,13,18,271,224,47
E33031846,434,34,8,26,400,324,76
E33031847,266,59,23,36,207,152,55
E33031848,419,22,8,14,397,314,83
E33031849,1276,296,125,171,980,833,147
E33031850,349,58,25,33,291,247,44
E33031851,782,263,104,159,519,421,98
E33031852,796,221,114,107,575,500,75
E33031853,379,138,64,74,241,186,55
E33031854,231,79,27,52,152,122,30
E33031855,211,95,25,70,116,107,9
E33031856,277,56,20,36,221,192,29
E33031857,360,144,56,88,216,180,36
E33031858,365,91,23,68,274,249,25
E33031859,244,99,36,63,145,116,29
E33031860,226,118,49,69,108,98,10
E33031861,1178,672,325,347,506,472,34
E33031862,423,260,138,122,163,152,11
E33031863,370,41,17,24,329,240,89
E33031864,400,214,108,106,186,178,8
E33031865,262,54,15,39,208,172,36
E33031866,910,71,23,48,839,688,151
E33031867,381,66,10,56,315,249,66
E33031868,327,157,58,99,170,152,18
E33031869,576,191,74,117,385,345,40
E33031870,391,164,50,114,227,202,25
E33031871,557,272,118,154,285,255,30
E33031872,767,271,47,224,496,438,58
E33031873,682,130,24,106,552,418,134
E33031874,1141,249,40,209,892,804,88
E33031875,337,21,7,14,316,272,44
E33031876,599,139,17,122,460,456,4
E33031877,386,56,12,44,330,303,27
E33031878,876,32,13,19,844,481,363
E33031879,349,33,13,20,316,201,115
E33031880,1021,59,15,44,962,664,298
E33031881,231,56,13,43,175,135,40
E33031882,236,25,9,16,211,195,16
E33031883,596,160,47,113,436,393,43
E33031884,458,81,12,69,377,354,23
E33031885,300,99,10,89,201,140,61
E33031886,218,27,8,19,191,148,43
E33031887,231,50,13,37,181,137,44
E33031888,493,103,19,84,390,311,79
E33031889,598,129,29,100,469,370,99
E33031890,1211,309,93,216,902,833,69
E33031891,253,71,19,52,182,165,17
E33031892,1782,417,74,343,1365,1231,134
E33031893,258,116,28,88,142,113,29
E33031894,1030,302,95,207,728,652,76
E33031895,311,108,28,80,203,167,36
E33031896,826,182,53,129,644,593,51
E33031897,430,56,16,40,374,322,52
E33031898,1025,70,16,54,955,715,240
E33031899,1400,78,25,53,1322,997,325
E33031900,3254,136,31,105,3118,2365,753
E33031901,446,78,20,58,368,306,62
E33031902,3022,271,67,204,2751,2180,571
E33031903,1184,153,42,111,1031,888,143
E33031904,1396,45,12,33,1351,1058,293
E33031905,2405,364,97,267,2041,1679,362
E33031906,2226,460,117,343,1766,1482,284
E33031907,313,45,21,24,268,219,49
E33031908,412,75,12,63,337,284,53
E33031909,408,108,41,67,300,251,49
E33031910,243,21,3,18,222,152,70
E33031911,283,28,6,22,255,179,76
E33031912,299,43,15,28,256,193,63
E33031913,258,57,14,43,201,151,50
E33031914,229,37,12,25,192,143,49
E33031915,222,43,18,25,179,138,41
E33031916,211,33,16,17,178,115,63
E33031917,484,27,12,15,457,307,150
E33031918,414,39,10,29,375,281,94
E33031919,428,45,16,29,383,307,76
E33031920,632,39,12,27,593,347,246
E33031921,204,41,12,29,163,127,36
E33031922,198,37,17,20,161,134,27
E33031923,411,40,10,30,371,251,120
E33031924,240,31,8,23,209,159,50
E33031925,254,14,4,10,240,164,76
E33031926,212,30,13,17,182,111,71
E33031927,271,65,35,30,206,159,47
E33031928,193,28,9,19,165,114,51
E33031929,315,65,38,27,250,158,92
E33031930,210,51,17,34,159,106,53
E33031931,742,99,32,67,643,465,178
E33031932,393,46,18,28,347,256,91
E33031933,753,168,37,131,585,374,211
E33031934,1051,205,36,169,846,654,192
E33031935,661,123,38,85,538,413,125
E33031936,3575,1366,596,770,2209,1968,241
E33031937,204,28,8,20,176,129,47
E33031938,742,43,13,30,699,586,113
E33031939,960,44,7,37,916,526,390
E33031940,302,70,24,46,232,178,54
E33031941,661,59,16,43,602,498,104
E33031942,485,97,31,66,388,307,81
E33031943,315,53,20,33,262,237,25
E33031944,264,59,24,35,205,181,24
E33031945,1452,557,238,319,895,835,60
E33031946,213,34,7,27,179,128,51
E33031947,261,30,6,24,231,177,54
E33031948,709,33,14,19,676,599,77
E33031949,284,42,13,29,242,188,54
E33031950,576,193,50,143,383,321,62
E33031951,523,199,108,91,324,266,58
E33031952,502,43,12,31,459,323,136
E33031953,373,22,5,17,351,247,104
E33031954,352,45,12,33,307,219,88
E33031955,254,54,14,40,200,148,52
E33031956,426,139,80,59,287,234,53
E33031957,410,135,62,73,275,246,29
E33031958,235,62,24,38,173,149,24
E33031959,1113,63,20,43,1050,891,159
E33031960,1136,101,34,67,1035,784,251
E33031961,216,31,16,15,185,147,38
E33031962,887,130,41,89,757,591,166
E33031963,228,37,8,29,191,152,39
E33031964,215,11,4,7,204,168,36
E33031965,198,43,13,30,155,108,47
E33031966,508,33,5,28,475,310,165
E33031967,276,24,4,20,252,216,36
E33031968,202,33,7,26,169,119,50
E33031969,970,39,18,21,931,592,339
E33031970,334,41,17,24,293,191,102
E33031971,227,39,19,20,188,152,36
E33031972,206,34,13,21,172,129,43
E33031973,199,15,3,12,184,131,53
E33031974,625,26,9,17,599,475,124
E33031975,753,57,16,41,696,541,155
E33031976,225,11,4,7,214,174,40
E33031977,1809,146,51,95,1663,1378,285
E33031978,218,17,3,14,201,152,49
E33031979,1741,226,101,125,1515,1288,227
E33031980,336,59,24,35,277,207,70
E33031981,1212,145,53,92,1067,731,336
E33031982,739,35,8,27,704,590,114
E33031983,210,24,6,18,186,136,50
E33031984,412,34,16,18,378,226,152
E33031985,808,124,48,76,684,556,128
E33031986,358,70,22,48,288,203,85
E33031987,459,89,37,52,370,305,65
E33031988,260,64,25,39,196,170,26
E33031989,226,68,21,47,158,142,16
E33031990,257,72,33,39,185,152,33
E33031991,309,44,16,28,265,225,40
E33031992,284,38,14,24,246,203,43
E33031993,233,19,3,16,214,132,82
E33031994,232,26,15,11,206,170,36
E33031995,318,27,5,22,291,224,67
E33031996,552,51,10,41,501,393,108
E33031997,208,53,19,34,155,131,24
E33031998,341,26,12,14,315,251,64
E33031999,436,88,39,49,348,268,80
E33032000,197,21,8,13,176,124,52
E33032001,251,74,28,46,177,126,51
E33032002,212,36,16,20,176,138,38
E33032003,618,49,14,35,569,426,143
E33032004,415,32,9,23,383,283,100
E33032005,615,47,13,34,568,381,187
E33032006,206,39,20,19,167,133,34
E33032007,359,46,15,31,313,257,56
E33032008,770,47,15,32,723,576,147
E33032009,311,58,12,46,253,205,48
E33032010,628,142,34,108,486,367,119
E33032011,722,66,19,47,656,562,94
E33032012,185,14,7,7,171,109,62
E33032013,286,22,8,14,264,193,71
E33032014,205,50,15,35,155,110,45
E33032015,332,26,11,15,306,237,69
E33032016,375,47,12,35,328,251,77
E33032017,276,32,15,17,244,187,57
E33032018,327,32,8,24,295,155,140
E33032019,263,30,11,19,233,159,74
E33032020,587,74,29,45,513,313,200
E33032021,527,38,9,29,489,368,121
E33032022,244,26,6,20,218,148,70
E33032023,238,33,16,17,205,144,61
E33032024,219,39,12,27,180,117,63
E33032025,237,30,9,21,207,108,99
E33032026,275,28,5,23,247,172,75
E33032027,224,16,8,8,208,141,67
E33032028,651,31,9,22,620,352,268
E33032029,424,55,14,41,369,278,91
E33032030,728,115,39,76,613,459,154
E33032031,202,62,28,34,140,121,19
E33032032,686,73,23,50,613,485,128
E33032033,356,83,30,53,273,206,67
E33032034,480,26,12,14,454,289,165
E33032035,224,14,2,12,210,129,81
E33032036,204,48,16,32,156,103,53
E33032037,266,32,9,23,234,194,40
E33032038,358,73,24,49,285,237,48
E33032039,405,172,90,82,233,211,22
E33032040,242,30,9,21,212,154,58
E33032041,305,52,21,31,253,162,91
E33032042,467,29,11,18,438,260,178
E33032043,244,19,12,7,225,125,100
E33032044,387,42,9,33,345,265,80
E33032045,923,496,324,172,427,273,154
E33032046,1197,87,17,70,1110,667,443
E33032047,284,41,17,24,243,206,37
E33032048,240,28,12,16,212,153,59
E33032049,321,14,5,9,307,204,103
E33032050,327,23,9,14,304,205,99
E33032051,198,19,8,11,179,137,42
E33032052,329,46,7,39,283,191,92
E33032053,948,74,29,45,874,525,349
E33032054,246,21,8,13,225,152,73
E33032055,263,26,9,17,237,154,83
E33032056,473,36,7,29,437,335,102
E33032057,349,22,12,10,327,176,151
E33032058,624,132,33,99,492,384,108
E33032059,623,49,11,38,574,313,261
E33032060,496,66,43,23,430,287,143
E33032061,243,53,7,46,190,136,54
E33032062,561,55,18,37,506,206,300
E33032063,461,63,15,48,398,337,61
E33032064,793,64,16,48,729,489,240
E33032065,235,41,11,30,194,131,63
E33032066,219,70,31,39,149,115,34
E33032067,1686,285,169,116,1401,1111,290
E33032068,3901,293,80,213,3608,2977,631
E33032069,275,28,9,19,247,169,78
E33032070,209,53,6,47,156,110,46
E33032071,296,60,23,37,236,178,58
E33032072,465,58,19,39,407,294,113
E33032073,503,55,20,35,448,289,159
E33032074,211,34,7,27,177,121,56
E33032075,380,46,8,38,334,278,56
E33032076,309,38,8,30,271,223,48
E33032077,293,42,13,29,251,188,63
E33032078,213,31,5,26,182,127,55
E33032079,530,64,11,53,466,344,122
E33032080,962,183,52,131,779,636,143
E33032081,376,42,14,28,334,275,59
E33032082,204,53,6,47,151,131,20
E33032083,1611,650,269,381,961,813,148
E33032084,214,27,12,15,187,151,36
E33032085,202,22,6,16,180,125,55
E33032086,225,28,13,15,197,118,79
E33032087,202,23,6,17,179,132,47
E33032088,459,40,6,34,419,326,93
E33032089,1085,61,25,36,1024,795,229
E33032090,215,47,12,35,168,149,19
E33032091,127,24,6,18,103,70,33
E33032092,1860,175,24,151,1685,1526,159
E33032093,482,29,5,24,453,381,72
E33032094,1868,147,32,115,1721,1441,280
E33032095,770,47,19,28,723,579,144
E33032096,367,61,22,39,306,241,65
E33032097,294,42,10,32,252,222,30
E33032098,606,124,38,86,482,343,139
E33032099,3317,245,38,207,3072,2691,381
E33032100,407,32,8,24,375,290,85
E33032101,1741,169,44,125,1572,1346,226
E33032102,307,27,7,20,280,190,90
E33032103,499,26,2,24,473,364,109
E33032104,7534,559,176,383,6975,5214,1761
E33032105,228,19,6,13,209,160,49
E33032106,243,29,3,26,214,176,38
E33032107,839,55,22,33,784,616,168
E33032108,569,205,90,115,364,290,74
E33032109,4029,631,342,289,3398,2681,717
E33032110,341,114,91,23,227,176,51
E33032111,683,96,19,77,587,554,33
E33032112,1018,337,118,219,681,548,133
E33032113,406,168,54,114,238,205,33
E33032114,246,29,15,14,217,171,46
E33032115,374,45,15,30,329,235,94
E33032116,272,53,17,36,219,161,58
E33032117,199,52,21,31,147,109,38
E33032118,287,45,15,30,242,193,49
E33032119,670,77,24,53,593,441,152
E33032120,438,98,24,74,340,252,88
E33032121,293,58,17,41,235,166,69
E33032122,249,50,11,39,199,144,55
E33032123,364,64,25,39,300,246,54
E33032124,241,18,3,15,223,159,64
E33032125,220,39,13,26,181,129,52
E33032126,300,39,12,27,261,226,35
E33032127,497,67,15,52,430,358,72
E33032128,493,78,23,55,415,305,110
E33032129,527,36,12,24,491,431,60
E33032130,448,51,13,38,397,351,46
E33032131,629,75,22,53,554,485,69
E33032132,569,113,24,89,456,395,61
E33032133,452,241,54,187,211,172,39
E33032134,274,20,8,12,254,181,73
E33032135,852,145,55,90,707,545,162
E33032136,303,60,13,47,243,187,56
E33032137,452,79,21,58,373,273,100
E33032138,521,95,34,61,426,308,118
E33032139,465,56,16,40,409,302,107
E33032140,749,81,12,69,668,615,53
E33032141,411,62,22,40,349,303,46
E33032142,1987,76,29,47,1911,1149,762
E33032143,1552,116,29,87,1436,951,485
E33032144,485,41,14,27,444,310,134
E33032145,468,85,32,53,383,326,57
E33032146,658,58,23,35,600,515,85
E33032147,431,74,37,37,357,269,88
E33032148,226,23,6,17,203,148,55
E33032149,379,43,16,27,336,255,81
E33032150,225,34,23,11,191,154,37
E33032151,414,44,7,37,370,256,114
E33032152,399,87,22,65,312,233,79
E33032153,199,41,17,24,158,110,48
E33032154,395,78,18,60,317,268,49
E33032155,315,39,16,23,276,206,70
E33032156,424,72,17,55,352,273,79
E33032157,2694,865,475,390,1829,1519,310
E33032158,270,82,35,47,188,150,38
E33032159,348,76,24,52,272,219,53
E33032160,222,65,13,52,157,124,33
E33032161,422,86,20,66,336,264,72
E33032162,126,31,7,24,95,80,15
E33032163,310,136,38,98,174,143,31
E33032164,374,128,28,100,246,219,27
E33032165,931,360,135,225,571,514,57
E33032166,1484,299,55,244,1185,1136,49
E33032167,154,73,21,52,81,64,17
E33032168,1051,128,47,81,923,849,74
E33032169,618,100,21,79,518,449,69
E33032170,209,31,7,24,178,149,29
E33032171,337,183,68,115,154,137,17
E33032172,298,121,40,81,177,168,9
E33032173,260,65,28,37,195,152,43
E33032174,375,84,19,65,291,239,52
E33032175,1558,68,26,42,1490,1154,336
E33032176,1173,137,36,101,1036,853,183
E33032177,3449,307,68,239,3142,1612,1530
E33032178,3740,221,70,151,3519,1567,1952
E33032179,601,51,17,34,550,443,107
E33032180,712,76,13,63,636,528,108
E33032181,1336,383,160,223,953,781,172
E33032182,346,142,35,107,204,167,37
E33032183,462,193,61,132,269,226,43
E33032184,322,98,16,82,224,166,58
E33032185,264,105,36,69,159,133,26
E33032186,377,118,42,76,259,192,67
E33032187,480,208,81,127,272,217,55
E33032188,398,143,47,96,255,222,33
E33032189,422,91,34,57,331,273,58
E33032190,279,127,50,77,152,123,29
E33032191,467,127,40,87,340,260,80
E33032192,472,143,56,87,329,264,65
E33032193,1036,336,119,217,700,605,95
E33032194,489,181,76,105,308,233,75
E33032195,524,197,53,144,327,242,85
E33032196,532,184,56,128,348,280,68
E33032197,467,207,58,149,260,226,34
E33032198,346,90,30,60,256,225,31
E33032199,346,139,33,106,207,174,33
E33032200,588,168,49,119,420,397,23
E33032201,454,146,75,71,308,263,45
E33032202,499,128,39,89,371,304,67
E33032203,310,128,39,89,182,148,34
E33032204,375,151,50,101,224,178,46
E33032205,384,128,45,83,256,200,56
E33032206,476,183,76,107,293,239,54
E33032207,692,285,103,182,407,321,86
E33032208,444,159,59,100,285,235,50
E33032209,487,173,53,120,314,252,62
E33032210,573,134,52,82,439,388,51
E33032211,319,136,51,85,183,148,35
E33032212,301,101,34,67,200,167,33
E33032213,501,112,42,70,389,275,114
E33032214,308,63,24,39,245,185,60
E33032215,571,74,28,46,497,458,39
E33032216,756,277,114,163,479,376,103
E33032217,760,242,70,172,518,457,61
E33032218,384,115,44,71,269,240,29
E33032219,325,112,27,85,213,179,34
E33032220,424,165,53,112,259,195,64
E33032221,540,213,62,151,327,266,61
E33032222,335,141,40,101,194,169,25
E33032223,456,203,55,148,253,197,56
E33032224,378,133,54,79,245,196,49
E33032225,309,115,43,72,194,150,44
E33032226,358,157,43,114,201,164,37
E33032227,366,120,35,85,246,198,48
E33032228,592,187,53,134,405,349,56
E33032229,375,167,52,115,208,186,22
E33032230,718,306,95,211,412,346,66
E33032231,930,263,79,184,667,578,89
E33032232,283,87,21,66,196,168,28
E33032233,391,158,47,111,233,190,43
E33032234,407,185,61,124,222,180,42
E33032235,302,105,34,71,197,168,29
E33032236,321,66,19,47,255,204,51
E33032237,470,161,55,106,309,247,62
E33032238,736,204,48,156,532,424,108
E33032239,427,81,19,62,346,276,70
E33032240,722,261,98,163,461,368,93
E33032241,436,126,33,93,310,268,42
E33032242,429,119,37,82,310,244,66
E33032243,316,135,42,93,181,139,42
E33032244,688,169,41,128,519,372,147
E33032245,817,134,45,89,683,490,193
E33032246,462,154,41,113,308,241,67
E33032247,637,168,54,114,469,332,137
E33032248,345,144,49,95,201,172,29
E33032249,296,103,27,76,193,159,34
E33032250,468,130,28,102,338,286,52
E33032251,376,130,42,88,246,208,38
E33032252,521,117,30,87,404,350,54
E33032253,560,205,83,122,355,304,51
E33032254,968,273,91,182,695,559,136
E33032255,250,40,16,24,210,175,35
E33032256,298,119,38,81,179,137,42
E33032257,300,87,26,61,213,176,37
E33032258,286,92,28,64,194,165,29
E33032259,531,72,22,50,459,352,107
E33032260,475,124,49,75,351,240,111
E33032261,286,123,43,80,163,133,30
E33032262,549,238,75,163,311,241,70
E33032263,267,51,15,36,216,150,66
E33032264,354,140,64,76,214,137,77
E33032265,461,151,64,87,310,243,67
E33032266,311,120,47,73,191,137,54
E33032267,288,108,41,67,180,140,40
E33032268,494,153,53,100,341,243,98
E33032269,431,167,51,116,264,225,39
E33032270,362,128,46,82,234,162,72
E33032271,300,97,43,54,203,141,62
E33032272,471,151,44,107,320,250,70
E33032273,356,140,55,85,216,161,55
E33032274,381,198,51,147,183,148,35
E33032275,451,180,75,105,271,201,70
E33032276,374,133,53,80,241,183,58
E33032277,279,101,37,64,178,137,41
E33032278,415,157,42,115,258,202,56
E33032279,404,178,64,114,226,178,48
E33032280,466,170,45,125,296,240,56
E33032281,359,160,79,81,199,142,57
E33032282,654,194,74,120,460,396,64
E33032283,434,165,42,123,269,202,67
E33032284,375,110,45,65,265,199,66
E33032285,410,124,40,84,286,213,73
E33032286,391,130,44,86,261,206,55
E33032287,285,122,57,65,163,126,37
E33032288,684,218,80,138,466,370,96
E33032289,528,202,59,143,326,217,109
E33032290,370,117,45,72,253,203,50
E33032291,227,84,40,44,143,93,50
E33032292,276,82,32,50,194,135,59
E33032293,318,85,37,48,233,178,55
E33032294,362,123,54,69,239,195,44
E33032295,232,93,35,58,139,101,38
E33032296,751,243,95,148,508,386,122
E33032297,329,157,76,81,172,129,43
E33032298,371,174,69,105,197,157,40
E33032299,311,112,52,60,199,146,53
E33032300,277,131,53,78,146,109,37
E33032301,265,124,56,68,141,108,33
E33032302,429,135,57,78,294,229,65
E33032303,341,103,32,71,238,173,65
E33032304,697,293,121,172,404,321,83
E33032305,394,134,55,79,260,173,87
E33032306,473,177,65,112,296,236,60
E33032307,434,104,41,63,330,252,78
E33032308,528,146,42,104,382,315,67
E33032309,413,167,63,104,246,194,52
E33032310,494,214,76,138,280,236,44
E33032311,357,135,40,95,222,159,63
E33032312,666,208,81,127,458,346,112
E33032313,523,221,97,124,302,211,91
E33032314,262,98,29,69,164,134,30
E33032315,319,161,69,92,158,122,36
E33032316,325,111,40,71,214,152,62
E33032317,283,88,44,44,195,159,36
E33032318,396,160,58,102,236,169,67
E33032319,688,222,60,162,466,385,81
E33032320,432,161,61,100,271,219,52
E33032321,317,157,63,94,160,134,26
E33032322,329,118,39,79,211,168,43
E33032323,315,92,40,52,223,176,47
E33032324,633,273,97,176,360,234,126
E33032325,465,169,61,108,296,224,72
E33032326,409,163,67,96,246,196,50
E33032327,575,286,126,160,289,205,84
E33032328,561,246,97,149,315,239,76
E33032329,337,96,24,72,241,206,35
E33032330,437,160,72,88,277,222,55
E33032331,290,111,53,58,179,137,42
E33032332,313,106,33,73,207,166,41
E33032333,323,119,39,80,204,157,47
E33032334,442,156,48,108,286,215,71
E33032335,293,93,26,67,200,138,62
E33032336,364,135,46,89,229,173,56
E33032337,432,168,67,101,264,202,62
E33032338,279,98,37,61,181,158,23
E33032339,426,140,41,99,286,241,45
E33032340,401,132,61,71,269,206,63
E33032341,456,198,70,128,258,189,69
E33032342,726,261,107,154,465,318,147
E33032343,835,230,73,157,605,519,86
E33032344,658,271,93,178,387,298,89
E33032345,390,198,97,101,192,170,22
E33032346,705,184,56,128,521,416,105
E33032347,524,194,74,120,330,259,71
E33032348,293,122,52,70,171,130,41
E33032349,294,110,40,70,184,137,47
E33032350,347,160,74,86,187,157,30
E33032351,544,227,87,140,317,262,55
E33032352,350,128,55,73,222,176,46
E33032353,377,140,45,95,237,200,37
E33032354,403,144,45,99,259,200,59
E33032355,377,115,48,67,262,200,62
E33032356,395,126,49,77,269,213,56
E33032357,259,121,43,78,138,110,28
E33032358,592,214,84,130,378,309,69
E33032359,363,132,58,74,231,186,45
E33032360,260,79,44,35,181,128,53
E33032361,333,149,58,91,184,149,35
E33032362,246,70,36,34,176,137,39
E33032363,423,183,66,117,240,185,55
E33032364,430,154,48,106,276,203,73
E33032365,830,247,84,163,583,438,145
E33032366,710,254,90,164,456,377,79
E33032367,427,118,38,80,309,229,80
E33032368,375,146,59,87,229,174,55
E33032369,494,183,58,125,311,215,96
E33032370,475,145,51,94,330,270,60
E33032371,267,83,23,60,184,138,46
E33032372,303,94,20,74,209,169,40
E33032373,244,75,24,51,169,121,48
E33032374,283,118,47,71,165,125,40
E33032375,352,140,61,79,212,165,47
E33032376,757,297,73,224,460,345,115
E33032377,475,181,66,115,294,235,59
E33032378,464,170,56,114,294,230,64
E33032379,1703,540,144,396,1163,1046,117
E33032380,274,106,35,71,168,126,42
E33032381,309,140,43,97,169,108,61
E33032382,577,260,115,145,317,255,62
E33032383,389,137,43,94,252,190,62
E33032384,339,143,72,71,196,140,56
E33032385,393,167,71,96,226,164,62
E33032386,514,192,63,129,322,270,52
E33032387,431,132,34,98,299,226,73
E33032388,382,183,66,117,199,158,41
E33032389,543,207,61,146,336,284,52
E33032390,310,91,36,55,219,189,30
E33032391,406,110,32,78,296,222,74
E33032392,766,138,48,90,628,503,125
E33032393,368,102,27,75,266,200,66
E33032394,461,170,43,127,291,251,40
E33032395,409,177,68,109,232,182,50
E33032396,628,238,85,153,390,319,71
E33032397,463,198,77,121,265,216,49
E33032398,331,142,50,92,189,138,51
E33032399,758,261,80,181,497,402,95
E33032400,275,127,51,76,148,110,38
E33032401,410,203,91,112,207,152,55
E33032402,282,151,68,83,131,98,33
E33032403,341,111,35,76,230,181,49
E33032404,375,153,67,86,222,165,57
E33032405,338,115,32,83,223,188,35
E33032406,280,69,28,41,211,167,44
E33032407,428,128,51,77,300,204,96
E33032408,616,220,68,152,396,324,72
E33032409,284,89,39,50,195,146,49
E33032410,566,223,65,158,343,255,88
E33032411,367,92,31,61,275,215,60
E33032412,888,110,41,69,778,660,118
E33032413,380,123,50,73,257,219,38
E33032414,635,110,24,86,525,448,77
E33032415,442,190,83,107,252,184,68
E33032416,346,130,58,72,216,175,41
E33032417,390,186,74,112,204,159,45
E33032418,364,164,69,95,200,134,66
E33032419,487,182,71,111,305,242,63
E33032420,387,138,35,103,249,201,48
E33032421,366,109,45,64,257,180,77
E33032422,456,179,60,119,277,211,66
E33032423,296,121,39,82,175,140,35
E33032424,306,120,51,69,186,151,35
E33032425,507,210,86,124,297,227,70
E33032426,288,79,29,50,209,177,32
E33032427,354,191,100,91,163,129,34
E33032428,221,105,52,53,116,78,38
E33032429,317,93,35,58,224,172,52
E33032430,234,104,43,61,130,102,28
E33032431,292,107,41,66,185,141,44
E33032432,299,120,49,71,179,121,58
E33032433,351,107,33,74,244,189,55
E33032434,310,103,41,62,207,161,46
E33032435,305,154,68,86,151,114,37
E33032436,249,109,40,69,140,113,27
E33032437,487,197,76,121,290,239,51
E33032438,262,101,47,54,161,129,32
E33032439,381,166,50,116,215,174,41
E33032440,458,162,67,95,296,229,67
E33032441,333,141,66,75,192,153,39
E33032442,295,100,47,53,195,157,38
E33032443,416,176,67,109,240,187,53
E33032444,317,138,59,79,179,121,58
E33032445,266,108,36,72,158,119,39
E33032446,364,138,70,68,226,165,61
E33032447,245,125,47,78,120,87,33
E33032448,893,162,56,106,731,597,134
E33032449,307,93,31,62,214,177,37
E33032450,351,141,46,95,210,168,42
E33032451,281,94,40,54,187,151,36
E33032452,367,145,49,96,222,171,51
E33032453,552,220,64,156,332,256,76
E33032454,261,115,39,76,146,109,37
E33032455,294,109,36,73,185,151,34
E33032456,391,199,74,125,192,159,33
E33032457,380,154,53,101,226,172,54
E33032458,493,225,62,163,268,194,74
E33032459,286,137,52,85,149,115,34
E33032460,344,127,50,77,217,170,47
E33032461,474,181,61,120,293,253,40
E33032462,339,89,28,61,250,220,30
E33032463,512,175,64,111,337,293,44
E33032464,332,113,33,80,219,172,47
E33032465,246,78,29,49,168,139,29
E33032466,274,74,27,47,200,168,32
E33032467,539,241,83,158,298,224,74
E33032468,426,84,23,61,342,266,76
E33032469,306,91,20,71,215,181,34
E33032470,595,282,71,211,313,250,63
E33032471,5475,2646,1203,1443,2829,2623,206
E33032472,518,190,64,126,328,289,39
E33032473,332,78,24,54,254,152,102
E33032474,395,155,51,104,240,186,54
E33032475,280,113,43,70,167,120,47
E33032476,345,137,51,86,208,169,39
E33032477,318,74,18,56,244,215,29
E33032478,416,171,59,112,245,171,74
E33032479,429,162,50,112,267,208,59
E33032480,311,113,31,82,198,139,59
E33032481,291,97,27,70,194,147,47
E33032482,685,247,72,175,438,351,87
E33032483,420,94,26,68,326,267,59
E33032484,373,145,45,100,228,173,55
E33032485,349,112,24,88,237,196,41
E33032486,443,154,45,109,289,227,62
E33032487,345,110,39,71,235,178,57
E33032488,623,261,76,185,362,288,74
E33032489,433,154,42,112,279,219,60
E33032490,682,204,69,135,478,383,95
E33032491,549,277,59,218,272,240,32
E33032492,350,110,38,72,240,218,22
E33032493,441,182,48,134,259,213,46
E33032494,573,85,25,60,488,364,124
E33032495,262,77,30,47,185,152,33
E33032496,385,123,42,81,262,189,73
E33032497,333,95,29,66,238,185,53
E33032498,283,89,31,58,194,165,29
E33032499,291,112,34,78,179,151,28
E33032500,541,162,72,90,379,285,94
E33032501,486,189,83,106,297,223,74
E33032502,608,223,59,164,385,286,99
E33032503,512,111,41,70,401,236,165
E33032504,358,130,57,73,228,162,66
E33032505,540,240,83,157,300,234,66
E33032506,462,120,39,81,342,259,83
E33032507,628,214,73,141,414,358,56
E33032508,426,103,32,71,323,246,77
E33032509,528,86,31,55,442,318,124
E33032510,734,119,40,79,615,550,65
E33032511,416,155,49,106,261,192,69
E33032512,442,154,51,103,288,227,61
E33032513,377,167,73,94,210,152,58
E33032514,285,116,40,76,169,130,39
E33032515,379,117,25,92,262,201,61
E33032516,830,149,54,95,681,525,156
E33032517,345,140,43,97,205,155,50
E33032518,556,222,73,149,334,261,73
E33032519,389,132,63,69,257,207,50
E33032520,421,118,35,83,303,227,76
E33032521,420,135,58,77,285,218,67
E33032522,557,163,42,121,394,288,106
E33032523,431,182,50,132,249,179,70
E33032524,554,209,73,136,345,251,94
E33032525,583,218,89,129,365,277,88
E33032526,336,119,27,92,217,177,40
E33032527,274,118,31,87,156,122,34
E33032528,505,158,57,101,347,286,61
E33032529,419,192,81,111,227,190,37
E33032530,296,86,32,54,210,179,31
E33032531,308,127,53,74,181,143,38
E33032532,389,116,27,89,273,201,72
E33032533,409,130,49,81,279,210,69
E33032534,553,169,57,112,384,273,111
E33032535,314,100,28,72,214,163,51
E33032536,784,134,41,93,650,521,129
E33032537,362,131,53,78,231,168,63
E33032538,646,254,85,169,392,293,99
E33032539,478,56,16,40,422,358,64
E33032540,520,175,74,101,345,277,68
E33032541,632,239,78,161,393,279,114
E33032542,849,243,83,160,606,509,97
E33032543,690,301,104,197,389,296,93
E33032544,286,156,60,96,130,112,18
E33032545,537,194,57,137,343,270,73
E33032546,504,81,27,54,423,267,156
E33032547,543,244,95,149,299,232,67
E33032548,429,169,57,112,260,186,74
E33032549,276,77,24,53,199,155,44
E33032550,373,117,44,73,256,209,47
E33032551,518,162,72,90,356,261,95
E33032552,372,139,45,94,233,187,46
E33032553,552,202,64,138,350,250,100
E33032554,346,112,33,79,234,185,49
E33032555,490,161,59,102,329,262,67
E33032556,366,143,73,70,223,143,80
E33032557,395,129,44,85,266,202,64
E33032558,439,194,93,101,245,199,46
E33032559,272,108,42,66,164,123,41
E33032560,431,141,55,86,290,226,64
E33032561,395,164,74,90,231,175,56
E33032562,354,130,48,82,224,161,63
E33032563,508,147,50,97,361,279,82
E33032564,424,172,65,107,252,190,62
E33032565,321,117,45,72,204,150,54
E33032566,317,110,40,70,207,161,46
E33032567,537,163,77,86,374,288,86
E33032568,387,139,58,81,248,195,53
E33032569,405,167,50,117,238,194,44
E33032570,412,157,67,90,255,188,67
E33032571,400,141,51,90,259,226,33
E33032572,258,90,27,63,168,130,38
E33032573,541,196,70,126,345,248,97
E33032574,285,73,22,51,212,162,50
E33032575,435,153,54,99,282,235,47
E33032576,365,158,64,94,207,162,45
E33032577,450,226,106,120,224,160,64
E33032578,451,158,47,111,293,263,30
E33032579,457,162,59,103,295,232,63
E33032580,370,132,74,58,238,182,56
E33032581,507,160,57,103,347,278,69
E33032582,439,127,42,85,312,237,75
E33032583,267,76,33,43,191,162,29
E33032584,374,122,46,76,252,195,57
E33032585,742,243,73,170,499,402,97
E33032586,471,145,55,90,326,244,82
E33032587,434,155,70,85,279,222,57
E33032588,516,195,78,117,321,256,65
E33032589,376,115,38,77,261,204,57
E33032590,345,113,40,73,232,199,33
E33032591,885,366,106,260,519,466,53
E33032592,382,129,59,70,253,183,70
E33032593,682,192,47,145,490,424,66
E33032594,810,306,84,222,504,406,98
E33032595,587,177,52,125,410,308,102
E33032596,371,146,77,69,225,176,49
E33032597,358,126,53,73,232,179,53
E33032598,306,97,22,75,209,151,58
E33032599,622,197,65,132,425,325,100
E33032600,556,189,68,121,367,280,87
E33032601,439,168,48,120,271,230,41
E33032602,607,237,77,160,370,290,80
E33032603,347,127,52,75,220,140,80
E33032604,506,178,75,103,328,247,81
E33032605,494,185,57,128,309,245,64
E33032606,579,261,100,161,318,252,66
E33032607,432,151,50,101,281,222,59
E33032608,444,134,39,95,310,248,62
E33032609,467,135,44,91,332,240,92
E33032610,394,81,26,55,313,241,72
E33032611,287,119,44,75,168,133,35
E33032612,657,252,65,187,405,296,109
E33032613,331,95,34,61,236,196,40
E33032614,417,169,55,114,248,200,48
E33032615,456,181,77,104,275,215,60
E33032616,477,128,30,98,349,263,86
E33032617,419,123,51,72,296,233,63
E33032618,419,180,50,130,239,186,53
E33032619,485,177,57,120,308,260,48
E33032620,972,382,96,286,590,473,117
E33032621,344,106,42,64,238,185,53
E33032622,574,227,96,131,347,279,68
E33032623,352,127,56,71,225,183,42
E33032624,318,122,41,81,196,155,41
E33032625,414,153,63,90,261,221,40
E33032626,373,128,45,83,245,197,48
E33032627,374,155,46,109,219,178,41
E33032628,276,91,24,67,185,152,33
E33032629,514,180,61,119,334,255,79
E33032630,629,153,47,106,476,389,87
E33032631,565,191,67,124,374,286,88
E33032632,690,245,81,164,445,345,100
E33032633,1098,187,64,123,911,753,158
E33032634,446,135,49,86,311,265,46
E33032635,475,165,69,96,310,241,69
E33032636,557,180,73,107,377,292,85
E33032637,389,153,54,99,236,193,43
E33032638,390,59,20,39,331,301,30
E33032639,478,208,55,153,270,213,57
E33032640,512,206,72,134,306,243,63
E33032641,409,172,70,102,237,208,29
E33032642,607,202,65,137,405,283,122
E33032643,423,143,41,102,280,217,63
E33032644,368,161,43,118,207,158,49
E33032645,1126,331,104,227,795,682,113
E33032646,414,118,37,81,296,240,56
E33032647,578,84,34,50,494,425,69
E33032648,459,161,48,113,298,231,67
E33032649,342,107,35,72,235,185,50
E33032650,351,124,52,72,227,173,54
E33032651,477,114,43,71,363,302,61
E33032652,480,163,45,118,317,226,91
E33032653,408,162,61,101,246,190,56
E33032654,663,262,111,151,401,302,99
E33032655,823,299,113,186,524,406,118
E33032656,326,102,34,68,224,173,51
E33032657,498,174,59,115,324,259,65
E33032658,520,181,72,109,339,270,69
E33032659,156,30,12,18,126,104,22
E33032660,409,143,42,101,266,221,45
E33032661,680,142,35,107,538,396,142
E33032662,466,181,58,123,285,228,57
E33032663,332,113,36,77,219,176,43
E33032664,558,206,75,131,352,263,89
E33032665,1023,388,125,263,635,523,112
E33032666,488,211,75,136,277,231,46
E33032667,501,187,61,126,314,254,60
E33032668,406,133,39,94,273,237,36
E33032669,441,219,84,135,222,187,35
E33032670,1131,204,41,163,927,886,41
E33032671,494,131,40,91,363,297,66
E33032672,291,130,41,89,161,135,26
E33032673,558,170,70,100,388,306,82
E33032674,1157,328,123,205,829,704,125
E33032675,405,149,48,101,256,219,37
E33032676,384,147,43,104,237,188,49
E33032677,359,146,54,92,213,177,36
E33032678,676,239,81,158,437,377,60
E33032679,508,165,46,119,343,295,48
E33032680,352,126,44,82,226,175,51
E33032681,567,207,69,138,360,289,71
E33032682,284,114,37,77,170,143,27
E33032683,608,218,70,148,390,275,115
E33032684,450,161,50,111,289,238,51
E33032685,702,281,100,181,421,319,102
E33032686,241,91,36,55,150,110,40
E33032687,471,175,64,111,296,221,75
E33032688,305,90,31,59,215,185,30
E33032689,476,170,71,99,306,247,59
E33032690,544,177,42,135,367,337,30
E33032691,498,157,43,114,341,286,55
E33032692,576,142,40,102,434,373,61
E33032693,415,134,46,88,281,201,80
E33032694,320,114,39,75,206,172,34
E33032695,343,116,36,80,227,178,49
E33032696,315,132,38,94,183,145,38
E33032697,414,126,53,73,288,232,56
E33032698,667,149,30,119,518,482,36
E33032699,403,135,33,102,268,219,49
E33032700,339,127,21,106,212,172,40
E33032701,600,189,79,110,411,333,78
E33032702,395,166,62,104,229,207,22
E33032703,700,189,78,111,511,417,94
E33032704,984,179,63,116,805,684,121
E33032705,1454,94,30,64,1360,1007,353
E33032706,274,113,42,71,161,144,17
E33032707,305,118,32,86,187,138,49
E33032708,282,119,26,93,163,139,24
E33032709,436,125,51,74,311,240,71
E33032710,326,143,46,97,183,142,41
E33032711,815,310,106,204,505,379,126
E33032712,399,136,42,94,263,192,71
E33032713,273,113,38,75,160,128,32
E33032714,507,182,66,116,325,283,42
E33032715,406,123,33,90,283,222,61
E33032716,296,70,25,45,226,185,41
E33032717,475,143,55,88,332,278,54
E33032718,241,87,29,58,154,110,44
E33032719,399,149,55,94,250,207,43
E33032720,372,99,29,70,273,232,41
E33032721,246,76,27,49,170,138,32
E33032722,763,242,88,154,521,409,112
E33032723,330,131,42,89,199,149,50
E33032724,417,159,67,92,258,195,63
E33032725,231,93,27,66,138,96,42
E33032726,501,166,57,109,335,255,80
E33032727,496,257,92,165,239,184,55
E33032728,476,178,44,134,298,232,66
E33032729,484,136,43,93,348,307,41
E33032730,382,167,49,118,215,162,53
E33032731,640,250,55,195,390,310,80
E33032732,392,154,46,108,238,192,46
E33032733,384,80,22,58,304,265,39
E33032734,400,163,50,113,237,186,51
E33032735,371,88,24,64,283,245,38
E33032736,393,129,45,84,264,197,67
E33032737,425,139,62,77,286,195,91
E33032738,648,144,56,88,504,384,120
E33032739,330,117,26,91,213,164,49
E33032740,374,133,49,84,241,166,75
E33032741,327,86,26,60,241,176,65
E33032742,371,118,42,76,253,194,59
E33032743,400,141,51,90,259,192,67
E33032744,698,279,94,185,419,309,110
E33032745,435,160,56,104,275,189,86
E33032746,395,122,55,67,273,224,49
E33032747,591,276,91,185,315,252,63
E33032748,388,109,24,85,279,225,54
E33032749,329,136,38,98,193,162,31
E33032750,361,157,60,97,204,166,38
E33032751,278,118,45,73,160,119,41
E33032752,395,136,37,99,259,186,73
E33032753,431,159,65,94,272,198,74
E33032754,311,104,28,76,207,167,40
E33032755,280,93,39,54,187,142,45
E33032756,330,93,29,64,237,181,56
E33032757,290,89,33,56,201,166,35
E33032758,338,155,57,98,183,133,50
E33032759,347,101,27,74,246,185,61
E33032760,303,103,38,65,200,158,42
E33032761,371,142,48,94,229,156,73
E33032762,369,93,35,58,276,228,48
E33032763,404,200,76,124,204,162,42
E33032764,369,111,26,85,258,194,64
E33032765,532,220,49,171,312,267,45
E33032766,456,149,51,98,307,242,65
E33032767,340,104,43,61,236,204,32
E33032768,359,137,46,91,222,175,47
E33032769,308,114,46,68,194,159,35
E33032770,249,98,26,72,151,135,16
E33032771,336,101,31,70,235,196,39
E33032772,331,123,36,87,208,159,49
E33032773,574,228,94,134,346,274,72
E33032774,511,216,72,144,295,247,48
E33032775,276,100,32,68,176,113,63
E33032776,367,148,44,104,219,171,48
E33032777,346,123,43,80,223,159,64
E33032778,371,140,62,78,231,167,64
E33032779,363,154,60,94,209,141,68
E33032780,292,146,53,93,146,104,42
E33032781,257,90,33,57,167,122,45
E33032782,240,77,36,41,163,124,39
E33032783,250,85,38,47,165,140,25
E33032784,449,120,43,77,329,266,63
E33032785,254,79,22,57,175,138,37
E33032786,663,213,69,144,450,358,92
E33032787,363,160,54,106,203,156,47
E33032788,276,91,37,54,185,154,31
E33032789,230,73,14,59,157,119,38
E33032790,366,98,20,78,268,238,30
E33032791,285,80,39,41,205,150,55
E33032792,351,131,50,81,220,169,51
E33032793,369,149,43,106,220,166,54
E33032794,495,110,43,67,385,309,76
E33032795,511,174,49,125,337,260,77
E33032796,331,126,35,91,205,172,33
E33032797,670,225,71,154,445,341,104
E33032798,283,137,55,82,146,105,41
E33032799,413,129,49,80,284,229,55
E33032800,551,171,59,112,380,322,58
E33032801,293,102,42,60,191,140,51
E33032802,528,205,81,124,323,243,80
E33032803,479,193,79,114,286,230,56
E33032804,264,106,47,59,158,126,32
E33032805,553,248,137,111,305,259,46
E33032806,219,51,17,34,168,138,30
E33032807,302,96,36,60,206,153,53
E33032808,386,117,28,89,269,202,67
E33032809,336,105,29,76,231,178,53
E33032810,372,118,40,78,254,201,53
E33032811,584,196,63,133,388,324,64
E33032812,348,135,48,87,213,157,56
E33032813,343,120,41,79,223,180,43
E33032814,455,170,63,107,285,210,75
E33032815,360,132,47,85,228,182,46
E33032816,270,53,13,40,217,155,62
E33032817,251,111,29,82,140,113,27
E33032818,307,88,37,51,219,153,66
E33032819,419,136,30,106,283,226,57
E33032820,286,73,22,51,213,178,35
E33032821,767,209,73,136,558,441,117
E33032822,384,189,91,98,195,148,47
E33032823,411,175,60,115,236,195,41
E33032824,289,85,33,52,204,151,53
E33032825,413,162,68,94,251,203,48
E33032826,420,174,54,120,246,196,50
E33032827,582,168,74,94,414,347,67
E33032828,712,360,183,177,352,295,57
E33032829,777,174,47,127,603,495,108
E33032830,688,236,69,167,452,405,47
E33032831,405,176,78,98,229,199,30
E33032832,475,154,44,110,321,252,69
E33032833,340,112,35,77,228,166,62
E33032834,376,132,59,73,244,193,51
E33032835,330,142,71,71,188,134,54
E33032836,303,90,39,51,213,179,34
E33032837,414,106,35,71,308,199,109
E33032838,741,217,99,118,524,449,75
E33032839,255,115,58,57,140,120,20
E33032840,437,140,43,97,297,246,51
E33032841,389,137,40,97,252,219,33
E33032842,129,35,8,27,94,81,13
E33032843,280,55,21,34,225,183,42
E33032844,379,137,47,90,242,185,57
E33032845,301,104,39,65,197,145,52
E33032846,844,238,60,178,606,490,116
E33032847,285,90,31,59,195,139,56
E33032848,494,230,119,111,264,187,77
E33032849,340,159,70,89,181,135,46
E33032850,416,170,71,99,246,184,62
E33032851,393,147,66,81,246,176,70
E33032852,371,149,53,96,222,159,63
E33032853,350,131,62,69,219,167,52
E33032854,301,111,47,64,190,147,43
E33032855,412,123,48,75,289,231,58
E33032856,328,73,26,47,255,192,63
E33032857,437,152,70,82,285,202,83
E33032858,378,155,32,123,223,191,32
E33032859,445,133,54,79,312,237,75
E33032860,1441,316,86,230,1125,1043,82
E33032861,730,236,89,147,494,348,146
E33032862,428,131,47,84,297,236,61
E33032863,716,340,156,184,376,272,104
E33032864,461,221,116,105,240,177,63
E33032865,367,125,44,81,242,201,41
E33032866,296,66,31,35,230,173,57
E33032867,397,191,73,118,206,162,44
E33032868,279,129,54,75,150,107,43
E33032869,483,194,74,120,289,211,78
E33032870,419,149,67,82,270,187,83
E33032871,291,117,53,64,174,133,41
E33032872,302,94,49,45,208,149,59
E33032873,605,194,77,117,411,340,71
E33032874,250,80,30,50,170,137,33
E33032875,541,141,41,100,400,330,70
E33032876,757,270,112,158,487,377,110
E33032877,355,136,51,85,219,157,62
E33032878,256,127,51,76,129,89,40
E33032879,572,278,91,187,294,226,68
E33032880,313,112,43,69,201,156,45
E33032881,486,223,93,130,263,187,76
E33032882,499,181,79,102,318,266,52
E33032883,506,235,103,132,271,213,58
E33032884,345,134,46,88,211,175,36
E33032885,376,148,75,73,228,166,62
E33032886,650,211,82,129,439,328,111
E33032887,433,189,89,100,244,191,53
E33032888,405,154,65,89,251,189,62
E33032889,688,244,83,161,444,338,106
E33032890,280,109,44,65,171,118,53
E33032891,254,72,30,42,182,143,39
E33032892,436,121,54,67,315,240,75
E33032893,377,119,37,82,258,186,72
E33032894,339,138,36,102,201,152,49
E33032895,810,421,175,246,389,296,93
E33032896,582,133,52,81,449,372,77
E33032897,409,160,79,81,249,211,38
E33032898,313,132,55,77,181,144,37
E33032899,334,133,69,64,201,144,57
E33032900,454,179,61,118,275,180,95
E33032901,473,182,73,109,291,227,64
E33032902,384,148,45,103,236,191,45
E33032903,437,186,51,135,251,219,32
E33032904,390,138,56,82,252,163,89
E33032905,345,134,54,80,211,168,43
E33032906,305,116,42,74,189,140,49
E33032907,482,181,88,93,301,227,74
E33032908,400,130,54,76,270,197,73
E33032909,701,264,72,192,437,378,59
E33032910,300,127,48,79,173,116,57
E33032911,585,311,160,151,274,217,57
E33032912,336,111,47,64,225,166,59
E33032913,584,237,80,157,347,267,80
E33032914,716,158,76,82,558,483,75
E33032915,345,138,48,90,207,154,53
E33032916,378,136,48,88,242,162,80
E33032917,478,130,47,83,348,263,85
E33032918,345,113,46,67,232,173,59
E33032919,340,94,31,63,246,192,54
E33032920,255,67,17,50,188,116,72
E33032921,400,98,31,67,302,246,56
E33032922,314,99,42,57,215,167,48
E33032923,244,101,43,58,143,111,32
E33032924,244,110,35,75,134,91,43
E33032925,572,148,54,94,424,311,113
E33032926,360,172,69,103,188,123,65
E33032927,247,81,38,43,166,107,59
E33032928,396,98,35,63,298,264,34
E33032929,296,99,41,58,197,138,59
E33032930,266,114,52,62,152,113,39
E33032931,343,127,51,76,216,153,63
E33032932,249,71,34,37,178,122,56
E33032933,337,131,41,90,206,155,51
E33032934,296,106,39,67,190,133,57
E33032935,219,89,36,53,130,78,52
E33032936,350,96,33,63,254,167,87
E33032937,321,122,43,79,199,152,47
E33032938,252,89,37,52,163,115,48
E33032939,455,154,52,102,301,229,72
E33032940,328,119,49,70,209,121,88
E33032941,248,76,32,44,172,138,34
E33032942,229,87,35,52,142,109,33
E33032943,236,99,45,54,137,99,38
E33032944,331,104,46,58,227,154,73
E33032945,523,146,62,84,377,274,103
E33032946,273,132,65,67,141,101,40
E33032947,259,109,54,55,150,104,46
E33032948,270,94,38,56,176,115,61
E33032949,402,126,59,67,276,191,85
E33032950,425,142,59,83,283,215,68
E33032951,338,143,57,86,195,138,57
E33032952,278,86,24,62,192,138,54
E33032953,286,112,54,58,174,124,50
E33032954,259,78,30,48,181,152,29
E33032955,276,85,25,60,191,137,54
E33032956,310,99,26,73,211,149,62
E33032957,445,113,35,78,332,242,90
E33032958,507,143,57,86,364,297,67
E33032959,421,80,26,54,341,294,47
E33032960,259,106,32,74,153,107,46
E33032961,372,160,55,105,212,145,67
E33032962,822,152,48,104,670,538,132
E33032963,583,215,82,133,368,294,74
E33032964,334,110,24,86,224,196,28
E33032965,427,203,52,151,224,176,48
E33032966,442,99,21,78,343,267,76
E33032967,337,160,69,91,177,141,36
E33032968,258,46,21,25,212,179,33
E33032969,473,99,26,73,374,292,82
E33032970,404,150,47,103,254,203,51
E33032971,694,231,64,167,463,381,82
E33032972,230,78,30,48,152,119,33
E33032973,381,70,21,49,311,239,72
E33032974,332,92,33,59,240,174,66
E33032975,234,49,19,30,185,159,26
E33032976,340,126,48,78,214,156,58
E33032977,401,80,22,58,321,255,66
E33032978,333,95,33,62,238,191,47
E33032979,363,120,42,78,243,160,83
E33032980,685,153,53,100,532,425,107
E33032981,287,58,14,44,229,186,43
E33032982,487,138,56,82,349,268,81
E33032983,256,83,26,57,173,127,46
E33032984,259,86,21,65,173,132,41
E33032985,378,117,31,86,261,202,59
E33032986,298,87,23,64,211,170,41
E33032987,413,121,34,87,292,236,56
E33032988,435,68,21,47,367,289,78
E33032989,640,172,62,110,468,366,102
E33032990,343,109,29,80,234,186,48
E33032991,476,146,36,110,330,244,86
E33032992,353,104,42,62,249,185,64
E33032993,348,106,38,68,242,164,78
E33032994,277,103,47,56,174,108,66
E33032995,251,111,59,52,140,106,34
E33032996,427,152,58,94,275,204,71
E33032997,469,167,59,108,302,227,75
E33032998,621,182,70,112,439,313,126
E33032999,260,79,21,58,181,148,33
E33033000,744,201,58,143,543,444,99
E33033001,414,138,58,80,276,205,71
E33033002,266,93,30,63,173,146,27
E33033003,671,191,74,117,480,349,131
E33033004,252,99,37,62,153,105,48
E33033005,466,172,54,118,294,219,75
E33033006,379,124,37,87,255,199,56
E33033007,379,144,50,94,235,184,51
E33033008,385,64,27,37,321,221,100
E33033009,329,111,45,66,218,157,61
E33033010,323,128,52,76,195,137,58
E33033011,483,178,60,118,305,237,68
E33033012,395,141,65,76,254,174,80
E33033013,282,97,41,56,185,160,25
E33033014,354,93,30,63,261,212,49
E33033015,277,97,29,68,180,137,43
E33033016,349,132,52,80,217,161,56
E33033017,429,188,59,129,241,191,50
E33033018,494,155,48,107,339,250,89
E33033019,284,90,27,63,194,135,59
E33033020,300,102,40,62,198,130,68
E33033021,348,118,46,72,230,176,54
E33033022,349,135,41,94,214,158,56
E33033023,600,286,163,123,314,260,54
E33033024,617,211,80,131,406,319,87
E33033025,479,159,57,102,320,240,80
E33033026,306,118,57,61,188,133,55
E33033027,461,97,32,65,364,269,95
E33033028,305,116,30,86,189,130,59
E33033029,325,98,30,68,227,175,52
E33033030,230,77,29,48,153,100,53
E33033031,508,171,55,116,337,271,66
E33033032,965,196,69,127,769,619,150
E33033033,326,100,41,59,226,158,68
E33033034,844,129,49,80,715,631,84
E33033035,382,79,24,55,303,241,62
E33033036,483,116,37,79,367,289,78
E33033037,282,73,24,49,209,188,21
E33033038,474,110,31,79,364,296,68
E33033039,951,149,44,105,802,646,156
E33033040,444,124,40,84,320,251,69
E33033041,562,110,31,79,452,365,87
E33033042,664,165,59,106,499,418,81
E33033043,284,102,41,61,182,158,24
E33033044,290,108,30,78,182,144,38
E33033045,240,90,36,54,150,108,42
E33033046,300,108,37,71,192,147,45
E33033047,310,126,47,79,184,149,35
E33033048,474,170,60,110,304,238,66
E33033049,729,143,54,89,586,447,139
E33033050,254,83,33,50,171,145,26
E33033051,306,109,32,77,197,144,53
E33033052,361,164,71,93,197,164,33
E33033053,508,96,31,65,412,351,61
E33033054,264,117,51,66,147,126,21
E33033055,378,74,27,47,304,261,43
E33033056,876,130,56,74,746,598,148
E33033057,364,123,52,71,241,190,51
E33033058,407,134,47,87,273,236,37
E33033059,336,110,62,48,226,170,56
E33033060,713,183,66,117,530,446,84
E33033061,795,151,43,108,644,552,92
E33033062,365,113,45,68,252,224,28
E33033063,279,51,19,32,228,176,52
E33033064,378,80,27,53,298,246,52
E33033065,514,165,56,109,349,309,40
E33033066,301,92,41,51,209,163,46
E33033067,650,147,43,104,503,393,110
E33033068,371,107,42,65,264,215,49
E33033069,463,227,124,103,236,176,60
E33033070,597,143,52,91,454,414,40
E33033071,372,117,36,81,255,216,39
E33033072,324,118,51,67,206,146,60
E33033073,497,97,27,70,400,333,67
E33033074,656,39,7,32,617,491,126
E33033075,489,100,32,68,389,353,36
E33033076,310,76,16,60,234,194,40
E33033077,559,113,34,79,446,389,57
E33033078,590,93,29,64,497,398,99
E33033079,234,69,22,47,165,128,37
E33033080,551,74,39,35,477,349,128
E33033081,470,92,9,83,378,334,44
E33033082,539,216,61,155,323,262,61
E33033083,308,126,58,68,182,135,47
E33033084,560,169,54,115,391,284,107
E33033085,323,96,35,61,227,166,61
E33033086,388,157,46,111,231,179,52
E33033087,731,241,75,166,490,390,100
E33033088,331,135,49,86,196,153,43
E33033089,323,101,35,66,222,172,50
E33033090,303,88,36,52,215,149,66
E33033091,352,149,46,103,203,164,39
E33033092,359,124,56,68,235,165,70
E33033093,439,161,58,103,278,222,56
E33033094,881,258,86,172,623,523,100
E33033095,495,176,61,115,319,240,79
E33033096,562,212,73,139,350,294,56
E33033097,346,144,41,103,202,152,50
E33033098,308,121,37,84,187,146,41
E33033099,281,135,29,106,146,116,30
E33033100,324,102,30,72,222,185,37
E33033101,386,123,37,86,263,218,45
E33033102,491,227,73,154,264,203,61
E33033103,511,169,45,124,342,280,62
E33033104,297,109,33,76,188,157,31
E33033105,627,222,65,157,405,334,71
E33033106,601,235,83,152,366,294,72
E33033107,772,219,65,154,553,451,102
E33033108,364,140,44,96,224,169,55
E33033109,694,192,70,122,502,383,119
E33033110,397,94,37,57,303,244,59
E33033111,288,89,26,63,199,144,55
E33033112,256,72,20,52,184,153,31
E33033113,378,134,41,93,244,196,48
E33033114,289,114,47,67,175,138,37
E33033115,382,157,47,110,225,173,52
E33033116,563,249,66,183,314,253,61
E33033117,418,141,41,100,277,218,59
E33033118,387,156,49,107,231,184,47
E33033119,511,194,65,129,317,261,56
E33033120,414,183,56,127,231,198,33
E33033121,382,200,102,98,182,159,23
E33033122,509,134,46,88,375,337,38
E33033123,468,137,36,101,331,261,70
E33033124,486,153,52,101,333,296,37
E33033125,397,165,51,114,232,184,48
E33033126,360,147,48,99,213,162,51
E33033127,287,98,32,66,189,152,37
E33033128,799,242,61,181,557,469,88
E33033129,313,113,35,78,200,163,37
E33033130,383,134,44,90,249,207,42
E33033131,307,97,28,69,210,169,41
E33033132,392,105,31,74,287,246,41
E33033133,368,71,19,52,297,243,54
E33033134,864,172,66,106,692,576,116
E33033135,886,283,110,173,603,489,114
E33033136,285,103,33,70,182,149,33
E33033137,383,179,56,123,204,171,33
E33033138,326,131,33,98,195,149,46
E33033139,331,121,34,87,210,168,42
E33033140,300,85,24,61,215,161,54
E33033141,575,165,54,111,410,314,96
E33033142,271,90,23,67,181,156,25
E33033143,303,127,34,93,176,133,43
E33033144,264,81,21,60,183,155,28
E33033145,308,126,24,102,182,150,32
E33033146,2983,702,146,556,2281,1981,300
E33033147,372,127,43,84,245,222,23
E33033148,301,114,37,77,187,153,34
E33033149,446,146,53,93,300,254,46
E33033150,443,139,50,89,304,251,53
E33033151,252,115,37,78,137,100,37
E33033152,369,138,59,79,231,177,54
E33033153,398,110,37,73,288,249,39
E33033154,298,79,32,47,219,163,56
E33033155,301,115,45,70,186,156,30
E33033156,502,172,68,104,330,243,87
E33033157,482,179,72,107,303,220,83
E33033158,364,132,43,89,232,190,42
E33033159,437,156,43,113,281,226,55
E33033160,303,121,43,78,182,152,30
E33033161,424,174,62,112,250,199,51
E33033162,454,133,33,100,321,277,44
E33033163,328,131,31,100,197,167,30
E33033164,241,75,20,55,166,136,30
E33033165,665,104,36,68,561,466,95
E33033166,831,175,29,146,656,607,49
E33033167,270,66,18,48,204,173,31
E33033168,979,321,104,217,658,548,110
E33033169,307,111,45,66,196,177,19
E33033170,390,126,29,97,264,222,42
E33033171,349,98,28,70,251,203,48
E33033172,349,138,36,102,211,157,54
E33033173,358,84,24,60,274,242,32
E33033174,395,149,57,92,246,188,58
E33033175,307,86,25,61,221,177,44
E33033176,333,96,39,57,237,186,51
E33033177,290,89,37,52,201,164,37
E33033178,438,132,43,89,306,269,37
E33033179,823,201,79,122,622,511,111
E33033180,300,82,32,50,218,179,39
E33033181,349,109,37,72,240,196,44
E33033182,297,104,47,57,193,163,30
E33033183,550,197,69,128,353,273,80
E33033184,394,123,40,83,271,217,54
E33033185,377,90,28,62,287,225,62
E33033186,242,70,15,55,172,150,22
E33033187,1801,417,130,287,1384,1194,190
E33033188,463,172,64,108,291,205,86
E33033189,459,138,43,95,321,249,72
E33033190,591,115,33,82,476,388,88
E33033191,313,127,52,75,186,143,43
E33033192,421,189,73,116,232,183,49
E33033193,604,241,90,151,363,289,74
E33033194,322,113,42,71,209,169,40
E33033195,292,130,54,76,162,117,45
E33033196,286,127,47,80,159,114,45
E33033197,403,148,66,82,255,199,56
E33033198,297,131,45,86,166,122,44
E33033199,401,178,69,109,223,178,45
E33033200,241,63,19,44,178,156,22
E33033201,341,130,38,92,211,182,29
E33033202,723,198,38,160,525,469,56
E33033203,275,80,17,63,195,148,47
E33033204,333,90,26,64,243,194,49
E33033205,614,181,51,130,433,353,80
E33033206,294,90,35,55,204,169,35
E33033207,260,102,31,71,158,122,36
E33033208,639,217,50,167,422,350,72
E33033209,638,147,46,101,491,449,42
E33033210,379,84,25,59,295,247,48
E33033211,948,202,86,116,746,598,148
E33033212,357,113,30,83,244,182,62
E33033213,314,94,20,74,220,188,32
E33033214,553,128,51,77,425,312,113
E33033215,544,180,68,112,364,263,101
E33033216,490,126,47,79,364,290,74
E33033217,476,73,20,53,403,326,77
E33033218,416,108,36,72,308,252,56
E33033219,248,98,49,49,150,123,27
E33033220,299,116,35,81,183,161,22
E33033221,325,111,47,64,214,166,48
E33033222,526,96,28,68,430,363,67
E33033223,756,286,87,199,470,374,96
E33033224,231,81,29,52,150,114,36
E33033225,640,148,34,114,492,426,66
E33033226,492,181,54,127,311,227,84
E33033227,669,186,59,127,483,367,116
E33033228,344,104,26,78,240,183,57
E33033229,486,113,39,74,373,308,65
E33033230,371,123,40,83,248,187,61
E33033231,392,142,48,94,250,196,54
E33033232,766,251,86,165,515,431,84
E33033233,285,115,54,61,170,140,30
E33033234,343,93,38,55,250,199,51
E33033235,257,122,49,73,135,103,32
E33033236,300,77,38,39,223,163,60
E33033237,689,337,139,198,352,278,74
E33033238,319,116,42,74,203,165,38
E33033239,668,230,71,159,438,351,87
E33033240,305,106,40,66,199,154,45
E33033241,463,139,51,88,324,258,66
E33033242,354,103,39,64,251,197,54
E33033243,312,131,52,79,181,142,39
E33033244,447,170,52,118,277,206,71
E33033245,357,139,62,77,218,174,44
E33033246,468,197,75,122,271,192,79
E33033247,417,144,48,96,273,206,67
E33033248,411,151,50,101,260,180,80
E33033249,798,335,106,229,463,395,68
E33033250,360,118,40,78,242,189,53
E33033251,313,128,48,80,185,142,43
E33033252,267,102,48,54,165,111,54
E33033253,257,90,19,71,167,142,25
E33033254,421,109,44,65,312,253,59
E33033255,420,87,21,66,333,285,48
E33033256,284,91,35,56,193,145,48
E33033257,434,164,38,126,270,232,38
E33033258,389,170,74,96,219,147,72
E33033259,394,157,57,100,237,165,72
E33033260,357,150,55,95,207,180,27
E33033261,612,198,78,120,414,319,95
E33033262,313,113,38,75,200,131,69
E33033263,297,122,46,76,175,132,43
E33033264,370,184,108,76,186,150,36
E33033265,368,129,52,77,239,174,65
E33033266,290,104,44,60,186,152,34
E33033267,469,107,35,72,362,285,77
E33033268,432,154,63,91,278,201,77
E33033269,305,134,47,87,171,116,55
E33033270,249,82,29,53,167,132,35
E33033271,274,88,35,53,186,143,43
E33033272,341,111,42,69,230,173,57
E33033273,347,88,37,51,259,204,55
E33033274,647,152,70,82,495,371,124
E33033275,496,145,43,102,351,246,105
E33033276,345,80,31,49,265,214,51
E33033277,491,187,59,128,304,232,72
E33033278,356,88,25,63,268,226,42
E33033279,351,96,45,51,255,213,42
E33033280,303,115,41,74,188,145,43
E33033281,338,109,55,54,229,172,57
E33033282,562,162,70,92,400,278,122
E33033283,306,145,62,83,161,119,42
E33033284,352,107,38,69,245,182,63
E33033285,315,79,24,55,236,199,37
E33033286,435,153,50,103,282,215,67
E33033287,304,124,44,80,180,137,43
E33033288,438,146,35,111,292,230,62
E33033289,418,133,33,100,285,211,74
E33033290,486,171,69,102,315,246,69
E33033291,1057,290,100,190,767,631,136
E33033292,466,171,55,116,295,233,62
E33033293,326,115,52,63,211,171,40
E33033294,390,127,47,80,263,208,55
E33033295,556,212,68,144,344,287,57
E33033296,595,222,80,142,373,281,92
E33033297,433,150,42,108,283,220,63
E33033298,641,218,74,144,423,345,78
E33033299,270,113,22,91,157,122,35
E33033300,285,69,20,49,216,199,17
E33033301,571,156,53,103,415,341,74
E33033302,966,309,91,218,657,532,125
E33033303,749,254,91,163,495,388,107
E33033304,597,147,45,102,450,345,105
E33033305,516,152,37,115,364,305,59
E33033306,340,115,35,80,225,185,40
E33033307,415,77,27,50,338,272,66
E33033308,408,150,47,103,258,214,44
E33033309,481,113,34,79,368,302,66
E33033310,385,123,28,95,262,219,43
E33033311,381,135,48,87,246,190,56
E33033312,448,170,39,131,278,210,68
E33033313,414,135,45,90,279,221,58
E33033314,741,231,100,131,510,400,110
E33033315,474,180,50,130,294,244,50
E33033316,342,137,35,102,205,166,39
E33033317,492,175,71,104,317,268,49
E33033318,346,143,40,103,203,167,36
E33033319,459,176,68,108,283,209,74
E33033320,303,117,43,74,186,145,41
E33033321,373,146,41,105,227,173,54
E33033322,509,127,28,99,382,303,79
E33033323,289,98,34,64,191,155,36
E33033324,388,123,48,75,265,202,63
E33033325,786,198,61,137,588,495,93
E33033326,287,97,38,59,190,156,34
E33033327,315,117,51,66,198,144,54
E33033328,524,209,77,132,315,241,74
E33033329,509,180,43,137,329,261,68
E33033330,361,102,45,57,259,194,65
E33033331,293,122,54,68,171,131,40
E33033332,351,145,60,85,206,156,50
E33033333,329,130,53,77,199,148,51
E33033334,333,135,55,80,198,154,44
E33033335,450,142,51,91,308,241,67
E33033336,680,263,95,168,417,337,80
E33033337,594,111,47,64,483,388,95
E33033338,400,82,20,62,318,227,91
E33033339,776,179,77,102,597,445,152
E33033340,342,93,18,75,249,210,39
E33033341,649,87,19,68,562,479,83
E33033342,631,124,43,81,507,380,127
E33033343,2033,200,58,142,1833,1477,356
E33033344,172,47,19,28,125,89,36
E33033345,619,74,27,47,545,420,125
E33033346,509,208,87,121,301,236,65
E33033347,558,207,83,124,351,268,83
E33033348,398,120,43,77,278,200,78
E33033349,296,124,45,79,172,133,39
E33033350,328,137,33,104,191,162,29
E33033351,359,130,59,71,229,199,30
E33033352,298,91,28,63,207,161,46
E33033353,248,112,45,67,136,97,39
E33033354,305,104,35,69,201,143,58
E33033355,519,212,72,140,307,247,60
E33033356,242,79,29,50,163,138,25
E33033357,640,170,56,114,470,377,93
E33033358,293,98,28,70,195,165,30
E33033359,312,128,62,66,184,135,49
E33033360,564,138,32,106,426,370,56
E33033361,287,89,35,54,198,143,55
E33033362,623,205,86,119,418,303,115
E33033363,301,66,25,41,235,184,51
E33033364,266,93,45,48,173,117,56
E33033365,375,141,58,83,234,183,51
E33033366,306,84,28,56,222,167,55
E33033367,1065,535,256,279,530,451,79
E33033368,356,111,39,72,245,180,65
E33033369,369,165,63,102,204,142,62
E33033370,297,98,35,63,199,159,40
E33033371,991,310,80,230,681,533,148
E33033372,305,83,32,51,222,174,48
E33033373,263,102,34,68,161,134,27
E33033374,386,158,66,92,228,181,47
E33033375,333,122,32,90,211,173,38
E33033376,387,129,46,83,258,195,63
E33033377,311,72,20,52,239,192,47
E33033378,549,207,80,127,342,251,91
E33033379,724,290,93,197,434,304,130
E33033380,520,148,50,98,372,272,100
E33033381,567,96,24,72,471,405,66
E33033382,249,104,49,55,145,115,30
E33033383,398,124,47,77,274,205,69
E33033384,313,99,42,57,214,179,35
E33033385,593,212,73,139,381,315,66
E33033386,353,131,42,89,222,174,48
E33033387,300,87,28,59,213,175,38
E33033388,650,225,102,123,425,345,80
E33033389,506,112,30,82,394,334,60
E33033390,361,126,36,90,235,182,53
E33033391,337,125,44,81,212,160,52
E33033392,319,103,23,80,216,186,30
E33033393,433,168,74,94,265,197,68
E33033394,354,109,26,83,245,171,74
E33033395,308,131,42,89,177,147,30
E33033396,600,183,53,130,417,334,83
E33033397,315,129,46,83,186,144,42
E33033398,359,159,49,110,200,175,25
E33033399,391,151,66,85,240,192,48
E33033400,563,151,54,97,412,328,84
E33033401,401,125,49,76,276,194,82
E33033402,825,285,106,179,540,376,164
E33033403,434,136,48,88,298,226,72
E33033404,304,87,36,51,217,179,38
E33033405,328,155,49,106,173,147,26
E33033406,604,296,118,178,308,270,38
E33033407,621,238,80,158,383,311,72
E33033408,436,134,40,94,302,253,49
E33033409,391,122,41,81,269,229,40
E33033410,955,252,67,185,703,586,117
E33033411,398,118,50,68,280,205,75
E33033412,574,226,81,145,348,288,60
E33033413,408,132,51,81,276,231,45
E33033414,425,153,50,103,272,238,34
E33033415,4202,796,234,562,3406,3043,363
E33033416,627,262,83,179,365,276,89
E33033417,438,86,31,55,352,274,78
E33033418,354,100,39,61,254,207,47
E33033419,1017,334,93,241,683,564,119
E33033420,492,197,78,119,295,244,51
E33033421,395,134,46,88,261,187,74
E33033422,310,115,48,67,195,146,49
E33033423,357,121,48,73,236,169,67
E33033424,309,84,29,55,225,165,60
E33033425,460,176,70,106,284,215,69
E33033426,299,113,46,67,186,136,50
E33033427,337,125,48,77,212,161,51
E33033428,409,125,37,88,284,191,93
E33033429,527,171,44,127,356,281,75
E33033430,323,115,38,77,208,169,39
E33033431,458,125,42,83,333,306,27
E33033432,701,124,51,73,577,449,128
E33033433,298,115,47,68,183,157,26
E33033434,546,125,34,91,421,354,67
E33033435,361,142,43,99,219,173,46
E33033436,473,171,50,121,302,257,45
E33033437,282,93,35,58,189,121,68
E33033438,295,97,30,67,198,140,58
E33033439,266,102,43,59,164,109,55
E33033440,413,72,17,55,341,278,63
E33033441,498,124,46,78,374,269,105
E33033442,355,128,45,83,227,172,55
E33033443,340,127,44,83,213,162,51
E33033444,313,106,36,70,207,149,58
E33033445,791,140,49,91,651,505,146
E33033446,276,108,46,62,168,117,51
E33033447,475,167,53,114,308,245,63
E33033448,307,128,39,89,179,135,44
E33033449,410,102,36,66,308,273,35
E33033450,314,119,30,89,195,157,38
E33033451,418,161,43,118,257,207,50
E33033452,377,120,34,86,257,215,42
E33033453,348,111,44,67,237,177,60
E33033454,461,166,41,125,295,211,84
E33033455,682,206,65,141,476,402,74
E33033456,335,119,45,74,216,188,28
E33033457,237,70,24,46,167,145,22
E33033458,272,108,45,63,164,114,50
E33033459,425,95,28,67,330,285,45
E33033460,333,125,43,82,208,172,36
E33033461,337,117,53,64,220,174,46
E33033462,329,120,42,78,209,152,57
E33033463,326,106,37,69,220,185,35
E33033464,416,95,26,69,321,243,78
E33033465,406,111,32,79,295,238,57
E33033466,308,154,55,99,154,127,27
E33033467,547,228,77,151,319,256,63
E33033468,450,221,60,161,229,202,27
E33033469,434,139,47,92,295,238,57
E33033470,556,198,57,141,358,286,72
E33033471,399,177,53,124,222,172,50
E33033472,274,95,32,63,179,137,42
E33033473,618,95,26,69,523,403,120
E33033474,334,129,47,82,205,155,50
E33033475,287,80,36,44,207,172,35
E33033476,279,111,43,68,168,141,27
E33033477,296,107,33,74,189,144,45
E33033478,506,126,54,72,380,306,74
E33033479,397,143,52,91,254,201,53
E33033480,410,147,63,84,263,178,85
E33033481,372,133,38,95,239,196,43
E33033482,636,225,38,187,411,372,39
E33033483,405,174,53,121,231,172,59
E33033484,399,138,48,90,261,206,55
E33033485,312,113,32,81,199,156,43
E33033486,304,126,36,90,178,136,42
E33033487,531,161,59,102,370,293,77
E33033488,295,127,40,87,168,133,35
E33033489,478,192,65,127,286,228,58
E33033490,803,182,67,115,621,519,102
E33033491,346,118,46,72,228,181,47
E33033492,378,134,47,87,244,196,48
E33033493,340,177,71,106,163,134,29
E33033494,554,196,72,124,358,287,71
E33033495,257,104,35,69,153,119,34
E33033496,428,163,29,134,265,235,30
E33033497,598,235,67,168,363,281,82
E33033498,391,134,47,87,257,195,62
E33033499,584,178,51,127,406,342,64
E33033500,434,144,51,93,290,211,79
E33033501,310,102,47,55,208,170,38
E33033502,4029,1087,262,825,2942,2622,320
E33033503,322,126,42,84,196,168,28
E33033504,296,98,35,63,198,165,33
E33033505,532,145,59,86,387,327,60
E33033506,354,142,49,93,212,168,44
E33033507,565,165,54,111,400,350,50
E33033508,505,210,74,136,295,237,58
E33033509,332,162,82,80,170,110,60
E33033510,248,91,43,48,157,104,53
E33033511,615,226,75,151,389,297,92
E33033512,444,157,65,92,287,246,41
E33033513,346,149,49,100,197,154,43
E33033514,563,144,38,106,419,337,82
E33033515,301,89,23,66,212,180,32
E33033516,589,236,90,146,353,265,88
E33033517,469,208,56,152,261,217,44
E33033518,414,173,66,107,241,182,59
E33033519,375,155,80,75,220,162,58
E33033520,367,161,50,111,206,147,59
E33033521,367,133,36,97,234,183,51
E33033522,308,97,21,76,211,156,55
E33033523,762,60,19,41,702,474,228
E33033524,401,87,23,64,314,249,65
E33033525,346,106,31,75,240,184,56
E33033526,293,101,30,71,192,161,31
E33033527,463,192,60,132,271,212,59
E33033528,504,184,56,128,320,267,53
E33033529,494,179,67,112,315,265,50
E33033530,345,132,41,91,213,173,40
E33033531,389,174,69,105,215,176,39
E33033532,290,107,38,69,183,150,33
E33033533,295,92,35,57,203,170,33
E33033534,596,146,52,94,450,365,85
E33033535,434,157,64,93,277,221,56
E33033536,380,174,69,105,206,157,49
E33033537,327,94,34,60,233,199,34
E33033538,537,211,101,110,326,245,81
E33033539,584,230,101,129,354,267,87
E33033540,266,110,42,68,156,124,32
E33033541,337,134,35,99,203,162,41
E33033542,554,135,40,95,419,370,49
E33033543,514,187,53,134,327,266,61
E33033544,415,161,49,112,254,166,88
E33033545,637,237,84,153,400,302,98
E33033546,264,116,46,70,148,119,29
E33033547,541,253,79,174,288,244,44
E33033548,342,140,55,85,202,165,37
E33033549,355,126,43,83,229,175,54
E33033550,372,162,59,103,210,170,40
E33033551,612,206,91,115,406,322,84
E33033552,597,88,38,50,509,444,65
E33033553,273,102,37,65,171,136,35
E33033554,246,97,46,51,149,108,41
E33033555,290,90,35,55,200,155,45
E33033556,538,177,42,135,361,300,61
E33033557,347,144,48,96,203,151,52
E33033558,353,141,50,91,212,173,39
E33033559,445,150,60,90,295,240,55
E33033560,265,98,39,59,167,107,60
E33033561,397,157,66,91,240,180,60
E33033562,319,111,45,66,208,151,57
E33033563,245,92,35,57,153,118,35
E33033564,477,188,53,135,289,220,69
E33033565,466,189,66,123,277,241,36
E33033566,321,134,39,95,187,150,37
E33033567,450,192,69,123,258,204,54
E33033568,449,196,68,128,253,204,49
E33033569,284,112,34,78,172,140,32
E33033570,297,96,32,64,201,168,33
E33033571,491,172,53,119,319,274,45
E33033572,553,202,76,126,351,278,73
E33033573,499,98,34,64,401,321,80
E33033574,505,233,81,152,272,219,53
E33033575,627,228,62,166,399,323,76
E33033576,480,136,34,102,344,275,69
E33033577,678,250,70,180,428,338,90
E33033578,622,299,93,206,323,277,46
E33033579,451,165,59,106,286,210,76
E33033580,280,103,38,65,177,138,39
E33033581,486,174,54,120,312,254,58
E33033582,500,179,49,130,321,238,83
E33033583,251,95,24,71,156,121,35
E33033584,509,212,68,144,297,275,22
E33033585,486,197,88,109,289,211,78
E33033586,303,123,53,70,180,139,41
E33033587,739,337,105,232,402,308,94
E33033588,323,109,27,82,214,173,41
E33033589,274,118,39,79,156,125,31
E33033590,289,137,47,90,152,110,42
E33033591,304,119,33,86,185,146,39
E33033592,457,190,68,122,267,209,58
E33033593,326,118,37,81,208,170,38
E33033594,400,118,35,83,282,220,62
E33033595,893,243,67,176,650,541,109
E33033596,247,92,34,58,155,141,14
E33033597,686,132,43,89,554,415,139
E33033598,479,157,42,115,322,304,18
E33033599,482,274,74,200,208,177,31
E33033600,338,170,46,124,168,143,25
E33033601,448,173,54,119,275,203,72
E33033602,660,182,66,116,478,380,98
E33033603,363,141,49,92,222,182,40
E33033604,696,260,85,175,436,346,90
E33033605,526,175,58,117,351,278,73
E33033606,433,121,42,79,312,270,42
E33033607,397,147,42,105,250,192,58
E33033608,529,74,21,53,455,417,38
E33033609,379,162,48,114,217,187,30
E33033610,304,97,26,71,207,172,35
E33033611,513,209,59,150,304,247,57
E33033612,423,272,113,159,151,120,31
E33033613,529,196,68,128,333,285,48
E33033614,398,86,31,55,312,259,53
E33033615,501,208,73,135,293,219,74
E33033616,487,109,38,71,378,320,58
E33033617,499,196,66,130,303,233,70
E33033618,331,137,64,73,194,146,48
E33033619,395,116,38,78,279,224,55
E33033620,454,182,46,136,272,207,65
E33033621,341,117,38,79,224,168,56
E33033622,612,224,71,153,388,325,63
E33033623,603,199,59,140,404,344,60
E33033624,390,169,52,117,221,177,44
E33033625,784,290,72,218,494,397,97
E33033626,403,108,20,88,295,227,68
E33033627,464,180,46,134,284,227,57
E33033628,496,87,21,66,409,330,79
E33033629,1180,580,188,392,600,515,85
E33033630,304,137,39,98,167,130,37
E33033631,267,65,19,46,202,163,39
E33033632,368,113,39,74,255,215,40
E33033633,473,169,48,121,304,252,52
E33033634,315,101,31,70,214,183,31
E33033635,389,175,44,131,214,181,33
E33033636,255,100,26,74,155,117,38
E33033637,787,213,61,152,574,503,71
E33033638,352,157,41,116,195,164,31
E33033639,581,91,32,59,490,364,126
E33033640,344,121,41,80,223,194,29
E33033641,391,101,40,61,290,241,49
E33033642,332,61,16,45,271,206,65
E33033643,551,81,30,51,470,383,87
E33033644,387,121,22,99,266,246,20
E33033645,661,168,41,127,493,441,52
E33033646,555,114,44,70,441,367,74
E33033647,270,81,22,59,189,149,40
E33033648,316,102,30,72,214,192,22
E33033649,378,139,42,97,239,207,32
E33033650,365,137,34,103,228,179,49
E33033651,327,142,26,116,185,146,39
E33033652,396,140,41,99,256,183,73
E33033653,462,200,51,149,262,216,46
E33033654,282,104,28,76,178,129,49
E33033655,358,145,33,112,213,184,29
E33033656,663,144,39,105,519,396,123
E33033657,542,229,59,170,313,247,66
E33033658,520,184,51,133,336,251,85
E33033659,1050,212,61,151,838,728,110
E33033660,603,262,105,157,341,252,89
E33033661,544,208,62,146,336,279,57
E33033662,454,152,34,118,302,268,34
E33033663,387,111,30,81,276,213,63
E33033664,367,166,45,121,201,148,53
E33033665,350,127,37,90,223,153,70
E33033666,491,204,43,161,287,219,68
E33033667,635,214,99,115,421,369,52
E33033668,422,180,65,115,242,186,56
E33033669,382,162,48,114,220,180,40
E33033670,711,297,91,206,414,328,86
E33033671,395,178,104,74,217,172,45
E33033672,495,196,64,132,299,259,40
E33033673,258,91,24,67,167,147,20
E33033674,266,91,26,65,175,153,22
E33033675,321,142,52,90,179,140,39
E33033676,515,218,84,134,297,220,77
E33033677,299,97,51,46,202,169,33
E33033678,344,139,48,91,205,160,45
E33033679,536,239,76,163,297,240,57
E33033680,3287,739,172,567,2548,2236,312
E33033681,511,197,69,128,314,251,63
E33033682,326,131,61,70,195,141,54
E33033683,466,149,54,95,317,232,85
E33033684,448,159,58,101,289,231,58
E33033685,564,195,66,129,369,296,73
E33033686,354,115,40,75,239,193,46
E33033687,254,66,26,40,188,146,42
E33033688,355,121,30,91,234,206,28
E33033689,371,101,38,63,270,212,58
E33033690,654,222,54,168,432,354,78
E33033691,496,178,59,119,318,229,89
E33033692,388,120,43,77,268,192,76
E33033693,517,156,65,91,361,290,71
E33033694,440,165,52,113,275,205,70
E33033695,645,198,63,135,447,335,112
E33033696,666,229,53,176,437,335,102
E33033697,429,127,39,88,302,254,48
E33033698,405,149,51,98,256,199,57
E33033699,534,169,53,116,365,274,91
E33033700,358,110,23,87,248,214,34
E33033701,359,103,38,65,256,213,43
E33033702,560,219,56,163,341,272,69
E33033703,341,143,54,89,198,144,54
E33033704,261,98,35,63,163,122,41
E33033705,328,98,23,75,230,193,37
E33033706,475,182,72,110,293,218,75
E33033707,320,110,26,84,210,167,43
E33033708,475,191,68,123,284,216,68
E33033709,660,361,133,228,299,243,56
E33033710,756,227,83,144,529,414,115
E33033711,444,140,51,89,304,232,72
E33033712,475,170,64,106,305,230,75
E33033713,490,161,57,104,329,231,98
E33033714,424,132,41,91,292,233,59
E33033715,322,115,32,83,207,170,37
E33033716,988,409,194,215,579,500,79
E33033717,423,122,43,79,301,217,84
E33033718,534,153,51,102,381,293,88
E33033719,541,220,69,151,321,261,60
E33033720,333,77,28,49,256,206,50
E33033721,1307,298,85,213,1009,791,218
E33033722,409,143,56,87,266,198,68
E33033723,448,241,65,176,207,184,23
E33033724,725,205,61,144,520,419,101
E33033725,623,381,85,296,242,205,37
E33033726,279,163,45,118,116,102,14
E33033727,449,275,51,224,174,140,34
E33033728,455,160,42,118,295,224,71
E33033729,373,105,34,71,268,222,46
E33033730,469,270,73,197,199,142,57
E33033731,469,281,50,231,188,164,24
E33033732,696,485,120,365,211,175,36
E33033733,388,158,35,123,230,192,38
E33033734,355,147,28,119,208,175,33
E33033735,309,169,41,128,140,117,23
E33033736,389,259,55,204,130,101,29
E33033737,362,187,45,142,175,132,43
E33033738,354,163,56,107,191,160,31
E33033739,342,146,51,95,196,157,39
E33033740,413,313,72,241,100,77,23
E33033741,310,135,46,89,175,142,33
E33033742,377,139,45,94,238,176,62
E33033743,327,178,41,137,149,105,44
E33033744,388,169,41,128,219,160,59
E33033745,357,132,35,97,225,174,51
E33033746,383,135,49,86,248,200,48
E33033747,309,119,51,68,190,152,38
E33033748,445,162,47,115,283,201,82
E33033749,296,94,35,59,202,144,58
E33033750,362,139,56,83,223,164,59
E33033751,387,198,61,137,189,148,41
E33033752,304,69,15,54,235,201,34
E33033753,283,104,40,64,179,143,36
E33033754,273,102,32,70,171,118,53
E33033755,246,110,30,80,136,104,32
E33033756,315,97,28,69,218,169,49
E33033757,339,142,48,94,197,150,47
E33033758,370,174,60,114,196,149,47
E33033759,604,219,54,165,385,309,76
E33033760,320,151,43,108,169,131,38
E33033761,420,139,67,72,281,232,49
E33033762,366,116,37,79,250,204,46
E33033763,306,96,32,64,210,165,45
E33033764,271,104,26,78,167,135,32
E33033765,504,165,55,110,339,276,63
E33033766,395,138,40,98,257,220,37
E33033767,353,113,42,71,240,187,53
E33033768,503,234,78,156,269,200,69
E33033769,365,102,22,80,263,200,63
E33033770,358,125,34,91,233,193,40
E33033771,377,132,35,97,245,192,53
E33033772,274,109,35,74,165,133,32
E33033773,441,175,54,121,266,215,51
E33033774,273,126,34,92,147,117,30
E33033775,573,195,63,132,378,314,64
E33033776,364,65,22,43,299,256,43
E33033777,374,131,44,87,243,179,64
E33033778,474,141,45,96,333,269,64
E33033779,295,115,37,78,180,136,44
E33033780,310,109,33,76,201,163,38
E33033781,288,122,47,75,166,133,33
E33033782,735,172,54,118,563,432,131
E33033783,492,226,79,147,266,202,64
E33033784,426,166,47,119,260,196,64
E33033785,425,178,56,122,247,180,67
E33033786,354,125,45,80,229,158,71
E33033787,384,109,33,76,275,223,52
E33033788,368,143,33,110,225,169,56
E33033789,294,120,41,79,174,128,46
E33033790,265,75,16,59,190,159,31
E33033791,311,100,27,73,211,170,41
E33033792,534,188,51,137,346,236,110
E33033793,359,145,46,99,214,168,46
E33033794,402,99,28,71,303,245,58
E33033795,320,98,32,66,222,162,60
E33033796,356,174,52,122,182,150,32
E33033797,379,103,21,82,276,242,34
E33033798,252,88,28,60,164,125,39
E33033799,390,86,28,58,304,276,28
E33033800,245,97,34,63,148,120,28
E33033801,453,88,33,55,365,280,85
E33033802,816,168,55,113,648,536,112
E33033803,796,227,52,175,569,482,87
E33033804,462,190,51,139,272,227,45
E33033805,290,117,35,82,173,145,28
E33033806,427,166,63,103,261,201,60
E33033807,267,78,16,62,189,158,31
E33033808,425,102,33,69,323,269,54
E33033809,825,378,165,213,447,375,72
E33033810,335,125,39,86,210,163,47
E33033811,355,133,44,89,222,162,60
E33033812,316,128,39,89,188,146,42
E33033813,630,112,20,92,518,471,47
E33033814,421,136,56,80,285,203,82
E33033815,321,103,44,59,218,167,51
E33033816,311,85,29,56,226,177,49
E33033817,376,116,27,89,260,196,64
E33033818,359,102,20,82,257,197,60
E33033819,279,93,30,63,186,139,47
E33033820,354,133,48,85,221,180,41
E33033821,484,183,53,130,301,241,60
E33033822,335,104,42,62,231,165,66
E33033823,359,98,25,73,261,194,67
E33033824,397,133,33,100,264,195,69
E33033825,322,103,29,74,219,176,43
E33033826,297,108,36,72,189,145,44
E33033827,506,176,49,127,330,242,88
E33033828,404,156,48,108,248,181,67
E33033829,454,110,41,69,344,263,81
E33033830,569,157,50,107,412,329,83
E33033831,299,106,44,62,193,157,36
E33033832,622,208,54,154,414,330,84
E33033833,492,131,43,88,361,306,55
E33033834,490,125,29,96,365,315,50
E33033835,330,93,36,57,237,157,80
E33033836,348,103,32,71,245,179,66
E33033837,355,120,43,77,235,173,62
E33033838,508,145,41,104,363,289,74
E33033839,311,93,25,68,218,151,67
E33033840,537,148,51,97,389,301,88
E33033841,568,170,48,122,398,308,90
E33033842,457,127,47,80,330,237,93
E33033843,428,125,29,96,303,242,61
E33033844,554,168,56,112,386,295,91
E33033845,1157,296,88,208,861,725,136
E33033846,466,129,32,97,337,288,49
E33033847,460,59,21,38,401,319,82
E33033848,541,80,10,70,461,392,69
E33033849,573,145,48,97,428,349,79
E33033850,598,99,37,62,499,387,112
E33033851,308,108,42,66,200,148,52
E33033852,648,112,38,74,536,349,187
E33033853,575,198,39,159,377,310,67
E33033854,998,114,29,85,884,739,145
E33033855,669,102,23,79,567,419,148
E33033856,341,113,55,58,228,182,46
E33033857,555,190,85,105,365,288,77
E33033858,407,132,55,77,275,224,51
E33033859,814,157,48,109,657,445,212
E33033860,636,182,46,136,454,354,100
E33033861,586,229,62,167,357,289,68
E33033862,239,69,18,51,170,153,17
E33033863,495,134,43,91,361,293,68
E33033864,718,155,55,100,563,409,154
E33033865,412,140,46,94,272,240,32
E33033866,414,187,53,134,227,176,51
E33033867,375,107,35,72,268,186,82
E33033868,456,144,66,78,312,217,95
E33033869,475,164,62,102,311,247,64
E33033870,300,68,22,46,232,190,42
E33033871,4495,2077,1032,1045,2418,2147,271
E33033872,664,176,55,121,488,428,60
E33033873,6565,929,255,674,5636,4709,927
E33033874,350,96,25,71,254,209,45
E33033875,298,101,28,73,197,142,55
E33033876,442,179,51,128,263,201,62
E33033877,470,94,31,63,376,249,127
E33033878,312,90,39,51,222,159,63
E33033879,272,89,22,67,183,166,17
E33033880,297,125,39,86,172,134,38
E33033881,271,61,26,35,210,146,64
E33033882,507,142,55,87,365,284,81
E33033883,308,91,22,69,217,155,62
E33033884,277,94,23,71,183,138,45
E33033885,419,140,66,74,279,204,75
E33033886,473,214,75,139,259,210,49
E33033887,496,80,25,55,416,319,97
E33033888,256,71,21,50,185,153,32
E33033889,303,83,27,56,220,152,68
E33033890,323,82,29,53,241,189,52
E33033891,272,106,51,55,166,136,30
E33033892,403,131,55,76,272,209,63
E33033893,514,202,61,141,312,238,74
E33033894,392,124,40,84,268,176,92
E33033895,233,74,36,38,159,117,42
E33033896,545,153,53,100,392,305,87
E33033897,294,90,35,55,204,151,53
E33033898,510,125,36,89,385,284,101
E33033899,259,88,29,59,171,115,56
E33033900,1027,176,47,129,851,705,146
E33033901,465,82,35,47,383,291,92
E33033902,294,112,41,71,182,132,50
E33033903,242,77,30,47,165,107,58
E33033904,402,132,50,82,270,181,89
E33033905,616,175,60,115,441,310,131
E33033906,331,133,45,88,198,140,58
E33033907,395,55,24,31,340,248,92
E33033908,272,76,18,58,196,126,70
E33033909,434,124,39,85,310,219,91
E33033910,359,99,26,73,260,218,42
E33033911,456,100,38,62,356,288,68
E33033912,573,113,33,80,460,361,99
E33033913,509,150,63,87,359,268,91
E33033914,482,63,17,46,419,292,127
E33033915,464,86,32,54,378,304,74
E33033916,668,84,23,61,584,503,81
E33033917,905,71,23,48,834,640,194
E33033918,1017,153,41,112,864,751,113
E33033919,739,210,82,128,529,438,91
E33033920,274,112,34,78,162,125,37
E33033921,965,108,50,58,857,655,202
E33033922,441,110,37,73,331,255,76
E33033923,1147,118,41,77,1029,800,229
E33033924,296,79,33,46,217,156,61
E33033925,846,184,85,99,662,540,122
E33033926,371,115,33,82,256,196,60
E33033927,519,219,86,133,300,272,28
E33033928,279,109,59,50,170,137,33
E33033929,248,49,14,35,199,170,29
E33033930,354,49,12,37,305,268,37
E33033931,1169,110,38,72,1059,851,208
E33033932,1140,143,36,107,997,910,87
E33033933,434,105,45,60,329,252,77
E33033934,1068,137,33,104,931,804,127
E33033935,455,143,51,92,312,228,84
E33033936,538,162,70,92,376,308,68
E33033937,430,146,38,108,284,225,59
E33033938,282,70,20,50,212,149,63
E33033939,526,151,46,105,375,323,52
E33033940,383,133,45,88,250,191,59
E33033941,383,121,49,72,262,206,56
E33033942,790,147,49,98,643,569,74
E33033943,303,98,32,66,205,148,57
E33033944,266,67,27,40,199,147,52
E33033945,264,75,20,55,189,148,41
E33033946,359,88,30,58,271,207,64
E33033947,439,78,32,46,361,277,84
E33033948,257,101,30,71,156,134,22
E33033949,621,101,32,69,520,405,115
E33033950,422,139,59,80,283,225,58
E33033951,271,31,15,16,240,171,69
E33033952,356,123,44,79,233,176,57
E33033953,271,81,24,57,190,142,48
E33033954,577,135,51,84,442,318,124
E33033955,482,154,42,112,328,262,66
E33033956,302,126,62,64,176,142,34
E33033957,333,107,48,59,226,156,70
E33033958,534,76,20,56,458,345,113
E33033959,272,92,28,64,180,144,36
E33033960,350,127,45,82,223,178,45
E33033961,369,90,26,64,279,206,73
E33033962,228,66,24,42,162,131,31
E33033963,711,145,52,93,566,417,149
E33033964,328,104,36,68,224,157,67
E33033965,266,57,23,34,209,143,66
E33033966,306,89,39,50,217,140,77
E33033967,419,132,73,59,287,222,65
E33033968,613,185,78,107,428,309,119
E33033969,281,85,33,52,196,148,48
E33033970,458,106,35,71,352,265,87
E33033971,303,62,18,44,241,188,53
E33033972,689,199,63,136,490,384,106
E33033973,1187,481,315,166,706,544,162
E33033974,732,130,48,82,602,473,129
E33033975,294,92,33,59,202,132,70
E33033976,287,99,36,63,188,117,71
E33033977,310,99,26,73,211,142,69
E33033978,586,113,34,79,473,374,99
E33033979,374,67,27,40,307,272,35
E33033980,371,97,34,63,274,198,76
E33033981,543,168,71,97,375,285,90
E33033982,280,65,15,50,215,164,51
E33033983,381,118,48,70,263,182,81
E33033984,410,101,40,61,309,226,83
E33033985,394,139,52,87,255,167,88
E33033986,1179,139,49,90,1040,752,288
E33033987,334,123,38,85,211,147,64
E33033988,673,164,40,124,509,422,87
E33033989,235,38,13,25,197,155,42
E33033990,397,84,26,58,313,233,80
E33033991,273,71,18,53,202,163,39
E33033992,451,176,55,121,275,220,55
E33033993,267,55,25,30,212,145,67
E33033994,629,194,78,116,435,316,119
E33033995,294,119,40,79,175,126,49
E33033996,292,83,30,53,209,151,58
E33033997,582,75,32,43,507,378,129
E33033998,377,110,47,63,267,203,64
E33033999,413,90,27,63,323,241,82
E33034000,226,57,24,33,169,128,41
E33034001,270,102,34,68,168,124,44
E33034002,520,123,58,65,397,284,113
E33034003,463,127,48,79,336,289,47
E33034004,427,166,50,116,261,206,55
E33034005,389,133,37,96,256,204,52
E33034006,574,237,79,158,337,266,71
E33034007,367,106,43,63,261,191,70
E33034008,378,154,63,91,224,183,41
E33034009,417,204,48,156,213,175,38
E33034010,672,227,69,158,445,330,115
E33034011,471,201,70,131,270,200,70
E33034012,336,108,29,79,228,194,34
E33034013,655,143,47,96,512,411,101
E33034014,418,143,53,90,275,211,64
E33034015,451,98,29,69,353,307,46
E33034016,414,176,58,118,238,197,41
E33034017,320,134,43,91,186,160,26
E33034018,349,100,33,67,249,215,34
E33034019,633,279,118,161,354,277,77
E33034020,466,172,42,130,294,251,43
E33034021,497,104,26,78,393,334,59
E33034022,710,194,51,143,516,449,67
E33034023,587,222,75,147,365,293,72
E33034024,501,174,68,106,327,257,70
E33034025,526,209,63,146,317,268,49
E33034026,537,224,88,136,313,255,58
E33034027,546,154,53,101,392,303,89
E33034028,469,195,63,132,274,230,44
E33034029,278,110,44,66,168,128,40
E33034030,429,144,53,91,285,212,73
E33034031,630,232,78,154,398,283,115
E33034032,317,140,57,83,177,138,39
E33034033,686,268,75,193,418,341,77
E33034034,362,134,54,80,228,195,33
E33034035,451,205,45,160,246,198,48
E33034036,334,77,25,52,257,219,38
E33034037,491,211,80,131,280,220,60
E33034038,409,169,64,105,240,198,42
E33034039,386,143,41,102,243,202,41
E33034040,420,139,36,103,281,252,29
E33034041,692,182,63,119,510,416,94
E33034042,395,175,56,119,220,180,40
E33034043,641,249,87,162,392,324,68
E33034044,664,231,74,157,433,348,85
E33034045,541,196,57,139,345,296,49
E33034046,397,185,50,135,212,177,35
E33034047,557,200,64,136,357,293,64
E33034048,282,96,45,51,186,130,56
E33034049,310,97,39,58,213,165,48
E33034050,393,148,64,84,245,181,64
E33034051,481,173,72,101,308,227,81
E33034052,441,163,57,106,278,226,52
E33034053,421,95,24,71,326,282,44
E33034054,930,308,71,237,622,498,124
E33034055,649,67,29,38,582,507,75
E33034056,477,83,26,57,394,319,75
E33034057,518,165,69,96,353,319,34
E33034058,304,131,40,91,173,145,28
E33034059,305,119,24,95,186,172,14
E33034060,314,111,48,63,203,168,35
E33034061,357,134,41,93,223,171,52
E33034062,370,145,70,75,225,184,41
E33034063,291,114,48,66,177,137,40
E33034064,332,167,64,103,165,126,39
E33034065,602,136,46,90,466,366,100
E33034066,707,262,73,189,445,342,103
E33034067,545,216,74,142,329,281,48
E33034068,523,152,58,94,371,318,53
E33034069,354,147,59,88,207,172,35
E33034070,360,154,54,100,206,166,40
E33034071,393,121,32,89,272,210,62
E33034072,253,72,31,41,181,150,31
E33034073,261,76,21,55,185,154,31
E33034074,410,121,41,80,289,207,82
E33034075,701,350,150,200,351,278,73
E33034076,290,141,52,89,149,102,47
E33034077,274,127,44,83,147,95,52
E33034078,503,146,41,105,357,312,45
E33034079,369,139,44,95,230,174,56
E33034080,610,213,51,162,397,306,91
E33034081,503,174,59,115,329,258,71
E33034082,306,134,50,84,172,139,33
E33034083,310,93,39,54,217,156,61
E33034084,355,154,43,111,201,160,41
E33034085,482,203,65,138,279,226,53
E33034086,338,126,51,75,212,158,54
E33034087,528,126,49,77,402,336,66
E33034088,629,260,74,186,369,302,67
E33034089,468,207,58,149,261,206,55
E33034090,486,221,65,156,265,192,73
E33034091,355,154,43,111,201,159,42
E33034092,510,171,43,128,339,270,69
E33034093,333,112,31,81,221,185,36
E33034094,319,102,40,62,217,169,48
E33034095,380,75,18,57,305,279,26
E33034096,299,116,40,76,183,143,40
E33034097,325,145,41,104,180,159,21
E33034098,482,104,29,75,378,330,48
E33034099,453,123,38,85,330,265,65
E33034100,503,227,76,151,276,220,56
E33034101,443,178,51,127,265,207,58
E33034102,353,150,49,101,203,161,42
E33034103,359,141,42,99,218,165,53
E33034104,362,147,51,96,215,142,73
E33034105,609,213,82,131,396,311,85
E33034106,1510,343,86,257,1167,1095,72
E33034107,331,138,46,92,193,162,31
E33034108,418,162,43,119,256,185,71
E33034109,437,105,27,78,332,262,70
E33034110,519,158,47,111,361,268,93
E33034111,516,246,80,166,270,217,53
E33034112,379,200,50,150,179,151,28
E33034113,441,164,42,122,277,216,61
E33034114,635,281,68,213,354,304,50
E33034115,417,100,33,67,317,255,62
E33034116,277,84,39,45,193,153,40
E33034117,324,117,53,64,207,118,89
E33034118,300,117,35,82,183,152,31
E33034119,349,146,56,90,203,168,35
E33034120,375,101,35,66,274,204,70
E33034121,658,213,86,127,445,262,183
E33034122,424,139,42,97,285,203,82
E33034123,339,128,36,92,211,164,47
E33034124,343,176,48,128,167,122,45
E33034125,518,246,137,109,272,239,33
E33034126,763,262,63,199,501,404,97
E33034127,648,231,53,178,417,365,52
E33034128,389,171,48,123,218,180,38
E33034129,411,184,50,134,227,172,55
E33034130,308,127,57,70,181,131,50
E33034131,316,133,48,85,183,145,38
E33034132,429,187,63,124,242,195,47
E33034133,296,113,43,70,183,136,47
E33034134,337,101,22,79,236,178,58
E33034135,372,151,55,96,221,145,76
E33034136,294,89,20,69,205,164,41
E33034137,272,88,36,52,184,152,32
E33034138,349,105,37,68,244,173,71
E33034139,447,177,62,115,270,204,66
E33034140,304,107,40,67,197,145,52
E33034141,297,113,48,65,184,120,64
E33034142,279,96,37,59,183,134,49
E33034143,476,177,62,115,299,218,81
E33034144,446,120,52,68,326,266,60
E33034145,301,112,28,84,189,160,29
E33034146,304,108,36,72,196,143,53
E33034147,306,115,39,76,191,149,42
E33034148,324,98,30,68,226,176,50
E33034149,1461,353,106,247,1108,936,172
E33034150,320,117,55,62,203,159,44
E33034151,444,108,38,70,336,270,66
E33034152,355,108,49,59,247,193,54
E33034153,342,157,73,84,185,135,50
E33034154,431,193,80,113,238,168,70
E33034155,851,258,79,179,593,521,72
E33034156,484,161,59,102,323,218,105
E33034157,363,146,39,107,217,158,59
E33034158,373,137,51,86,236,171,65
E33034159,447,164,60,104,283,223,60
E33034160,444,144,53,91,300,250,50
E33034161,350,146,66,80,204,159,45
E33034162,313,97,38,59,216,169,47
E33034163,294,111,53,58,183,153,30
E33034164,524,181,70,111,343,285,58
E33034165,462,196,76,120,266,201,65
E33034166,609,251,101,150,358,305,53
E33034167,256,88,29,59,168,119,49
E33034168,480,133,47,86,347,271,76
E33034169,335,117,33,84,218,169,49
E33034170,274,100,38,62,174,146,28
E33034171,315,123,44,79,192,143,49
E33034172,566,259,124,135,307,267,40
E33034173,305,124,58,66,181,126,55
E33034174,646,246,71,175,400,321,79
E33034175,654,321,126,195,333,257,76
E33034176,453,107,41,66,346,296,50
E33034177,408,140,46,94,268,211,57
E33034178,310,107,29,78,203,164,39
E33034179,419,152,41,111,267,214,53
E33034180,575,191,78,113,384,315,69
E33034181,668,258,89,169,410,305,105
E33034182,740,341,151,190,399,303,96
E33034183,337,127,32,95,210,159,51
E33034184,683,269,108,161,414,317,97
E33034185,305,123,44,79,182,146,36
E33034186,272,105,44,61,167,121,46
E33034187,456,108,37,71,348,279,69
E33034188,462,162,42,120,300,241,59
E33034189,437,174,61,113,263,208,55
E33034190,575,160,54,106,415,335,80
E33034191,642,242,83,159,400,305,95
E33034192,357,79,25,54,278,232,46
E33034193,343,111,45,66,232,187,45
E33034194,410,125,23,102,285,230,55
E33034195,508,182,64,118,326,256,70
E33034196,428,134,41,93,294,200,94
E33034197,543,205,84,121,338,275,63
E33034198,321,128,54,74,193,157,36
E33034199,714,184,51,133,530,431,99
E33034200,495,204,82,122,291,245,46
E33034201,431,133,51,82,298,250,48
E33034202,405,157,62,95,248,177,71
E33034203,416,177,67,110,239,181,58
E33034204,440,154,45,109,286,197,89
E33034205,236,95,36,59,141,112,29
E33034206,280,149,47,102,131,87,44
E33034207,291,122,56,66,169,125,44
E33034208,538,206,90,116,332,264,68
E33034209,498,160,67,93,338,261,77
E33034210,408,127,43,84,281,228,53
E33034211,534,211,68,143,323,260,63
E33034212,368,154,61,93,214,156,58
E33034213,298,133,49,84,165,133,32
E33034214,264,81,35,46,183,146,37
E33034215,383,153,47,106,230,187,43
E33034216,597,159,48,111,438,360,78
E33034217,293,110,51,59,183,155,28
E33034218,361,137,36,101,224,165,59
E33034219,714,288,89,199,426,349,77
E33034220,409,147,44,103,262,208,54
E33034221,727,219,94,125,508,413,95
E33034222,347,140,56,84,207,161,46
E33034223,632,218,79,139,414,311,103
E33034224,517,184,71,113,333,253,80
E33034225,287,100,32,68,187,133,54
E33034226,393,160,77,83,233,170,63
E33034227,281,88,31,57,193,156,37
E33034228,1471,347,91,256,1124,955,169
E33034229,328,129,49,80,199,177,22
E33034230,307,108,41,67,199,181,18
E33034231,320,118,45,73,202,161,41
E33034232,308,106,23,83,202,161,41
E33034233,294,120,53,67,174,133,41
E33034234,405,78,19,59,327,292,35
E33034235,341,119,43,76,222,171,51
E33034236,365,156,53,103,209,151,58
E33034237,368,110,42,68,258,223,35
E33034238,480,170,64,106,310,228,82
E33034239,380,163,62,101,217,175,42
E33034240,546,200,54,146,346,279,67
E33034241,365,120,37,83,245,194,51
E33034242,629,97,30,67,532,437,95
E33034243,326,130,51,79,196,143,53
E33034244,404,147,45,102,257,212,45
E33034245,425,153,51,102,272,214,58
E33034246,612,251,77,174,361,301,60
E33034247,769,267,48,219,502,453,49
E33034248,287,110,33,77,177,123,54
E33034249,252,87,31,56,165,135,30
E33034250,287,103,47,56,184,132,52
E33034251,297,71,36,35,226,162,64
E33034252,487,159,50,109,328,260,68
E33034253,346,126,53,73,220,154,66
E33034254,505,228,85,143,277,234,43
E33034255,295,127,37,90,168,122,46
E33034256,334,144,47,97,190,156,34
E33034257,284,118,42,76,166,121,45
E33034258,516,178,58,120,338,252,86
E33034259,606,242,96,146,364,277,87
E33034260,746,257,75,182,489,401,88
E33034261,327,121,29,92,206,161,45
E33034262,383,133,36,97,250,192,58
E33034263,548,262,93,169,286,251,35
E33034264,502,157,61,96,345,268,77
E33034265,880,294,104,190,586,442,144
E33034266,850,344,112,232,506,422,84
E33034267,300,81,22,59,219,199,20
E33034268,544,101,33,68,443,336,107
E33034269,606,230,81,149,376,311,65
E33034270,371,68,20,48,303,240,63
E33034271,595,277,93,184,318,253,65
E33034272,331,120,35,85,211,150,61
E33034273,397,135,30,105,262,201,61
E33034274,368,187,85,102,181,137,44
E33034275,409,160,49,111,249,195,54
E33034276,381,173,64,109,208,161,47
E33034277,617,234,62,172,383,319,64
E33034278,260,88,38,50,172,129,43
E33034279,286,52,20,32,234,181,53
E33034280,539,128,49,79,411,272,139
E33034281,471,158,38,120,313,264,49
E33034282,350,114,47,67,236,178,58
E33034283,558,206,90,116,352,267,85
E33034284,345,109,51,58,236,188,48
E33034285,399,184,71,113,215,167,48
E33034286,615,138,48,90,477,379,98
E33034287,443,96,36,60,347,301,46
E33034288,464,155,62,93,309,237,72
E33034289,424,149,61,88,275,228,47
E33034290,284,89,35,54,195,141,54
E33034291,481,202,100,102,279,202,77
E33034292,415,129,41,88,286,224,62
E33034293,325,112,36,76,213,161,52
E33034294,705,287,109,178,418,348,70
E33034295,722,132,35,97,590,439,151
E33034296,402,148,63,85,254,193,61
E33034297,383,149,32,117,234,193,41
E33034298,383,144,51,93,239,179,60
E33034299,338,115,40,75,223,171,52
E33034300,451,91,28,63,360,261,99
E33034301,374,150,46,104,224,181,43
E33034302,318,99,33,66,219,170,49
E33034303,431,165,62,103,266,211,55
E33034304,328,129,56,73,199,157,42
E33034305,270,105,31,74,165,133,32
E33034306,916,534,191,343,382,343,39
E33034307,425,134,25,109,291,263,28
E33034308,243,81,27,54,162,121,41
E33034309,304,104,24,80,200,162,38
E33034310,772,155,61,94,617,491,126
E33034311,467,109,38,71,358,319,39
E33034312,458,206,84,122,252,214,38
E33034313,475,151,41,110,324,280,44
E33034314,739,216,59,157,523,446,77
E33034315,348,155,51,104,193,170,23
E33034316,343,172,71,101,171,129,42
E33034317,416,160,62,98,256,180,76
E33034318,380,124,47,77,256,192,64
E33034319,418,135,41,94,283,207,76
E33034320,281,108,44,64,173,124,49
E33034321,468,187,85,102,281,210,71
E33034322,350,110,50,60,240,176,64
E33034323,356,83,38,45,273,207,66
E33034324,1431,573,191,382,858,748,110
E33034325,272,104,30,74,168,136,32
E33034326,268,99,35,64,169,119,50
E33034327,500,176,70,106,324,277,47
E33034328,316,93,34,59,223,156,67
E33034329,494,200,71,129,294,239,55
E33034330,413,66,27,39,347,263,84
E33034331,5346,1286,263,1023,4060,3547,513
E33034332,539,175,52,123,364,261,103
E33034333,810,220,58,162,590,473,117
E33034334,310,120,51,69,190,146,44
E33034335,503,133,43,90,370,283,87
E33034336,353,104,46,58,249,194,55
E33034337,411,178,64,114,233,159,74
E33034338,473,166,46,120,307,256,51
E33034339,301,137,64,73,164,113,51
E33034340,468,169,80,89,299,228,71
E33034341,326,64,30,34,262,226,36
E33034342,493,178,78,100,315,242,73
E33034343,350,106,51,55,244,165,79
E33034344,314,141,41,100,173,136,37
E33034345,250,79,29,50,171,137,34
E33034346,360,128,48,80,232,184,48
E33034347,597,263,79,184,334,271,63
E33034348,355,122,45,77,233,177,56
E33034349,332,125,57,68,207,170,37
E33034350,374,147,41,106,227,177,50
E33034351,457,129,55,74,328,233,95
E33034352,530,171,53,118,359,268,91
E33034353,330,146,73,73,184,138,46
E33034354,316,115,46,69,201,138,63
E33034355,239,127,53,74,112,95,17
E33034356,579,216,78,138,363,279,84
E33034357,580,138,39,99,442,330,112
E33034358,331,103,33,70,228,173,55
E33034359,294,94,34,60,200,149,51
E33034360,343,164,53,111,179,141,38
E33034361,294,90,41,49,204,175,29
E33034362,406,156,68,88,250,191,59
E33034363,301,140,39,101,161,109,52
E33034364,257,77,29,48,180,128,52
E33034365,393,140,62,78,253,180,73
E33034366,521,189,70,119,332,266,66
E33034367,675,232,112,120,443,348,95
E33034368,406,133,53,80,273,228,45
E33034369,585,222,68,154,363,285,78
E33034370,329,136,49,87,193,156,37
E33034371,342,107,41,66,235,182,53
E33034372,799,313,108,205,486,371,115
E33034373,497,143,49,94,354,289,65
E33034374,575,129,34,95,446,337,109
E33034375,365,116,40,76,249,197,52
E33034376,341,114,37,77,227,186,41
E33034377,478,133,53,80,345,254,91
E33034378,352,113,41,72,239,183,56
E33034379,760,257,97,160,503,374,129
E33034380,367,121,48,73,246,201,45
E33034381,479,198,61,137,281,214,67
E33034382,281,149,57,92,132,99,33
E33034383,356,161,70,91,195,151,44
E33034384,219,80,27,53,139,110,29
E33034385,446,190,89,101,256,195,61
E33034386,266,94,28,66,172,123,49
E33034387,299,102,37,65,197,160,37
E33034388,321,99,31,68,222,169,53
E33034389,295,97,46,51,198,156,42
E33034390,293,92,25,67,201,155,46
E33034391,267,97,30,67,170,133,37
E33034392,393,123,49,74,270,189,81
E33034393,447,155,55,100,292,227,65
E33034394,888,130,34,96,758,558,200
E33034395,308,92,39,53,216,160,56
E33034396,283,70,28,42,213,158,55
E33034397,247,128,63,65,119,94,25
E33034398,467,147,41,106,320,236,84
E33034399,296,75,26,49,221,169,52
E33034400,342,113,42,71,229,182,47
E33034401,614,174,55,119,440,356,84
E33034402,322,97,38,59,225,187,38
E33034403,285,118,56,62,167,135,32
E33034404,399,168,60,108,231,177,54
E33034405,768,138,42,96,630,444,186
E33034406,457,162,58,104,295,219,76
E33034407,337,133,45,88,204,162,42
E33034408,718,308,100,208,410,325,85
E33034409,376,131,56,75,245,181,64
E33034410,476,142,44,98,334,277,57
E33034411,433,181,76,105,252,191,61
E33034412,395,102,39,63,293,239,54
E33034413,804,425,187,238,379,300,79
E33034414,293,129,63,66,164,131,33
E33034415,686,247,89,158,439,307,132
E33034416,328,107,37,70,221,183,38
E33034417,335,128,53,75,207,158,49
E33034418,405,164,53,111,241,180,61
E33034419,685,242,78,164,443,341,102
E33034420,279,117,41,76,162,124,38
E33034421,458,202,83,119,256,202,54
E33034422,269,66,22,44,203,161,42
E33034423,290,134,41,93,156,125,31
E33034424,408,154,61,93,254,212,42
E33034425,294,98,23,75,196,149,47
E33034426,635,116,43,73,519,414,105
E33034427,515,92,35,57,423,338,85
E33034428,363,117,56,61,246,185,61
E33034429,524,137,58,79,387,283,104
E33034430,285,127,57,70,158,107,51
E33034431,512,176,72,104,336,253,83
E33034432,647,236,96,140,411,303,108
E33034433,350,112,44,68,238,190,48
E33034434,352,130,52,78,222,168,54
E33034435,340,87,35,52,253,189,64
E33034436,439,99,33,66,340,270,70
E33034437,419,133,41,92,286,215,71
E33034438,314,95,45,50,219,175,44
E33034439,543,252,107,145,291,255,36
E33034440,321,120,39,81,201,154,47
E33034441,415,88,40,48,327,254,73
E33034442,399,166,54,112,233,185,48
E33034443,987,131,58,73,856,726,130
E33034444,370,76,18,58,294,248,46
E33034445,460,162,79,83,298,241,57
E33034446,624,241,85,156,383,335,48
E33034447,564,177,47,130,387,348,39
E33034448,232,46,22,24,186,139,47
E33034449,849,389,152,237,460,404,56
E33034450,303,121,42,79,182,127,55
E33034451,524,64,23,41,460,384,76
E33034452,1458,350,113,237,1108,904,204
E33034453,331,149,96,53,182,145,37
E33034454,1032,122,44,78,910,705,205
E33034455,331,117,27,90,214,183,31
E33034456,322,85,43,42,237,188,49
E33034457,3131,742,199,543,2389,2108,281
E33034458,397,155,51,104,242,175,67
E33034459,285,101,28,73,184,154,30
E33034460,385,125,38,87,260,208,52
E33034461,368,101,45,56,267,211,56
E33034462,471,183,61,122,288,231,57
E33034463,331,94,30,64,237,192,45
E33034464,338,113,39,74,225,187,38
E33034465,701,189,49,140,512,416,96
E33034466,366,104,32,72,262,201,61
E33034467,286,81,22,59,205,156,49
E33034468,308,99,32,67,209,173,36
E33034469,304,83,29,54,221,185,36
E33034470,1010,428,166,262,582,483,99
E33034471,649,206,74,132,443,339,104
E33034472,717,253,79,174,464,383,81
E33034473,291,120,36,84,171,133,38
E33034474,386,81,22,59,305,256,49
E33034475,341,121,39,82,220,186,34
E33034476,779,197,71,126,582,468,114
E33034477,399,91,24,67,308,233,75
E33034478,404,88,24,64,316,251,65
E33034479,314,122,50,72,192,148,44
E33034480,327,123,47,76,204,164,40
E33034481,607,191,64,127,416,339,77
E33034482,439,155,50,105,284,234,50
E33034483,454,190,54,136,264,222,42
E33034484,387,111,43,68,276,221,55
E33034485,303,112,31,81,191,164,27
E33034486,348,80,28,52,268,230,38
E33034487,275,104,30,74,171,129,42
E33034488,444,137,51,86,307,242,65
E33034489,284,84,25,59,200,144,56
E33034490,332,80,18,62,252,200,52
E33034491,365,105,28,77,260,213,47
E33034492,405,169,64,105,236,198,38
E33034493,270,107,37,70,163,134,29
E33034494,416,174,49,125,242,207,35
E33034495,398,206,71,135,192,166,26
E33034496,730,128,44,84,602,439,163
E33034497,342,119,37,82,223,194,29
E33034498,421,149,55,94,272,211,61
E33034499,662,274,101,173,388,322,66
E33034500,294,72,24,48,222,179,43
E33034501,446,161,45,116,285,211,74
E33034502,1122,181,49,132,941,776,165
E33034503,451,135,29,106,316,255,61
E33034504,348,91,26,65,257,198,59
E33034505,400,119,36,83,281,237,44
E33034506,360,115,31,84,245,187,58
E33034507,477,159,52,107,318,247,71
E33034508,1012,146,55,91,866,757,109
E33034509,378,119,41,78,259,207,52
E33034510,432,145,41,104,287,232,55
E33034511,1367,167,51,116,1200,974,226
E33034512,330,69,16,53,261,183,78
E33034513,234,88,23,65,146,112,34
E33034514,498,75,27,48,423,329,94
E33034515,370,97,25,72,273,174,99
E33034516,319,44,17,27,275,210,65
E33034517,328,84,19,65,244,207,37
E33034518,335,138,45,93,197,166,31
E33034519,315,94,31,63,221,164,57
E33034520,465,213,81,132,252,203,49
E33034521,261,60,21,39,201,142,59
E33034522,851,131,40,91,720,530,190
E33034523,494,131,48,83,363,285,78
E33034524,389,125,38,87,264,205,59
E33034525,632,141,42,99,491,365,126
E33034526,589,138,45,93,451,358,93
E33034527,462,130,46,84,332,281,51
E33034528,661,164,56,108,497,386,111
E33034529,243,88,41,47,155,110,45
E33034530,290,83,31,52,207,168,39
E33034531,676,164,62,102,512,394,118
E33034532,328,85,27,58,243,170,73
E33034533,340,97,25,72,243,195,48
E33034534,332,113,35,78,219,181,38
E33034535,362,145,40,105,217,176,41
E33034536,503,94,31,63,409,328,81
E33034537,381,143,65,78,238,180,58
E33034538,599,224,66,158,375,307,68
E33034539,455,179,73,106,276,220,56
E33034540,466,134,45,89,332,251,81
E33034541,424,136,53,83,288,220,68
E33034542,609,76,23,53,533,414,119
E33034543,486,178,48,130,308,255,53
E33034544,410,111,35,76,299,236,63
E33034545,561,143,43,100,418,278,140
E33034546,280,64,26,38,216,162,54
E33034547,442,114,51,63,328,249,79
E33034548,329,119,56,63,210,157,53
E33034549,346,82,30,52,264,202,62
E33034550,315,77,18,59,238,176,62
E33034551,299,110,51,59,189,134,55
E33034552,381,112,43,69,269,210,59
E33034553,591,102,41,61,489,379,110
E33034554,370,104,48,56,266,210,56
E33034555,413,132,42,90,281,201,80
E33034556,400,137,47,90,263,199,64
E33034557,269,105,41,64,164,128,36
E33034558,377,95,19,76,282,203,79
E33034559,301,94,36,58,207,145,62
E33034560,307,104,38,66,203,146,57
E33034561,315,110,47,63,205,149,56
E33034562,384,96,31,65,288,198,90
E33034563,266,104,48,56,162,119,43
E33034564,256,101,33,68,155,107,48
E33034565,836,255,97,158,581,518,63
E33034566,382,122,50,72,260,208,52
E33034567,375,117,40,77,258,205,53
E33034568,275,111,44,67,164,135,29
E33034569,285,89,35,54,196,147,49
E33034570,337,136,39,97,201,165,36
E33034571,342,119,43,76,223,182,41
E33034572,533,223,97,126,310,251,59
E33034573,386,132,38,94,254,219,35
E33034574,381,123,51,72,258,226,32
E33034575,1012,343,134,209,669,499,170
E33034576,456,144,44,100,312,252,60
E33034577,598,227,85,142,371,298,73
E33034578,572,194,87,107,378,285,93
E33034579,996,264,80,184,732,620,112
E33034580,727,142,43,99,585,465,120
E33034581,380,132,41,91,248,207,41
E33034582,675,106,28,78,569,471,98
E33034583,600,135,42,93,465,380,85
E33034584,2678,609,151,458,2069,1808,261
E33034585,434,126,47,79,308,254,54
E33034586,336,99,35,64,237,179,58
E33034587,362,90,23,67,272,223,49
E33034588,359,132,42,90,227,173,54
E33034589,284,88,18,70,196,139,57
E33034590,276,102,40,62,174,142,32
E33034591,442,129,38,91,313,251,62
E33034592,450,123,38,85,327,283,44
E33034593,349,80,33,47,269,219,50
E33034594,577,242,72,170,335,289,46
E33034595,292,88,23,65,204,175,29
E33034596,367,137,52,85,230,178,52
E33034597,533,135,49,86,398,317,81
E33034598,471,140,54,86,331,242,89
E33034599,350,97,41,56,253,215,38
E33034600,556,148,50,98,408,331,77
E33034601,330,116,39,77,214,176,38
E33034602,509,183,65,118,326,287,39
E33034603,401,139,34,105,262,205,57
E33034604,716,231,68,163,485,450,35
E33034605,347,132,40,92,215,169,46
E33034606,374,123,53,70,251,223,28
E33034607,277,129,55,74,148,125,23
E33034608,370,97,25,72,273,228,45
E33034609,541,219,68,151,322,251,71
E33034610,353,122,45,77,231,179,52
E33034611,483,181,68,113,302,256,46
E33034612,636,143,43,100,493,393,100
E33034613,849,224,48,176,625,554,71
E33034614,432,165,56,109,267,203,64
E33034615,938,246,93,153,692,563,129
E33034616,353,84,35,49,269,213,56
E33034617,403,77,18,59,326,241,85
E33034618,317,64,31,33,253,196,57
E33034619,752,292,146,146,460,390,70
E33034620,323,129,56,73,194,166,28
E33034621,330,119,42,77,211,156,55
E33034622,809,270,91,179,539,397,142
E33034623,667,123,23,100,544,437,107
E33034624,348,127,36,91,221,172,49
E33034625,800,116,37,79,684,523,161
E33034626,497,144,62,82,353,264,89
E33034627,2163,231,69,162,1932,1579,353
E33034628,408,142,62,80,266,210,56
E33034629,430,154,52,102,276,232,44
E33034630,335,123,40,83,212,180,32
E33034631,389,133,38,95,256,199,57
E33034632,363,137,57,80,226,171,55
E33034633,304,57,17,40,247,185,62
E33034634,450,126,51,75,324,227,97
E33034635,664,188,66,122,476,381,95
E33034636,325,126,48,78,199,174,25
E33034637,461,158,55,103,303,229,74
E33034638,551,176,50,126,375,308,67
E33034639,728,181,49,132,547,473,74
E33034640,985,432,160,272,553,496,57
E33034641,784,308,104,204,476,388,88
E33034642,557,142,41,101,415,369,46
E33034643,490,136,49,87,354,286,68
E33034644,1250,213,47,166,1037,893,144
E33034645,586,158,54,104,428,332,96
E33034646,536,140,39,101,396,323,73
E33034647,517,221,113,108,296,244,52
E33034648,954,135,40,95,819,717,102
E33034649,424,91,26,65,333,252,81
E33034650,1126,170,41,129,956,731,225
E33034651,643,76,29,47,567,401,166
E33034652,351,125,53,72,226,175,51
E33034653,285,78,23,55,207,163,44
E33034654,265,120,47,73,145,122,23
E33034655,709,221,73,148,488,377,111
E33034656,292,106,33,73,186,173,13
E33034657,530,159,53,106,371,294,77
E33034658,391,159,60,99,232,182,50
E33034659,555,151,40,111,404,325,79
E33034660,270,65,23,42,205,163,42
E33034661,520,185,58,127,335,256,79
E33034662,378,106,31,75,272,219,53
E33034663,426,133,41,92,293,243,50
E33034664,353,125,51,74,228,166,62
E33034665,298,89,29,60,209,169,40
E33034666,357,106,38,68,251,182,69
E33034667,463,174,51,123,289,227,62
E33034668,297,123,39,84,174,121,53
E33034669,326,128,43,85,198,145,53
E33034670,525,191,59,132,334,279,55
E33034671,257,101,27,74,156,119,37
E33034672,278,103,39,64,175,137,38
E33034673,292,100,30,70,192,144,48
E33034674,719,194,50,144,525,436,89
E33034675,854,206,60,146,648,546,102
E33034676,390,194,45,149,196,180,16
E33034677,469,169,60,109,300,260,40
E33034678,456,146,51,95,310,273,37
E33034679,479,162,55,107,317,253,64
E33034680,614,170,46,124,444,382,62
E33034681,359,124,39,85,235,176,59
E33034682,969,458,326,132,511,348,163
E33034683,404,176,59,117,228,156,72
E33034684,311,117,45,72,194,154,40
E33034685,566,215,92,123,351,289,62
E33034686,427,143,35,108,284,261,23
E33034687,379,147,53,94,232,169,63
E33034688,302,132,51,81,170,148,22
E33034689,337,147,51,96,190,154,36
E33034690,375,137,47,90,238,191,47
E33034691,312,93,23,70,219,182,37
E33034692,597,194,71,123,403,333,70
E33034693,325,129,48,81,196,140,56
E33034694,337,127,33,94,210,164,46
E33034695,343,107,41,66,236,188,48
E33034696,437,117,52,65,320,268,52
E33034697,385,132,55,77,253,196,57
E33034698,322,120,36,84,202,168,34
E33034699,273,60,27,33,213,165,48
E33034700,289,104,39,65,185,137,48
E33034701,311,122,30,92,189,134,55
E33034702,731,150,59,91,581,444,137
E33034703,454,156,45,111,298,259,39
E33034704,278,92,37,55,186,156,30
E33034705,911,241,67,174,670,590,80
E33034706,319,101,27,74,218,179,39
E33034707,431,178,53,125,253,200,53
E33034708,453,183,52,131,270,220,50
E33034709,579,237,94,143,342,284,58
E33034710,388,116,46,70,272,200,72
E33034711,260,61,23,38,199,159,40
E33034712,305,100,37,63,205,166,39
E33034713,325,113,35,78,212,173,39
E33034714,536,188,78,110,348,280,68
E33034715,318,131,67,64,187,140,47
E33034716,278,88,35,53,190,142,48
E33034717,508,212,98,114,296,235,61
E33034718,403,98,31,67,305,242,63
E33034719,251,55,17,38,196,160,36
E33034720,525,145,50,95,380,327,53
E33034721,324,93,35,58,231,187,44
E33034722,425,118,40,78,307,227,80
E33034723,452,181,62,119,271,213,58
E33034724,422,151,57,94,271,203,68
E33034725,483,129,38,91,354,289,65
E33034726,614,151,38,113,463,414,49
E33034727,301,93,33,60,208,154,54
E33034728,261,114,40,74,147,118,29
E33034729,469,135,45,90,334,257,77
E33034730,305,98,26,72,207,162,45
E33034731,639,146,53,93,493,368,125
E33034732,523,92,25,67,431,397,34
E33034733,524,131,49,82,393,360,33
E33034734,1228,193,80,113,1035,909,126
E33034735,262,70,27,43,192,162,30
E33034736,553,82,24,58,471,373,98
E33034737,277,73,15,58,204,174,30
E33034738,1186,230,65,165,956,807,149
E33034739,349,122,47,75,227,190,37
E33034740,389,91,24,67,298,244,54
E33034741,366,80,19,61,286,226,60
E33034742,316,125,47,78,191,146,45
E33034743,308,90,35,55,218,159,59
E33034744,451,150,44,106,301,232,69
E33034745,288,88,28,60,200,145,55
E33034746,302,108,40,68,194,148,46
E33034747,454,133,56,77,321,234,87
E33034748,267,76,32,44,191,146,45
E33034749,304,69,23,46,235,179,56
E33034750,280,93,37,56,187,134,53
E33034751,290,81,30,51,209,166,43
E33034752,256,69,27,42,187,160,27
E33034753,627,145,42,103,482,357,125
E33034754,471,94,23,71,377,277,100
E33034755,307,69,19,50,238,203,35
E33034756,242,71,29,42,171,121,50
E33034757,271,107,30,77,164,121,43
E33034758,267,105,29,76,162,129,33
E33034759,318,128,36,92,190,149,41
E33034760,411,144,40,104,267,210,57
E33034761,411,168,63,105,243,187,56
E33034762,447,121,29,92,326,256,70
E33034763,610,106,31,75,504,394,110
E33034764,330,69,20,49,261,204,57
E33034765,403,102,26,76,301,211,90
E33034766,397,44,21,23,353,261,92
E33034767,454,142,59,83,312,222,90
E33034768,807,195,54,141,612,437,175
E33034769,453,64,24,40,389,312,77
E33034770,318,77,26,51,241,176,65
E33034771,740,148,50,98,592,530,62
E33034772,1330,278,107,171,1052,830,222
E33034773,345,68,20,48,277,221,56
E33034774,594,113,43,70,481,277,204
E33034775,1379,114,14,100,1265,1150,115
E33034776,585,132,26,106,453,394,59
E33034777,497,129,37,92,368,273,95
E33034778,506,160,42,118,346,261,85
E33034779,451,84,24,60,367,322,45
E33034780,374,88,29,59,286,243,43
E33034781,1437,352,172,180,1085,902,183
E33034782,617,115,29,86,502,431,71
E33034783,348,77,25,52,271,207,64
E33034784,1024,109,35,74,915,731,184
E33034785,491,140,39,101,351,312,39
E33034786,889,133,30,103,756,622,134
E33034787,292,54,25,29,238,195,43
E33034788,456,83,23,60,373,278,95
E33034789,552,96,28,68,456,372,84
E33034790,369,117,42,75,252,204,48
E33034791,481,122,25,97,359,308,51
E33034792,489,145,45,100,344,250,94
E33034793,1016,203,54,149,813,677,136
E33034794,882,205,70,135,677,508,169
E33034795,297,80,23,57,217,177,40
E33034796,193,57,14,43,136,104,32
E33034797,267,76,22,54,191,161,30
E33034798,395,142,40,102,253,199,54
E33034799,650,186,74,112,464,370,94
E33034800,600,150,56,94,450,358,92
E33034801,233,87,29,58,146,102,44
E33034802,293,108,41,67,185,137,48
E33034803,438,127,55,72,311,242,69
E33034804,250,71,19,52,179,137,42
E33034805,374,74,28,46,300,248,52
E33034806,259,88,35,53,171,132,39
E33034807,282,107,43,64,175,121,54
E33034808,262,81,32,49,181,117,64
E33034809,521,171,76,95,350,284,66
E33034810,310,74,34,40,236,191,45
E33034811,282,88,26,62,194,140,54
E33034812,512,189,62,127,323,245,78
E33034813,327,80,30,50,247,175,72
E33034814,432,108,39,69,324,240,84
E33034815,285,77,29,48,208,152,56
E33034816,258,67,24,43,191,118,73
E33034817,408,136,49,87,272,182,90
E33034818,327,55,28,27,272,188,84
E33034819,718,214,53,161,504,431,73
E33034820,374,108,30,78,266,218,48
E33034821,466,98,36,62,368,308,60
E33034822,349,109,36,73,240,170,70
E33034823,269,72,34,38,197,150,47
E33034824,366,137,41,96,229,178,51
E33034825,309,109,45,64,200,170,30
E33034826,277,109,31,78,168,117,51
E33034827,314,88,29,59,226,153,73
E33034828,239,87,36,51,152,106,46
E33034829,480,176,110,66,304,262,42
E33034830,302,59,18,41,243,181,62
E33034831,349,79,31,48,270,198,72
E33034832,305,123,49,74,182,120,62
E33034833,243,78,27,51,165,108,57
E33034834,329,126,40,86,203,153,50
E33034835,614,193,76,117,421,292,129
E33034836,475,134,53,81,341,246,95
E33034837,354,110,52,58,244,192,52
E33034838,320,89,24,65,231,151,80
E33034839,334,84,37,47,250,167,83
E33034840,380,127,35,92,253,185,68
E33034841,263,89,31,58,174,113,61
E33034842,293,110,44,66,183,137,46
E33034843,269,88,26,62,181,120,61
E33034844,493,138,38,100,355,248,107
E33034845,470,114,41,73,356,272,84
E33034846,595,128,44,84,467,337,130
E33034847,269,44,19,25,225,173,52
E33034848,357,93,32,61,264,200,64
E33034849,280,77,36,41,203,139,64
E33034850,262,51,18,33,211,151,60
E33034851,303,66,24,42,237,124,113
E33034852,247,70,31,39,177,127,50
E33034853,376,134,42,92,242,179,63
E33034854,366,94,39,55,272,188,84
E33034855,306,109,32,77,197,132,65
E33034856,426,105,36,69,321,255,66
E33034857,314,116,54,62,198,155,43
E33034858,297,71,26,45,226,142,84
E33034859,812,116,42,74,696,506,190
E33034860,457,118,32,86,339,260,79
E33034861,298,62,25,37,236,181,55
E33034862,280,49,8,41,231,189,42
E33034863,250,95,29,66,155,105,50
E33034864,385,83,19,64,302,237,65
E33034865,565,106,41,65,459,376,83
E33034866,290,93,31,62,197,125,72
E33034867,316,71,28,43,245,189,56
E33034868,250,81,33,48,169,120,49
E33034869,328,93,27,66,235,180,55
E33034870,250,69,27,42,181,132,49
E33034871,466,90,37,53,376,308,68
E33034872,343,60,24,36,283,248,35
E33034873,452,120,59,61,332,286,46
E33034874,377,98,42,56,279,226,53
E33034875,344,87,28,59,257,205,52
E33034876,278,84,30,54,194,129,65
E33034877,540,156,61,95,384,299,85
E33034878,340,102,38,64,238,170,68
E33034879,230,65,22,43,165,122,43
E33034880,268,60,16,44,208,148,60
E33034881,376,94,37,57,282,225,57
E33034882,277,76,18,58,201,143,58
E33034883,439,105,41,64,334,206,128
E33034884,263,67,24,43,196,135,61
E33034885,324,85,24,61,239,184,55
E33034886,216,66,29,37,150,111,39
E33034887,233,82,23,59,151,109,42
E33034888,273,76,31,45,197,169,28
E33034889,362,116,33,83,246,180,66
E33034890,856,157,60,97,699,587,112
E33034891,279,89,28,61,190,127,63
E33034892,408,111,34,77,297,226,71
E33034893,463,118,45,73,345,265,80
E33034894,247,76,27,49,171,134,37
E33034895,674,128,39,89,546,471,75
E33034896,1374,144,42,102,1230,800,430
E33034897,558,218,90,128,340,284,56
E33034898,249,79,36,43,170,129,41
E33034899,387,69,27,42,318,267,51
E33034900,433,85,29,56,348,254,94
E33034901,323,70,22,48,253,206,47
E33034902,311,61,23,38,250,190,60
E33034903,263,63,24,39,200,139,61
E33034904,366,129,39,90,237,173,64
E33034905,283,137,40,97,146,130,16
E33034906,330,69,27,42,261,188,73
E33034907,539,103,38,65,436,382,54
E33034908,461,118,30,88,343,271,72
E33034909,254,63,19,44,191,147,44
E33034910,204,45,16,29,159,109,50
E33034911,353,81,27,54,272,213,59
E33034912,292,83,29,54,209,162,47
E33034913,273,61,16,45,212,170,42
E33034914,455,106,34,72,349,290,59
E33034915,222,51,19,32,171,126,45
E33034916,250,75,20,55,175,115,60
E33034917,247,72,37,35,175,132,43
E33034918,388,108,33,75,280,209,71
E33034919,335,100,32,68,235,156,79
E33034920,298,99,37,62,199,138,61
E33034921,331,93,35,58,238,160,78
E33034922,265,82,28,54,183,120,63
E33034923,324,101,41,60,223,164,59
E33034924,430,136,43,93,294,213,81
E33034925,229,70,27,43,159,119,40
E33034926,271,45,18,27,226,168,58
E33034927,358,170,80,90,188,157,31
E33034928,760,197,63,134,563,458,105
E33034929,393,114,31,83,279,208,71
E33034930,544,141,59,82,403,329,74
E33034931,335,103,41,62,232,184,48
E33034932,240,71,35,36,169,118,51
E33034933,243,60,22,38,183,149,34
E33034934,215,60,25,35,155,102,53
E33034935,243,58,23,35,185,112,73
E33034936,347,96,23,73,251,193,58
E33034937,441,113,41,72,328,254,74
E33034938,260,99,40,59,161,93,68
E33034939,362,109,35,74,253,179,74
E33034940,251,72,30,42,179,130,49
E33034941,360,127,51,76,233,170,63
E33034942,472,108,54,54,364,267,97
E33034943,217,59,22,37,158,117,41
E33034944,266,49,18,31,217,175,42
E33034945,425,114,48,66,311,230,81
E33034946,414,129,36,93,285,205,80
E33034947,249,75,36,39,174,118,56
E33034948,400,136,49,87,264,189,75
E33034949,387,108,37,71,279,204,75
E33034950,270,69,30,39,201,125,76
E33034951,415,158,86,72,257,212,45
E33034952,352,98,26,72,254,161,93
E33034953,306,105,33,72,201,154,47
E33034954,312,96,48,48,216,155,61
E33034955,1001,173,60,113,828,574,254
E33034956,507,198,81,117,309,234,75
E33034957,415,159,75,84,256,187,69
E33034958,480,246,115,131,234,179,55
E33034959,717,235,79,156,482,408,74
E33034960,345,133,48,85,212,155,57
E33034961,789,238,113,125,551,425,126
E33034962,289,120,47,73,169,133,36
E33034963,306,94,39,55,212,153,59
E33034964,384,153,56,97,231,199,32
E33034965,468,172,71,101,296,226,70
E33034966,359,153,62,91,206,159,47
E33034967,3125,888,202,686,2237,1955,282
E33034968,468,161,60,101,307,247,60
E33034969,379,173,60,113,206,155,51
E33034970,336,99,35,64,237,195,42
E33034971,270,127,43,84,143,102,41
E33034972,230,101,45,56,129,97,32
E33034973,449,146,54,92,303,234,69
E33034974,323,130,43,87,193,158,35
E33034975,264,103,53,50,161,114,47
E33034976,805,169,66,103,636,565,71
E33034977,270,100,35,65,170,120,50
E33034978,580,184,64,120,396,297,99
E33034979,570,254,97,157,316,241,75
E33034980,878,276,103,173,602,510,92
E33034981,396,165,45,120,231,194,37
E33034982,496,144,53,91,352,289,63
E33034983,1211,420,150,270,791,665,126
E33034984,361,132,57,75,229,184,45
E33034985,582,192,65,127,390,306,84
E33034986,396,148,58,90,248,196,52
E33034987,357,127,54,73,230,180,50
E33034988,392,187,90,97,205,178,27
E33034989,502,232,107,125,270,225,45
E33034990,808,141,46,95,667,536,131
E33034991,364,74,29,45,290,240,50
E33034992,474,213,91,122,261,217,44
E33034993,668,259,111,148,409,350,59
E33034994,272,87,28,59,185,156,29
E33034995,239,114,50,64,125,102,23
E33034996,317,122,48,74,195,149,46
E33034997,491,182,68,114,309,226,83
E33034998,517,170,63,107,347,253,94
E33034999,296,113,39,74,183,148,35
E33035000,1530,451,250,201,1079,899,180
E33035001,561,272,101,171,289,218,71
E33035002,395,100,42,58,295,226,69
E33035003,467,150,56,94,317,233,84
E33035004,284,96,40,56,188,138,50
E33035005,472,187,88,99,285,227,58
E33035006,405,110,47,63,295,224,71
E33035007,450,135,59,76,315,277,38
E33035008,425,164,75,89,261,180,81
E33035009,501,104,53,51,397,324,73
E33035010,412,120,56,64,292,215,77
E33035011,244,103,47,56,141,95,46
E33035012,606,198,67,131,408,308,100
E33035013,452,152,79,73,300,228,72
E33035014,341,110,50,60,231,166,65
E33035015,481,166,62,104,315,235,80
E33035016,609,242,86,156,367,260,107
E33035017,308,120,44,76,188,153,35
E33035018,450,153,52,101,297,215,82
E33035019,362,131,44,87,231,179,52
E33035020,761,188,59,129,573,451,122
E33035021,264,111,34,77,153,120,33
E33035022,328,142,72,70,186,134,52
E33035023,278,119,50,69,159,126,33
E33035024,327,97,37,60,230,161,69
E33035025,298,127,56,71,171,128,43
E33035026,432,118,41,77,314,230,84
E33035027,459,167,60,107,292,228,64
E33035028,364,164,68,96,200,139,61
E33035029,357,158,50,108,199,159,40
E33035030,314,134,70,64,180,141,39
E33035031,390,122,39,83,268,192,76
E33035032,417,123,34,89,294,222,72
E33035033,330,112,41,71,218,158,60
E33035034,393,155,46,109,238,174,64
E33035035,645,214,63,151,431,382,49
E33035036,313,101,37,64,212,174,38
E33035037,512,136,26,110,376,316,60
E33035038,624,221,87,134,403,311,92
E33035039,597,158,41,117,439,358,81
E33035040,383,170,54,116,213,159,54
E33035041,689,138,45,93,551,451,100
E33035042,532,144,49,95,388,337,51
E33035043,368,122,45,77,246,197,49
E33035044,591,225,93,132,366,261,105
E33035045,383,118,51,67,265,215,50
E33035046,733,76,25,51,657,537,120
E33035047,341,113,35,78,228,193,35
E33035048,324,123,45,78,201,146,55
E33035049,316,139,38,101,177,134,43
E33035050,344,104,31,73,240,191,49
E33035051,1609,212,64,148,1397,1053,344
E33035052,299,106,39,67,193,151,42
E33035053,407,116,34,82,291,210,81
E33035054,344,135,47,88,209,159,50
E33035055,572,172,57,115,400,332,68
E33035056,1407,148,54,94,1259,985,274
E33035057,318,91,29,62,227,181,46
E33035058,279,103,29,74,176,148,28
E33035059,575,88,23,65,487,423,64
E33035060,327,86,27,59,241,202,39
E33035061,2484,363,66,297,2121,1901,220
E33035062,719,99,33,66,620,567,53
E33035063,334,111,28,83,223,153,70
E33035064,728,181,43,138,547,427,120
E33035065,716,136,44,92,580,460,120
E33035066,929,142,59,83,787,704,83
E33035067,314,79,28,51,235,188,47
E33035068,373,118,56,62,255,194,61
E33035069,375,114,44,70,261,206,55
E33035070,406,90,20,70,316,279,37
E33035071,1104,209,51,158,895,730,165
E33035072,507,84,32,52,423,339,84
E33035073,1204,234,66,168,970,820,150
E33035074,321,103,31,72,218,160,58
E33035075,395,131,48,83,264,209,55
E33035076,548,134,29,105,414,351,63
E33035077,526,137,42,95,389,308,81
E33035078,468,121,47,74,347,291,56
E33035079,337,106,36,70,231,188,43
E33035080,298,96,35,61,202,136,66
E33035081,685,226,79,147,459,349,110
E33035082,351,122,37,85,229,185,44
E33035083,752,265,90,175,487,380,107
E33035084,270,125,40,85,145,93,52
E33035085,539,139,46,93,400,274,126
E33035086,325,139,41,98,186,141,45
E33035087,581,122,23,99,459,336,123
E33035088,407,117,36,81,290,215,75
E33035089,769,164,57,107,605,522,83
E33035090,487,169,49,120,318,260,58
E33035091,529,208,55,153,321,244,77
E33035092,361,109,40,69,252,207,45
E33035093,293,75,34,41,218,169,49
E33035094,327,121,39,82,206,166,40
E33035095,304,103,35,68,201,166,35
E33035096,291,62,19,43,229,174,55
E33035097,373,104,40,64,269,208,61
E33035098,607,106,22,84,501,466,35
E33035099,380,135,61,74,245,189,56
E33035100,274,110,24,86,164,136,28
E33035101,286,105,31,74,181,149,32
E33035102,405,125,35,90,280,249,31
E33035103,507,206,68,138,301,275,26
E33035104,339,86,31,55,253,209,44
E33035105,434,99,44,55,335,227,108
E33035106,297,85,35,50,212,152,60
E33035107,281,61,24,37,220,172,48
E33035108,421,86,21,65,335,245,90
E33035109,418,130,39,91,288,221,67
E33035110,285,67,18,49,218,174,44
E33035111,450,80,31,49,370,283,87
E33035112,318,79,27,52,239,168,71
E33035113,307,86,32,54,221,168,53
E33035114,374,74,26,48,300,219,81
E33035115,636,87,22,65,549,454,95
E33035116,336,113,28,85,223,190,33
E33035117,320,99,16,83,221,181,40
E33035118,485,133,29,104,352,296,56
E33035119,364,117,56,61,247,170,77
E33035120,520,107,37,70,413,299,114
E33035121,292,62,25,37,230,187,43
E33035122,489,121,46,75,368,274,94
E33035123,305,109,46,63,196,157,39
E33035124,615,154,60,94,461,371,90
E33035125,263,91,31,60,172,135,37
E33035126,464,134,44,90,330,246,84
E33035127,320,66,20,46,254,211,43
E33035128,483,113,36,77,370,299,71
E33035129,465,140,52,88,325,270,55
E33035130,508,177,44,133,331,251,80
E33035131,310,86,32,54,224,177,47
E33035132,556,197,62,135,359,286,73
E33035133,514,81,18,63,433,396,37
E33035134,539,193,71,122,346,312,34
E33035135,513,176,56,120,337,291,46
E33035136,331,78,30,48,253,217,36
E33035137,249,59,28,31,190,149,41
E33035138,325,112,26,86,213,170,43
E33035139,402,115,27,88,287,211,76
E33035140,284,71,17,54,213,160,53
E33035141,479,158,54,104,321,245,76
E33035142,560,158,51,107,402,290,112
E33035143,460,145,39,106,315,247,68
E33035144,379,95,38,57,284,240,44
E33035145,392,134,48,86,258,203,55
E33035146,259,83,25,58,176,109,67
E33035147,281,105,34,71,176,117,59
E33035148,279,101,34,67,178,146,32
E33035149,380,120,38,82,260,186,74
E33035150,658,231,75,156,427,326,101
E33035151,633,143,56,87,490,344,146
E33035152,352,130,39,91,222,154,68
E33035153,438,143,43,100,295,218,77
E33035154,329,81,26,55,248,209,39
E33035155,467,139,45,94,328,277,51
E33035156,294,113,31,82,181,135,46
E33035157,320,95,29,66,225,172,53
E33035158,1218,268,112,156,950,828,122
E33035159,378,142,41,101,236,192,44
E33035160,394,153,49,104,241,186,55
E33035161,435,162,47,115,273,210,63
E33035162,1116,420,137,283,696,555,141
E33035163,336,93,29,64,243,188,55
E33035164,338,106,35,71,232,178,54
E33035165,362,68,20,48,294,217,77
E33035166,520,118,40,78,402,311,91
E33035167,277,75,28,47,202,160,42
E33035168,333,108,28,80,225,177,48
E33035169,303,112,28,84,191,154,37
E33035170,305,127,41,86,178,152,26
E33035171,409,138,35,103,271,217,54
E33035172,314,111,45,66,203,159,44
E33035173,260,98,23,75,162,137,25
E33035174,493,173,52,121,320,276,44
E33035175,385,109,45,64,276,217,59
E33035176,455,147,47,100,308,249,59
E33035177,574,130,24,106,444,374,70
E33035178,369,132,41,91,237,187,50
E33035179,322,125,57,68,197,140,57
E33035180,565,204,48,156,361,277,84
E33035181,520,178,67,111,342,244,98
E33035182,601,211,73,138,390,297,93
E33035183,592,171,52,119,421,307,114
E33035184,380,107,24,83,273,223,50
E33035185,383,141,45,96,242,203,39
E33035186,481,166,66,100,315,222,93
E33035187,516,158,47,111,358,282,76
E33035188,509,159,48,111,350,280,70
E33035189,582,235,82,153,347,267,80
E33035190,299,100,29,71,199,143,56
E33035191,283,111,32,79,172,132,40
E33035192,622,202,58,144,420,319,101
E33035193,570,205,51,154,365,289,76
E33035194,494,120,30,90,374,334,40
E33035195,418,128,36,92,290,219,71
E33035196,647,200,55,145,447,349,98
E33035197,531,182,71,111,349,266,83
E33035198,413,166,64,102,247,188,59
E33035199,298,96,35,61,202,144,58
E33035200,425,144,38,106,281,206,75
E33035201,384,123,32,91,261,202,59
E33035202,308,88,21,67,220,187,33
E33035203,327,76,18,58,251,195,56
E33035204,492,156,47,109,336,284,52
E33035205,768,287,72,215,481,405,76
E33035206,320,185,70,115,135,110,25
E33035207,540,128,34,94,412,359,53
E33035208,341,126,47,79,215,159,56
E33035209,364,98,29,69,266,219,47
E33035210,293,99,35,64,194,142,52
E33035211,350,107,35,72,243,195,48
E33035212,286,80,28,52,206,159,47
E33035213,574,226,70,156,348,283,65
E33035214,383,137,46,91,246,191,55
E33035215,379,151,44,107,228,184,44
E33035216,333,114,41,73,219,164,55
E33035217,397,134,47,87,263,203,60
E33035218,395,157,40,117,238,208,30
E33035219,492,171,55,116,321,268,53
E33035220,327,99,34,65,228,168,60
E33035221,316,111,36,75,205,168,37
E33035222,262,78,26,52,184,148,36
E33035223,401,132,45,87,269,231,38
E33035224,488,172,56,116,316,241,75
E33035225,342,123,25,98,219,181,38
E33035226,385,155,38,117,230,173,57
E33035227,471,120,34,86,351,250,101
E33035228,468,143,28,115,325,241,84
E33035229,661,178,66,112,483,341,142
E33035230,383,119,42,77,264,212,52
E33035231,757,224,89,135,533,459,74
E33035232,358,105,38,67,253,198,55
E33035233,350,145,63,82,205,158,47
E33035234,320,106,41,65,214,152,62
E33035235,316,109,48,61,207,155,52
E33035236,466,184,73,111,282,211,71
E33035237,350,172,45,127,178,146,32
E33035238,651,266,94,172,385,298,87
E33035239,363,149,61,88,214,172,42
E33035240,391,201,72,129,190,139,51
E33035241,428,146,40,106,282,232,50
E33035242,733,177,71,106,556,465,91
E33035243,310,109,47,62,201,155,46
E33035244,445,138,46,92,307,273,34
E33035245,393,170,73,97,223,182,41
E33035246,623,179,68,111,444,346,98
E33035247,376,95,36,59,281,220,61
E33035248,434,166,49,117,268,216,52
E33035249,867,287,89,198,580,500,80
E33035250,385,136,45,91,249,199,50
E33035251,392,167,75,92,225,183,42
E33035252,536,184,69,115,352,304,48
E33035253,224,71,27,44,153,114,39
E33035254,375,136,42,94,239,181,58
E33035255,301,139,58,81,162,115,47
E33035256,419,177,65,112,242,159,83
E33035257,490,158,30,128,332,259,73
E33035258,731,185,53,132,546,419,127
E33035259,327,106,33,73,221,187,34
E33035260,426,162,62,100,264,199,65
E33035261,483,134,45,89,349,278,71
E33035262,382,153,52,101,229,178,51
E33035263,599,181,45,136,418,375,43
E33035264,438,152,57,95,286,227,59
E33035265,1216,178,41,137,1038,927,111
E33035266,2900,608,141,467,2292,1963,329
E33035267,535,214,93,121,321,251,70
E33035268,308,75,23,52,233,201,32
E33035269,289,106,26,80,183,154,29
E33035270,406,105,28,77,301,257,44
E33035271,603,273,88,185,330,280,50
E33035272,261,84,28,56,177,158,19
E33035273,314,115,40,75,199,150,49
E33035274,595,240,81,159,355,259,96
E33035275,351,137,56,81,214,173,41
E33035276,558,211,88,123,347,255,92
E33035277,437,165,67,98,272,198,74
E33035278,376,94,30,64,282,206,76
E33035279,346,118,39,79,228,181,47
E33035280,535,198,56,142,337,257,80
E33035281,456,135,32,103,321,244,77
E33035282,261,101,38,63,160,113,47
E33035283,512,184,44,140,328,270,58
E33035284,423,70,29,41,353,256,97
E33035285,282,110,38,72,172,141,31
E33035286,344,132,47,85,212,159,53
E33035287,362,139,49,90,223,162,61
E33035288,296,81,29,52,215,190,25
E33035289,380,122,42,80,258,204,54
E33035290,490,148,44,104,342,246,96
E33035291,459,141,33,108,318,289,29
E33035292,356,128,39,89,228,174,54
E33035293,477,182,57,125,295,243,52
E33035294,318,130,34,96,188,146,42
E33035295,995,243,86,157,752,627,125
E33035296,414,176,56,120,238,175,63
E33035297,583,123,39,84,460,365,95
E33035298,309,131,49,82,178,120,58
E33035299,407,171,78,93,236,194,42
E33035300,412,154,64,90,258,184,74
E33035301,558,237,89,148,321,282,39
E33035302,404,114,28,86,290,252,38
E33035303,361,150,33,117,211,183,28
E33035304,385,149,55,94,236,188,48
E33035305,408,181,46,135,227,164,63
E33035306,371,164,41,123,207,156,51
E33035307,344,139,50,89,205,171,34
E33035308,372,146,70,76,226,165,61
E33035309,294,150,38,112,144,101,43
E33035310,420,134,53,81,286,231,55
E33035311,449,192,64,128,257,200,57
E33035312,363,164,37,127,199,139,60
E33035313,717,302,100,202,415,334,81
E33035314,836,199,81,118,637,510,127
E33035315,358,135,47,88,223,182,41
E33035316,333,103,38,65,230,173,57
E33035317,563,197,57,140,366,273,93
E33035318,260,134,41,93,126,98,28
E33035319,336,119,29,90,217,173,44
E33035320,636,93,32,61,543,465,78
E33035321,297,118,33,85,179,130,49
E33035322,315,99,32,67,216,177,39
E33035323,477,133,39,94,344,275,69
E33035324,320,86,40,46,234,180,54
E33035325,279,132,42,90,147,117,30
E33035326,368,146,35,111,222,164,58
E33035327,291,118,43,75,173,137,36
E33035328,417,132,38,94,285,234,51
E33035329,357,136,44,92,221,149,72
E33035330,325,125,49,76,200,172,28
E33035331,413,124,40,84,289,233,56
E33035332,484,166,54,112,318,232,86
E33035333,524,211,58,153,313,232,81
E33035334,729,349,101,248,380,342,38
E33035335,332,140,30,110,192,141,51
E33035336,309,113,35,78,196,150,46
E33035337,559,153,63,90,406,313,93
E33035338,332,121,41,80,211,149,62
E33035339,310,81,28,53,229,182,47
E33035340,394,170,54,116,224,190,34
E33035341,400,146,50,96,254,196,58
E33035342,638,227,51,176,411,340,71
E33035343,404,142,62,80,262,194,68
E33035344,240,90,23,67,150,114,36
E33035345,370,134,33,101,236,196,40
E33035346,473,191,70,121,282,209,73
E33035347,643,152,42,110,491,376,115
E33035348,274,86,31,55,188,147,41
E33035349,373,160,50,110,213,167,46
E33035350,429,147,39,108,282,203,79
E33035351,354,99,21,78,255,168,87
E33035352,320,121,41,80,199,153,46
E33035353,277,110,36,74,167,123,44
E33035354,349,155,53,102,194,135,59
E33035355,637,261,118,143,376,314,62
E33035356,562,150,37,113,412,325,87
E33035357,508,188,70,118,320,223,97
E33035358,367,124,53,71,243,184,59
E33035359,826,148,61,87,678,509,169
E33035360,715,166,44,122,549,420,129
E33035361,242,113,50,63,129,90,39
E33035362,643,242,91,151,401,356,45
E33035363,255,96,46,50,159,111,48
E33035364,657,190,88,102,467,329,138
E33035365,618,184,70,114,434,267,167
E33035366,241,86,32,54,155,118,37
E33035367,247,84,27,57,163,116,47
E33035368,236,88,28,60,148,119,29
E33035369,247,66,25,41,181,143,38
E33035370,334,122,50,72,212,167,45
E33035371,495,99,40,59,396,327,69
E33035372,239,57,24,33,182,130,52
E33035373,220,63,26,37,157,112,45
E33035374,264,95,35,60,169,121,48
E33035375,622,163,62,101,459,348,111
E33035376,250,54,21,33,196,159,37
E33035377,286,92,36,56,194,141,53
E33035378,624,89,37,52,535,421,114
E33035379,261,92,33,59,169,131,38
E33035380,417,126,38,88,291,226,65
E33035381,289,78,23,55,211,158,53
E33035382,490,207,52,155,283,230,53
E33035383,375,134,41,93,241,202,39
E33035384,1065,550,186,364,515,426,89
E33035385,569,278,144,134,291,238,53
E33035386,960,111,36,75,849,753,96
E33035387,327,120,40,80,207,157,50
E33035388,290,83,41,42,207,138,69
E33035389,313,108,32,76,205,159,46
E33035390,269,73,25,48,196,124,72
E33035391,376,115,35,80,261,199,62
E33035392,333,79,29,50,254,198,56
E33035393,467,174,61,113,293,223,70
E33035394,474,164,45,119,310,254,56
E33035395,746,195,54,141,551,415,136
E33035396,405,155,49,106,250,196,54
E33035397,454,108,32,76,346,254,92
E33035398,445,165,57,108,280,228,52
E33035399,585,184,46,138,401,311,90
E33035400,271,84,31,53,187,139,48
E33035401,386,106,40,66,280,224,56
E33035402,247,54,18,36,193,150,43
E33035403,374,107,46,61,267,203,64
E33035404,317,140,53,87,177,134,43
E33035405,423,76,23,53,347,283,64
E33035406,366,147,67,80,219,180,39
E33035407,585,97,41,56,488,389,99
E33035408,353,152,73,79,201,164,37
E33035409,418,150,58,92,268,193,75
E33035410,255,100,48,52,155,123,32
E33035411,384,121,48,73,263,193,70
E33035412,288,86,26,60,202,157,45
E33035413,270,96,38,58,174,125,49
E33035414,279,109,36,73,170,133,37
E33035415,310,94,42,52,216,164,52
E33035416,705,238,70,168,467,386,81
E33035417,293,95,33,62,198,156,42
E33035418,300,144,55,89,156,121,35
E33035419,349,147,47,100,202,165,37
E33035420,363,86,27,59,277,219,58
E33035421,1303,245,90,155,1058,810,248
E33035422,527,180,54,126,347,259,88
E33035423,1048,366,74,292,682,609,73
E33035424,439,182,54,128,257,209,48
E33035425,354,98,32,66,256,206,50
E33035426,640,290,97,193,350,267,83
E33035427,381,131,40,91,250,200,50
E33035428,593,203,85,118,390,304,86
E33035429,434,152,51,101,282,215,67
E33035430,364,130,44,86,234,178,56
E33035431,298,101,35,66,197,163,34
E33035432,451,178,71,107,273,199,74
E33035433,346,119,38,81,227,177,50
E33035434,309,146,60,86,163,137,26
E33035435,604,213,79,134,391,291,100
E33035436,737,226,69,157,511,414,97
E33035437,670,295,107,188,375,335,40
E33035438,287,126,62,64,161,128,33
E33035439,242,90,21,69,152,115,37
E33035440,575,151,38,113,424,329,95
E33035441,302,52,10,42,250,182,68
E33035442,334,117,29,88,217,177,40
E33035443,393,157,58,99,236,181,55
E33035444,353,119,40,79,234,184,50
E33035445,367,91,29,62,276,214,62
E33035446,404,92,27,65,312,261,51
E33035447,298,86,16,70,212,177,35
E33035448,314,125,39,86,189,150,39
E33035449,449,169,46,123,280,218,62
E33035450,514,189,62,127,325,261,64
E33035451,459,175,51,124,284,241,43
E33035452,623,228,63,165,395,295,100
E33035453,488,87,31,56,401,366,35
E33035454,294,129,57,72,165,123,42
E33035455,339,124,53,71,215,168,47
E33035456,707,126,44,82,581,491,90
E33035457,353,131,45,86,222,161,61
E33035458,418,131,59,72,287,206,81
E33035459,311,96,44,52,215,159,56
E33035460,315,104,38,66,211,186,25
E33035461,361,116,39,77,245,180,65
E33035462,618,198,45,153,420,346,74
E33035463,385,75,22,53,310,255,55
E33035464,575,189,48,141,386,339,47
E33035465,596,205,64,141,391,334,57
E33035466,455,97,37,60,358,324,34
E33035467,405,112,34,78,293,260,33
E33035468,612,239,71,168,373,295,78
E33035469,555,234,85,149,321,254,67
E33035470,423,157,49,108,266,205,61
E33035471,398,137,43,94,261,213,48
E33035472,370,107,35,72,263,222,41
E33035473,288,107,18,89,181,147,34
E33035474,388,143,37,106,245,182,63
E33035475,573,216,68,148,357,301,56
E33035476,312,129,51,78,183,143,40
E33035477,351,65,25,40,286,214,72
E33035478,299,109,35,74,190,157,33
E33035479,386,108,39,69,278,208,70
E33035480,470,157,66,91,313,234,79
E33035481,427,141,60,81,286,226,60
E33035482,670,251,76,175,419,349,70
E33035483,364,145,34,111,219,178,41
E33035484,396,139,42,97,257,222,35
E33035485,510,210,72,138,300,250,50
E33035486,521,218,83,135,303,253,50
E33035487,382,182,57,125,200,165,35
E33035488,344,135,48,87,209,172,37
E33035489,341,164,39,125,177,135,42
E33035490,357,172,51,121,185,167,18
E33035491,450,207,71,136,243,189,54
E33035492,679,246,67,179,433,350,83
E33035493,1053,398,121,277,655,519,136
E33035494,514,207,59,148,307,264,43
E33035495,315,126,48,78,189,154,35
E33035496,569,202,64,138,367,295,72
E33035497,463,164,53,111,299,238,61
E33035498,354,179,62,117,175,147,28
E33035499,300,128,59,69,172,116,56
E33035500,436,177,64,113,259,217,42
E33035501,339,130,43,87,209,173,36
E33035502,941,196,60,136,745,613,132
E33035503,487,191,47,144,296,265,31
E33035504,418,174,60,114,244,195,49
E33035505,302,131,37,94,171,138,33
E33035506,422,203,72,131,219,180,39
E33035507,610,235,73,162,375,280,95
E33035508,300,110,45,65,190,162,28
E33035509,370,161,41,120,209,171,38
E33035510,1229,337,117,220,892,734,158
E33035511,448,118,45,73,330,263,67
E33035512,374,173,57,116,201,161,40
E33035513,464,200,65,135,264,238,26
E33035514,464,200,73,127,264,217,47
E33035515,752,229,73,156,523,453,70
E33035516,474,205,55,150,269,229,40
E33035517,586,257,103,154,329,267,62
E33035518,850,370,139,231,480,406,74
E33035519,428,170,67,103,258,217,41
E33035520,508,217,59,158,291,202,89
E33035521,766,225,54,171,541,459,82
E33035522,317,78,23,55,239,192,47
E33035523,710,199,61,138,511,434,77
E33035524,542,130,50,80,412,342,70
E33035525,498,183,48,135,315,276,39
E33035526,541,113,33,80,428,214,214
E33035527,625,152,47,105,473,340,133
E33035528,399,35,11,24,364,236,128
E33035529,577,113,39,74,464,400,64
E33035530,499,64,23,41,435,383,52
E33035531,648,323,101,222,325,267,58
E33035532,609,273,94,179,336,285,51
E33035533,644,305,95,210,339,289,50
E33035534,405,192,84,108,213,179,34
E33035535,593,200,75,125,393,322,71
E33035536,828,277,95,182,551,424,127
E33035537,382,164,55,109,218,185,33
E33035538,338,152,48,104,186,151,35
E33035539,282,119,37,82,163,137,26
E33035540,404,170,51,119,234,204,30
E33035541,786,402,132,270,384,333,51
E33035542,537,189,58,131,348,266,82
E33035543,370,156,30,126,214,185,29
E33035544,827,305,115,190,522,445,77
E33035545,458,224,83,141,234,171,63
E33035546,544,236,79,157,308,261,47
E33035547,665,353,226,127,312,264,48
E33035548,448,88,28,60,360,315,45
E33035549,365,153,55,98,212,169,43
E33035550,370,165,61,104,205,169,36
E33035551,404,96,30,66,308,237,71
E33035552,480,238,89,149,242,196,46
E33035553,371,141,46,95,230,205,25
E33035554,307,68,31,37,239,185,54
E33035555,516,109,33,76,407,379,28
E33035556,296,123,46,77,173,142,31
E33035557,471,166,55,111,305,251,54
E33035558,618,236,91,145,382,312,70
E33035559,368,115,39,76,253,214,39
E33035560,390,119,35,84,271,220,51
E33035561,308,100,38,62,208,181,27
E33035562,343,139,46,93,204,164,40
E33035563,549,193,68,125,356,273,83
E33035564,418,158,43,115,260,226,34
E33035565,600,192,26,166,408,382,26
E33035566,430,130,37,93,300,232,68
E33035567,605,264,83,181,341,294,47
E33035568,372,111,46,65,261,208,53
E33035569,1234,438,158,280,796,716,80
E33035570,405,190,66,124,215,190,25
E33035571,289,97,34,63,192,154,38
E33035572,595,226,94,132,369,311,58
E33035573,475,213,81,132,262,221,41
E33035574,386,159,71,88,227,173,54
E33035575,503,265,78,187,238,190,48
E33035576,915,320,97,223,595,511,84
E33035577,532,178,45,133,354,288,66
E33035578,255,82,21,61,173,140,33
E33035579,554,215,69,146,339,289,50
E33035580,621,187,65,122,434,361,73
E33035581,411,162,52,110,249,192,57
E33035582,758,287,75,212,471,435,36
E33035583,814,197,57,140,617,530,87
E33035584,390,119,33,86,271,227,44
E33035585,394,153,48,105,241,203,38
E33035586,277,65,20,45,212,182,30
E33035587,553,169,56,113,384,309,75
E33035588,456,161,32,129,295,254,41
E33035589,375,145,37,108,230,194,36
E33035590,321,80,24,56,241,206,35
E33035591,310,121,30,91,189,150,39
E33035592,343,122,45,77,221,177,44
E33035593,342,116,39,77,226,208,18
E33035594,601,217,78,139,384,331,53
E33035595,401,145,48,97,256,200,56
E33035596,821,273,85,188,548,454,94
E33035597,469,143,57,86,326,269,57
E33035598,568,165,60,105,403,326,77
E33035599,613,211,48,163,402,314,88
E33035600,498,116,42,74,382,315,67
E33035601,445,176,45,131,269,218,51
E33035602,635,199,68,131,436,352,84
E33035603,556,251,64,187,305,268,37
E33035604,332,107,29,78,225,205,20
E33035605,1221,138,42,96,1083,957,126
E33035606,876,514,266,248,362,312,50
E33035607,421,142,54,88,279,239,40
E33035608,546,130,35,95,416,315,101
E33035609,493,116,34,82,377,299,78
E33035610,371,128,44,84,243,193,50
E33035611,730,134,52,82,596,502,94
E33035612,563,133,29,104,430,352,78
E33035613,362,105,31,74,257,196,61
E33035614,755,206,53,153,549,411,138
E33035615,362,127,33,94,235,191,44
E33035616,486,149,38,111,337,275,62
E33035617,704,173,64,109,531,459,72
E33035618,549,152,59,93,397,329,68
E33035619,385,182,49,133,203,178,25
E33035620,558,176,49,127,382,328,54
E33035621,772,131,34,97,641,498,143
E33035622,501,136,51,85,365,284,81
E33035623,527,144,56,88,383,286,97
E33035624,379,71,30,41,308,241,67
E33035625,811,242,84,158,569,385,184
E33035626,288,118,44,74,170,129,41
E33035627,294,106,52,54,188,125,63
E33035628,325,144,56,88,181,128,53
E33035629,559,205,60,145,354,284,70
E33035630,391,148,57,91,243,197,46
E33035631,641,190,58,132,451,340,111
E33035632,346,115,36,79,231,176,55
E33035633,372,141,44,97,231,162,69
E33035634,255,103,39,64,152,108,44
E33035635,268,51,10,41,217,185,32
E33035636,391,163,37,126,228,212,16
E33035637,690,224,71,153,466,358,108
E33035638,692,211,66,145,481,385,96
E33035639,442,122,48,74,320,248,72
E33035640,763,271,86,185,492,383,109
E33035641,382,120,34,86,262,194,68
E33035642,258,84,31,53,174,151,23
E33035643,483,185,59,126,298,235,63
E33035644,537,263,114,149,274,218,56
E33035645,329,117,49,68,212,152,60
E33035646,489,225,88,137,264,222,42
E33035647,277,115,35,80,162,114,48
E33035648,801,141,46,95,660,575,85
E33035649,277,60,18,42,217,178,39
E33035650,577,134,40,94,443,388,55
E33035651,260,105,50,55,155,133,22
E33035652,366,142,60,82,224,164,60
E33035653,646,216,63,153,430,342,88
E33035654,246,55,31,24,191,154,37
E33035655,316,135,56,79,181,139,42
E33035656,470,196,82,114,274,208,66
E33035657,318,107,33,74,211,162,49
E33035658,463,163,62,101,300,229,71
E33035659,387,151,52,99,236,175,61
E33035660,421,175,61,114,246,190,56
E33035661,338,127,49,78,211,164,47
E33035662,361,115,33,82,246,219,27
E33035663,505,166,44,122,339,276,63
E33035664,453,161,48,113,292,231,61
E33035665,379,100,38,62,279,227,52
E33035666,546,189,70,119,357,268,89
E33035667,553,200,63,137,353,242,111
E33035668,414,175,58,117,239,174,65
E33035669,383,156,57,99,227,173,54
E33035670,477,170,78,92,307,220,87
E33035671,382,148,61,87,234,185,49
E33035672,596,246,78,168,350,286,64
E33035673,483,140,43,97,343,268,75
E33035674,341,148,62,86,193,154,39
E33035675,539,219,62,157,320,248,72
E33035676,662,287,84,203,375,323,52
E33035677,546,219,88,131,327,274,53
E33035678,448,158,50,108,290,246,44
E33035679,535,212,67,145,323,273,50
E33035680,409,128,42,86,281,218,63
E33035681,290,74,17,57,216,177,39
E33035682,374,135,58,77,239,183,56
E33035683,270,59,22,37,211,143,68
E33035684,330,114,39,75,216,171,45
E33035685,549,256,122,134,293,226,67
E33035686,569,237,79,158,332,278,54
E33035687,353,145,47,98,208,168,40
E33035688,314,144,59,85,170,139,31
E33035689,287,123,43,80,164,138,26
E33035690,369,151,59,92,218,182,36
E33035691,427,194,56,138,233,200,33
E33035692,385,171,49,122,214,159,55
E33035693,523,194,73,121,329,248,81
E33035694,440,163,58,105,277,201,76
E33035695,556,200,62,138,356,314,42
E33035696,381,123,43,80,258,212,46
E33035697,649,201,81,120,448,322,126
E33035698,414,130,37,93,284,211,73
E33035699,372,145,60,85,227,180,47
E33035700,401,141,52,89,260,206,54
E33035701,350,90,30,60,260,219,41
E33035702,443,156,57,99,287,222,65
E33035703,325,103,30,73,222,185,37
E33035704,321,129,44,85,192,153,39
E33035705,323,131,50,81,192,143,49
E33035706,337,147,51,96,190,154,36
E33035707,298,116,41,75,182,149,33
E33035708,388,139,45,94,249,191,58
E33035709,505,119,36,83,386,330,56
E33035710,447,105,36,69,342,228,114
E33035711,302,151,33,118,151,125,26
E33035712,811,251,70,181,560,467,93
E33035713,243,106,33,73,137,107,30
E33035714,475,200,61,139,275,231,44
E33035715,399,152,53,99,247,192,55
E33035716,471,212,91,121,259,204,55
E33035717,266,137,43,94,129,109,20
E33035718,385,136,44,92,249,187,62
E33035719,599,211,50,161,388,323,65
E33035720,365,98,35,63,267,235,32
E33035721,547,183,77,106,364,286,78
E33035722,331,123,44,79,208,152,56
E33035723,779,317,100,217,462,394,68
E33035724,444,219,76,143,225,181,44
E33035725,356,134,58,76,222,192,30
E33035726,370,162,57,105,208,184,24
E33035727,653,195,59,136,458,380,78
E33035728,340,131,33,98,209,136,73
E33035729,645,120,36,84,525,430,95
E33035730,266,92,14,78,174,142,32
E33035731,567,143,26,117,424,409,15
E33035732,451,178,54,124,273,227,46
E33035733,298,132,57,75,166,140,26
E33035734,395,147,70,77,248,179,69
E33035735,895,354,132,222,541,397,144
E33035736,525,225,74,151,300,234,66
E33035737,577,156,49,107,421,366,55
E33035738,503,230,78,152,273,213,60
E33035739,399,173,59,114,226,170,56
E33035740,712,258,72,186,454,383,71
E33035741,330,120,39,81,210,182,28
E33035742,332,180,67,113,152,105,47
E33035743,358,169,49,120,189,155,34
E33035744,340,160,48,112,180,146,34
E33035745,313,146,36,110,167,132,35
E33035746,356,149,44,105,207,183,24
E33035747,343,112,34,78,231,177,54
E33035748,376,149,77,72,227,149,78
E33035749,282,119,51,68,163,109,54
E33035750,327,113,55,58,214,140,74
E33035751,421,166,63,103,255,183,72
E33035752,398,168,57,111,230,172,58
E33035753,304,107,42,65,197,148,49
E33035754,663,129,39,90,534,351,183
E33035755,421,134,35,99,287,248,39
E33035756,403,117,37,80,286,207,79
E33035757,559,194,59,135,365,314,51
E33035758,257,89,32,57,168,125,43
E33035759,478,147,50,97,331,231,100
E33035760,247,95,34,61,152,112,40
E33035761,466,165,80,85,301,215,86
E33035762,264,71,28,43,193,148,45
E33035763,268,123,49,74,145,101,44
E33035764,230,86,30,56,144,104,40
E33035765,291,81,34,47,210,164,46
E33035766,545,104,40,64,441,322,119
E33035767,300,101,38,63,199,132,67
E33035768,340,41,16,25,299,227,72
E33035769,290,62,27,35,228,172,56
E33035770,537,253,118,135,284,212,72
E33035771,498,218,89,129,280,216,64
E33035772,471,147,51,96,324,218,106
E33035773,271,60,16,44,211,171,40
E33035774,244,82,26,56,162,113,49
E33035775,353,77,18,59,276,214,62
E33035776,259,101,30,71,158,124,34
E33035777,376,68,23,45,308,239,69
E33035778,257,93,40,53,164,127,37
E33035779,857,163,47,116,694,638,56
E33035780,421,112,44,68,309,216,93
E33035781,430,84,29,55,346,233,113
E33035782,341,124,60,64,217,157,60
E33035783,412,151,60,91,261,169,92
E33035784,263,100,44,56,163,115,48
E33035785,296,82,25,57,214,166,48
E33035786,227,97,34,63,130,95,35
E33035787,251,86,26,60,165,120,45
E33035788,381,151,56,95,230,166,64
E33035789,469,176,74,102,293,202,91
E33035790,336,159,59,100,177,140,37
E33035791,248,99,48,51,149,110,39
E33035792,440,103,28,75,337,246,91
E33035793,480,148,56,92,332,234,98
E33035794,617,145,54,91,472,342,130
E33035795,536,146,58,88,390,289,101
E33035796,364,137,54,83,227,163,64
E33035797,327,85,30,55,242,184,58
E33035798,486,87,38,49,399,313,86
E33035799,369,136,52,84,233,163,70
E33035800,523,194,79,115,329,230,99
E33035801,423,152,79,73,271,187,84
E33035802,311,110,44,66,201,135,66
E33035803,323,99,56,43,224,174,50
E33035804,524,93,31,62,431,314,117
E33035805,329,111,42,69,218,163,55
E33035806,311,89,37,52,222,170,52
E33035807,407,150,62,88,257,182,75
E33035808,324,109,47,62,215,158,57
E33035809,380,150,51,99,230,176,54
E33035810,295,97,34,63,198,124,74
E33035811,319,119,44,75,200,148,52
E33035812,391,136,55,81,255,205,50
E33035813,395,127,48,79,268,203,65
E33035814,271,122,45,77,149,108,41
E33035815,518,220,80,140,298,232,66
E33035816,331,87,38,49,244,173,71
E33035817,296,68,33,35,228,162,66
E33035818,726,276,132,144,450,375,75
E33035819,330,101,36,65,229,174,55
E33035820,837,286,101,185,551,451,100
E33035821,646,229,165,64,417,332,85
E33035822,306,108,48,60,198,151,47
E33035823,473,192,97,95,281,201,80
E33035824,282,70,24,46,212,180,32
E33035825,381,192,87,105,189,115,74
E33035826,596,212,78,134,384,278,106
E33035827,338,102,37,65,236,178,58
E33035828,393,157,58,99,236,194,42
E33035829,368,96,25,71,272,222,50
E33035830,371,149,61,88,222,170,52
E33035831,372,123,52,71,249,198,51
E33035832,314,124,60,64,190,152,38
E33035833,517,155,59,96,362,282,80
E33035834,362,106,28,78,256,194,62
E33035835,594,76,22,54,518,388,130
E33035836,428,76,29,47,352,269,83
E33035837,232,85,27,58,147,102,45
E33035838,347,167,73,94,180,138,42
E33035839,611,185,58,127,426,321,105
E33035840,499,243,108,135,256,222,34
E33035841,404,153,48,105,251,199,52
E33035842,333,98,42,56,235,179,56
E33035843,313,107,41,66,206,155,51
E33035844,347,123,47,76,224,176,48
E33035845,304,128,40,88,176,126,50
E33035846,307,138,55,83,169,137,32
E33035847,859,345,158,187,514,415,99
E33035848,398,159,62,97,239,167,72
E33035849,433,124,50,74,309,205,104
E33035850,319,122,65,57,197,137,60
E33035851,297,86,37,49,211,162,49
E33035852,447,159,72,87,288,225,63
E33035853,404,154,51,103,250,198,52
E33035854,361,120,39,81,241,196,45
E33035855,238,108,42,66,130,88,42
E33035856,307,72,31,41,235,175,60
E33035857,262,123,50,73,139,102,37
E33035858,520,103,28,75,417,383,34
E33035859,266,96,31,65,170,121,49
E33035860,271,68,20,48,203,161,42
E33035861,234,85,23,62,149,106,43
E33035862,353,107,39,68,246,191,55
E33035863,258,97,34,63,161,118,43
E33035864,492,95,42,53,397,262,135
E33035865,297,110,41,69,187,127,60
E33035866,359,135,54,81,224,183,41
E33035867,726,227,68,159,499,330,169
E33035868,574,271,90,181,303,250,53
E33035869,419,145,58,87,274,211,63
E33035870,442,189,83,106,253,207,46
E33035871,470,142,53,89,328,264,64
E33035872,296,92,31,61,204,167,37
E33035873,287,90,32,58,197,142,55
E33035874,657,142,44,98,515,429,86
E33035875,353,78,25,53,275,208,67
E33035876,230,93,40,53,137,102,35
E33035877,648,217,85,132,431,353,78
E33035878,400,133,39,94,267,211,56
E33035879,242,109,52,57,133,93,40
E33035880,276,113,45,68,163,118,45
E33035881,372,131,57,74,241,201,40
E33035882,339,123,57,66,216,168,48
E33035883,259,91,33,58,168,122,46
E33035884,385,146,61,85,239,168,71
E33035885,649,171,62,109,478,360,118
E33035886,593,139,42,97,454,368,86
E33035887,357,158,57,101,199,139,60
E33035888,401,79,21,58,322,253,69
E33035889,447,76,32,44,371,305,66
E33035890,286,119,58,61,167,121,46
E33035891,326,73,25,48,253,202,51
E33035892,261,120,53,67,141,96,45
E33035893,364,130,50,80,234,177,57
E33035894,322,88,24,64,234,187,47
E33035895,297,86,26,60,211,181,30
E33035896,435,127,48,79,308,223,85
E33035897,647,225,58,167,422,324,98
E33035898,704,149,50,99,555,389,166
E33035899,511,61,14,47,450,342,108
E33035900,493,75,27,48,418,350,68
E33035901,280,53,13,40,227,195,32
E33035902,229,45,12,33,184,157,27
E33035903,350,72,22,50,278,211,67
E33035904,2853,402,102,300,2451,2044,407
E33035905,598,108,40,68,490,438,52
E33035906,2497,252,69,183,2245,1502,743
E33035907,251,33,14,19,218,153,65
E33035908,410,51,12,39,359,273,86
E33035909,2574,333,69,264,2241,2031,210
E33035910,1305,155,68,87,1150,717,433
E33035911,260,57,20,37,203,149,54
E33035912,643,91,26,65,552,391,161
E33035913,352,46,12,34,306,226,80
E33035914,519,73,27,46,446,356,90
E33035915,1113,178,57,121,935,735,200
E33035916,935,143,53,90,792,655,137
E33035917,682,95,28,67,587,456,131
E33035918,408,63,17,46,345,272,73
E33035919,555,73,23,50,482,380,102
E33035920,635,98,36,62,537,388,149
E33035921,457,78,22,56,379,254,125
E33035922,644,78,23,55,566,432,134
E33035923,310,88,29,59,222,160,62
E33035924,304,94,36,58,210,162,48
E33035925,280,79,15,64,201,160,41
E33035926,636,130,37,93,506,449,57
E33035927,299,104,32,72,195,139,56
E33035928,302,81,29,52,221,171,50
E33035929,215,61,25,36,154,100,54
E33035930,348,108,22,86,240,203,37
E33035931,400,80,27,53,320,263,57
E33035932,510,169,42,127,341,257,84
E33035933,391,107,36,71,284,245,39
E33035934,259,49,16,33,210,168,42
E33035935,352,91,35,56,261,200,61
E33035936,469,114,30,84,355,267,88
E33035937,434,115,40,75,319,224,95
E33035938,506,186,69,117,320,240,80
E33035939,327,99,38,61,228,162,66
E33035940,403,154,47,107,249,194,55
E33035941,394,114,41,73,280,218,62
E33035942,503,122,42,80,381,308,73
E33035943,289,110,60,50,179,141,38
E33035944,330,83,41,42,247,181,66
E33035945,285,83,22,61,202,157,45
E33035946,750,141,34,107,609,518,91
E33035947,276,89,17,72,187,126,61
E33035948,378,103,31,72,275,217,58
E33035949,410,86,22,64,324,290,34
E33035950,653,100,26,74,553,462,91
E33035951,441,171,71,100,270,212,58
E33035952,675,143,36,107,532,447,85
E33035953,430,177,55,122,253,191,62
E33035954,823,186,61,125,637,506,131
E33035955,407,100,40,60,307,240,67
E33035956,311,86,31,55,225,180,45
E33035957,632,189,65,124,443,365,78
E33035958,397,116,32,84,281,208,73
E33035959,835,188,52,136,647,492,155
E33035960,292,126,25,101,166,120,46
E33035961,535,93,16,77,442,364,78
E33035962,232,62,19,43,170,132,38
E33035963,368,106,27,79,262,224,38
E33035964,344,157,51,106,187,148,39
E33035965,425,95,36,59,330,269,61
E33035966,372,159,58,101,213,153,60
E33035967,774,313,110,203,461,395,66
E33035968,464,142,50,92,322,274,48
E33035969,496,157,47,110,339,258,81
E33035970,535,250,84,166,285,233,52
E33035971,403,143,39,104,260,219,41
E33035972,274,98,47,51,176,132,44
E33035973,398,147,53,94,251,199,52
E33035974,356,95,19,76,261,172,89
E33035975,509,100,53,47,409,307,102
E33035976,435,132,31,101,303,244,59
E33035977,267,105,28,77,162,126,36
E33035978,409,134,38,96,275,211,64
E33035979,468,206,49,157,262,210,52
E33035980,382,172,49,123,210,156,54
E33035981,518,208,66,142,310,256,54
E33035982,522,200,53,147,322,293,29
E33035983,238,57,16,41,181,165,16
E33035984,371,133,37,96,238,197,41
E33035985,550,206,71,135,344,293,51
E33035986,488,125,32,93,363,303,60
E33035987,274,131,45,86,143,114,29
E33035988,461,190,55,135,271,193,78
E33035989,313,123,57,66,190,151,39
E33035990,399,157,46,111,242,200,42
E33035991,574,206,63,143,368,282,86
E33035992,479,107,34,73,372,319,53
E33035993,293,91,25,66,202,176,26
E33035994,719,181,55,126,538,444,94
E33035995,464,154,41,113,310,274,36
E33035996,515,185,56,129,330,282,48
E33035997,641,248,71,177,393,344,49
E33035998,591,208,66,142,383,331,52
E33035999,499,109,33,76,390,338,52
E33036000,349,145,50,95,204,165,39
E33036001,489,171,44,127,318,279,39
E33036002,385,136,55,81,249,193,56
E33036003,489,171,38,133,318,239,79
E33036004,515,226,54,172,289,231,58
E33036005,567,166,56,110,401,319,82
E33036006,1087,149,45,104,938,817,121
E33036007,307,89,27,62,218,170,48
E33036008,297,118,36,82,179,147,32
E33036009,497,167,52,115,330,260,70
E33036010,277,138,59,79,139,108,31
E33036011,463,122,50,72,341,272,69
E33036012,649,238,66,172,411,336,75
E33036013,447,162,46,116,285,220,65
E33036014,311,97,34,63,214,169,45
E33036015,354,135,42,93,219,161,58
E33036016,346,120,40,80,226,194,32
E33036017,498,193,64,129,305,260,45
E33036018,349,115,28,87,234,173,61
E33036019,721,235,76,159,486,384,102
E33036020,353,142,50,92,211,151,60
E33036021,347,116,46,70,231,176,55
E33036022,329,67,21,46,262,204,58
E33036023,371,109,28,81,262,211,51
E33036024,317,109,25,84,208,143,65
E33036025,489,175,49,126,314,238,76
E33036026,416,98,33,65,318,246,72
E33036027,517,176,49,127,341,243,98
E33036028,270,98,41,57,172,122,50
E33036029,330,145,45,100,185,129,56
E33036030,285,93,29,64,192,141,51
E33036031,410,143,48,95,267,214,53
E33036032,334,143,53,90,191,137,54
E33036033,494,92,25,67,402,338,64
E33036034,365,138,39,99,227,171,56
E33036035,352,149,61,88,203,167,36
E33036036,481,221,71,150,260,217,43
E33036037,284,72,26,46,212,159,53
E33036038,465,137,50,87,328,252,76
E33036039,325,97,36,61,228,166,62
E33036040,297,92,35,57,205,159,46
E33036041,454,152,53,99,302,226,76
E33036042,241,70,23,47,171,146,25
E33036043,392,152,70,82,240,189,51
E33036044,418,124,35,89,294,259,35
E33036045,303,94,35,59,209,166,43
E33036046,396,137,45,92,259,193,66
E33036047,390,134,37,97,256,189,67
E33036048,371,147,39,108,224,157,67
E33036049,355,106,31,75,249,203,46
E33036050,745,276,84,192,469,356,113
E33036051,273,91,33,58,182,136,46
E33036052,292,111,46,65,181,133,48
E33036053,441,131,57,74,310,208,102
E33036054,375,134,65,69,241,184,57
E33036055,315,129,53,76,186,125,61
E33036056,311,126,55,71,185,120,65
E33036057,258,99,40,59,159,131,28
E33036058,362,124,43,81,238,176,62
E33036059,461,166,51,115,295,220,75
E33036060,271,99,48,51,172,121,51
E33036061,685,276,93,183,409,297,112
E33036062,543,219,78,141,324,249,75
E33036063,432,178,72,106,254,200,54
E33036064,375,133,44,89,242,178,64
E33036065,310,121,34,87,189,143,46
E33036066,665,213,63,150,452,322,130
E33036067,251,86,32,54,165,132,33
E33036068,370,154,64,90,216,158,58
E33036069,450,163,55,108,287,230,57
E33036070,358,63,20,43,295,241,54
E33036071,946,327,95,232,619,504,115
E33036072,405,119,36,83,286,233,53
E33036073,599,223,48,175,376,307,69
E33036074,3897,1116,245,871,2781,2402,379
E33036075,370,152,38,114,218,166,52
E33036076,448,129,57,72,319,242,77
E33036077,682,122,37,85,560,463,97
E33036078,1011,406,164,242,605,494,111
E33036079,362,103,40,63,259,174,85
E33036080,640,159,55,104,481,423,58
E33036081,537,155,46,109,382,286,96
E33036082,562,203,55,148,359,300,59
E33036083,329,126,49,77,203,145,58
E33036084,550,184,73,111,366,272,94
E33036085,351,131,46,85,220,169,51
E33036086,446,146,59,87,300,239,61
E33036087,449,186,96,90,263,223,40
E33036088,474,137,54,83,337,248,89
E33036089,294,98,43,55,196,140,56
E33036090,512,168,51,117,344,288,56
E33036091,440,192,74,118,248,192,56
E33036092,470,132,42,90,338,253,85
E33036093,343,122,36,86,221,181,40
E33036094,358,114,35,79,244,221,23
E33036095,369,114,46,68,255,183,72
E33036096,733,294,94,200,439,368,71
E33036097,505,205,83,122,300,233,67
E33036098,537,238,75,163,299,253,46
E33036099,379,128,59,69,251,183,68
E33036100,455,162,27,135,293,242,51
E33036101,538,166,67,99,372,273,99
E33036102,330,123,43,80,207,159,48
E33036103,388,146,56,90,242,187,55
E33036104,417,148,68,80,269,215,54
E33036105,305,81,28,53,224,177,47
E33036106,404,150,47,103,254,215,39
E33036107,459,179,65,114,280,226,54
E33036108,425,153,57,96,272,188,84
E33036109,370,124,45,79,246,181,65
E33036110,390,119,45,74,271,206,65
E33036111,436,166,65,101,270,209,61
E33036112,246,62,19,43,184,139,45
E33036113,348,114,33,81,234,187,47
E33036114,415,150,47,103,265,217,48
E33036115,546,295,83,212,251,223,28
E33036116,344,144,60,84,200,157,43
E33036117,737,252,90,162,485,403,82
E33036118,595,334,173,161,261,212,49
E33036119,302,101,20,81,201,174,27
E33036120,578,190,79,111,388,326,62
E33036121,462,124,42,82,338,261,77
E33036122,365,121,50,71,244,180,64
E33036123,648,246,70,176,402,324,78
E33036124,473,148,60,88,325,263,62
E33036125,531,125,39,86,406,341,65
E33036126,476,153,54,99,323,261,62
E33036127,403,128,62,66,275,213,62
E33036128,284,50,23,27,234,207,27
E33036129,296,96,37,59,200,165,35
E33036130,300,118,44,74,182,127,55
E33036131,334,120,39,81,214,158,56
E33036132,391,97,35,62,294,225,69
E33036133,560,225,75,150,335,254,81
E33036134,407,130,44,86,277,184,93
E33036135,374,135,65,70,239,172,67
E33036136,408,155,70,85,253,196,57
E33036137,449,150,56,94,299,238,61
E33036138,526,96,32,64,430,320,110
E33036139,350,124,56,68,226,157,69
E33036140,243,76,33,43,167,140,27
E33036141,462,125,43,82,337,269,68
E33036142,717,251,98,153,466,367,99
E33036143,412,103,43,60,309,192,117
E33036144,797,152,34,118,645,522,123
E33036145,378,81,35,46,297,253,44
E33036146,245,88,28,60,157,138,19
E33036147,442,153,47,106,289,211,78
E33036148,292,111,39,72,181,139,42
E33036149,273,79,30,49,194,155,39
E33036150,244,85,26,59,159,142,17
E33036151,318,106,28,78,212,156,56
E33036152,363,148,55,93,215,169,46
E33036153,325,149,27,122,176,143,33
E33036154,363,146,47,99,217,180,37
E33036155,510,181,72,109,329,229,100
E33036156,309,97,41,56,212,167,45
E33036157,301,122,41,81,179,145,34
E33036158,526,249,100,149,277,202,75
E33036159,413,167,67,100,246,171,75
E33036160,322,91,31,60,231,165,66
E33036161,322,118,49,69,204,148,56
E33036162,436,207,58,149,229,199,30
E33036163,283,122,47,75,161,123,38
E33036164,404,137,42,95,267,207,60
E33036165,421,132,51,81,289,237,52
E33036166,316,112,52,60,204,144,60
E33036167,345,161,79,82,184,139,45
E33036168,438,166,65,101,272,215,57
E33036169,2105,590,168,422,1515,1333,182
E33036170,334,117,43,74,217,168,49
E33036171,536,219,82,137,317,236,81
E33036172,387,155,87,68,232,173,59
E33036173,360,122,49,73,238,168,70
E33036174,285,87,19,68,198,168,30
E33036175,274,70,24,46,204,165,39
E33036176,309,121,45,76,188,146,42
E33036177,274,94,35,59,180,148,32
E33036178,484,188,45,143,296,265,31
E33036179,458,76,21,55,382,267,115
E33036180,327,101,34,67,226,186,40
E33036181,348,101,33,68,247,209,38
E33036182,296,141,46,95,155,124,31
E33036183,408,127,42,85,281,211,70
E33036184,365,133,48,85,232,192,40
E33036185,768,186,54,132,582,481,101
E33036186,399,140,55,85,259,196,63
E33036187,269,115,27,88,154,120,34
E33036188,372,153,63,90,219,168,51
E33036189,431,144,41,103,287,237,50
E33036190,366,122,45,77,244,175,69
E33036191,276,109,52,57,167,122,45
E33036192,371,121,36,85,250,204,46
E33036193,531,115,31,84,416,352,64
E33036194,773,255,84,171,518,423,95
E33036195,289,69,28,41,220,183,37
E33036196,302,83,23,60,219,160,59
E33036197,447,112,32,80,335,295,40
E33036198,398,88,33,55,310,221,89
E33036199,660,141,35,106,519,407,112
E33036200,353,133,34,99,220,179,41
E33036201,433,132,49,83,301,240,61
E33036202,410,101,36,65,309,217,92
E33036203,513,121,40,81,392,276,116
E33036204,417,145,40,105,272,218,54
E33036205,605,217,68,149,388,276,112
E33036206,293,99,34,65,194,151,43
E33036207,419,104,26,78,315,282,33
E33036208,355,198,61,137,157,128,29
E33036209,499,196,48,148,303,226,77
E33036210,439,152,32,120,287,240,47
E33036211,450,181,60,121,269,197,72
E33036212,601,177,60,117,424,342,82
E33036213,663,155,38,117,508,415,93
E33036214,587,236,73,163,351,296,55
E33036215,363,127,44,83,236,185,51
E33036216,334,120,47,73,214,161,53
E33036217,431,193,45,148,238,176,62
E33036218,676,213,50,163,463,320,143
E33036219,456,177,48,129,279,209,70
E33036220,383,131,54,77,252,176,76
E33036221,565,220,81,139,345,288,57
E33036222,3103,813,426,387,2290,1886,404
E33036223,349,162,65,97,187,137,50
E33036224,243,95,21,74,148,116,32
E33036225,320,145,33,112,175,139,36
E33036226,296,112,39,73,184,151,33
E33036227,447,195,53,142,252,204,48
E33036228,551,96,26,70,455,361,94
E33036229,856,166,48,118,690,504,186
E33036230,303,109,40,69,194,158,36
E33036231,438,156,57,99,282,245,37
E33036232,394,63,24,39,331,257,74
E33036233,422,122,40,82,300,236,64
E33036234,402,160,53,107,242,186,56
E33036235,277,141,60,81,136,110,26
E33036236,276,73,23,50,203,168,35
E33036237,389,184,49,135,205,189,16
E33036238,264,103,30,73,161,131,30
E33036239,569,142,37,105,427,371,56
E33036240,427,181,33,148,246,200,46
E33036241,379,135,47,88,244,191,53
E33036242,269,110,34,76,159,128,31
E33036243,330,131,45,86,199,160,39
E33036244,312,131,40,91,181,139,42
E33036245,427,156,42,114,271,234,37
E33036246,374,117,42,75,257,207,50
E33036247,766,204,65,139,562,491,71
E33036248,379,168,62,106,211,184,27
E33036249,287,57,20,37,230,166,64
E33036250,381,132,34,98,249,203,46
E33036251,349,137,51,86,212,161,51
E33036252,350,129,48,81,221,183,38
E33036253,400,204,49,155,196,158,38
E33036254,608,211,64,147,397,353,44
E33036255,256,118,32,86,138,119,19
E33036256,753,285,83,202,468,415,53
E33036257,485,196,61,135,289,248,41
E33036258,568,175,40,135,393,335,58
E33036259,576,107,25,82,469,411,58
E33036260,384,114,30,84,270,204,66
E33036261,549,228,85,143,321,259,62
E33036262,258,64,18,46,194,149,45
E33036263,358,108,38,70,250,206,44
E33036264,476,169,51,118,307,250,57
E33036265,291,109,47,62,182,158,24
E33036266,463,175,54,121,288,228,60
E33036267,423,209,57,152,214,174,40
E33036268,268,92,20,72,176,132,44
E33036269,306,112,27,85,194,162,32
E33036270,543,233,73,160,310,244,66
E33036271,283,123,41,82,160,123,37
E33036272,591,204,56,148,387,328,59
E33036273,403,77,24,53,326,249,77
E33036274,401,64,9,55,337,317,20
E33036275,339,149,37,112,190,136,54
E33036276,606,85,29,56,521,431,90
E33036277,271,91,25,66,180,138,42
E33036278,366,182,41,141,184,145,39
E33036279,324,137,45,92,187,151,36
E33036280,266,115,25,90,151,120,31
E33036281,684,270,85,185,414,320,94
E33036282,327,139,52,87,188,154,34
E33036283,750,258,84,174,492,425,67
E33036284,285,55,13,42,230,161,69
E33036285,490,176,47,129,314,245,69
E33036286,250,101,32,69,149,118,31
E33036287,367,84,37,47,283,192,91
E33036288,237,85,22,63,152,119,33
E33036289,351,146,36,110,205,168,37
E33036290,293,52,8,44,241,216,25
E33036291,359,126,30,96,233,186,47
E33036292,749,147,39,108,602,451,151
E33036293,365,109,42,67,256,188,68
E33036294,437,224,56,168,213,172,41
E33036295,379,164,64,100,215,169,46
E33036296,1338,78,23,55,1260,799,461
E33036297,445,102,33,69,343,249,94
E33036298,420,145,52,93,275,218,57
E33036299,398,132,57,75,266,195,71
E33036300,417,87,31,56,330,250,80
E33036301,361,95,27,68,266,219,47
E33036302,269,45,16,29,224,176,48
E33036303,366,104,35,69,262,169,93
E33036304,737,109,29,80,628,476,152
E33036305,1285,194,59,135,1091,910,181
E33036306,474,110,37,73,364,300,64
E33036307,460,91,22,69,369,331,38
E33036308,578,294,78,216,284,241,43
E33036309,357,67,21,46,290,228,62
E33036310,394,121,45,76,273,210,63
E33036311,825,141,29,112,684,557,127
E33036312,395,107,33,74,288,219,69
E33036313,904,85,27,58,819,644,175
E33036314,256,97,34,63,159,128,31
E33036315,447,166,48,118,281,212,69
E33036316,515,156,48,108,359,255,104
E33036317,349,119,35,84,230,178,52
E33036318,428,103,48,55,325,224,101
E33036319,335,115,36,79,220,162,58
E33036320,303,57,20,37,246,171,75
E33036321,386,118,43,75,268,209,59
E33036322,379,128,44,84,251,200,51
E33036323,352,128,50,78,224,178,46
E33036324,672,268,93,175,404,303,101
E33036325,447,193,75,118,254,202,52
E33036326,267,77,32,45,190,144,46
E33036327,612,250,92,158,362,293,69
E33036328,549,211,76,135,338,262,76
E33036329,343,101,32,69,242,184,58
E33036330,529,144,52,92,385,330,55
E33036331,802,274,77,197,528,445,83
E33036332,888,291,100,191,597,483,114
E33036333,423,178,78,100,245,208,37
E33036334,364,125,40,85,239,189,50
E33036335,367,125,27,98,242,208,34
E33036336,291,82,22,60,209,186,23
E33036337,345,148,41,107,197,152,45
E33036338,706,338,106,232,368,307,61
E33036339,489,203,76,127,286,230,56
E33036340,438,168,65,103,270,201,69
E33036341,385,143,60,83,242,183,59
E33036342,354,113,31,82,241,180,61
E33036343,708,248,86,162,460,403,57
E33036344,766,331,112,219,435,387,48
E33036345,412,88,29,59,324,277,47
E33036346,390,109,43,66,281,240,41
E33036347,859,352,128,224,507,419,88
E33036348,359,126,51,75,233,188,45
E33036349,306,104,27,77,202,149,53
E33036350,402,163,62,101,239,192,47
E33036351,431,78,23,55,353,272,81
E33036352,570,194,77,117,376,281,95
E33036353,510,159,52,107,351,261,90
E33036354,259,131,55,76,128,90,38
E33036355,402,168,54,114,234,180,54
E33036356,582,122,49,73,460,369,91
E33036357,453,188,58,130,265,205,60
E33036358,381,140,42,98,241,199,42
E33036359,353,128,43,85,225,170,55
E33036360,421,114,36,78,307,277,30
E33036361,785,300,84,216,485,435,50
E33036362,521,140,42,98,381,297,84
E33036363,390,128,46,82,262,218,44
E33036364,422,151,54,97,271,216,55
E33036365,463,150,38,112,313,284,29
E33036366,442,130,39,91,312,254,58
E33036367,423,127,34,93,296,235,61
E33036368,289,120,27,93,169,142,27
E33036369,306,123,34,89,183,139,44
E33036370,466,119,33,86,347,296,51
E33036371,630,228,82,146,402,354,48
E33036372,563,211,67,144,352,282,70
E33036373,216,80,21,59,136,116,20
E33036374,436,134,47,87,302,249,53
E33036375,485,164,44,120,321,246,75
E33036376,426,155,44,111,271,235,36
E33036377,574,181,67,114,393,318,75
E33036378,342,108,35,73,234,187,47
E33036379,309,96,25,71,213,200,13
E33036380,779,189,61,128,590,513,77
E33036381,349,96,30,66,253,219,34
E33036382,474,158,45,113,316,246,70
E33036383,437,153,41,112,284,213,71
E33036384,504,176,46,130,328,257,71
E33036385,336,131,32,99,205,154,51
E33036386,463,193,67,126,270,217,53
E33036387,321,101,36,65,220,184,36
E33036388,405,144,38,106,261,199,62
E33036389,512,164,60,104,348,244,104
E33036390,467,196,80,116,271,225,46
E33036391,720,182,43,139,538,479,59
E33036392,464,160,52,108,304,238,66
E33036393,503,208,70,138,295,232,63
E33036394,299,109,33,76,190,159,31
E33036395,305,126,37,89,179,147,32
E33036396,670,308,90,218,362,307,55
E33036397,480,173,54,119,307,268,39
E33036398,400,104,35,69,296,262,34
E33036399,453,159,58,101,294,234,60
E33036400,519,168,61,107,351,304,47
E33036401,451,162,45,117,289,243,46
E33036402,761,389,131,258,372,308,64
E33036403,358,141,40,101,217,177,40
E33036404,588,188,70,118,400,334,66
E33036405,442,112,42,70,330,264,66
E33036406,403,153,38,115,250,215,35
E33036407,702,280,105,175,422,318,104
E33036408,480,167,57,110,313,257,56
E33036409,4112,913,196,717,3199,2816,383
E33036410,423,94,28,66,329,296,33
E33036411,376,162,45,117,214,178,36
E33036412,381,122,43,79,259,208,51
E33036413,416,179,51,128,237,205,32
E33036414,797,294,80,214,503,414,89
E33036415,696,239,72,167,457,392,65
E33036416,449,131,44,87,318,267,51
E33036417,359,115,28,87,244,184,60
E33036418,718,271,81,190,447,380,67
E33036419,633,214,54,160,419,329,90
E33036420,418,138,51,87,280,222,58
E33036421,411,96,34,62,315,236,79
E33036422,355,117,39,78,238,189,49
E33036423,453,131,48,83,322,240,82
E33036424,515,182,54,128,333,273,60
E33036425,505,143,46,97,362,280,82
E33036426,383,124,53,71,259,207,52
E33036427,461,122,32,90,339,271,68
E33036428,423,167,46,121,256,210,46
E33036429,443,136,29,107,307,251,56
E33036430,343,106,34,72,237,184,53
E33036431,562,150,50,100,412,345,67
E33036432,403,159,70,89,244,202,42
E33036433,492,203,77,126,289,228,61
E33036434,339,80,23,57,259,219,40
E33036435,308,85,26,59,223,189,34
E33036436,968,304,93,211,664,576,88
E33036437,570,220,60,160,350,267,83
E33036438,407,163,49,114,244,202,42
E33036439,656,216,60,156,440,358,82
E33036440,411,154,48,106,257,210,47
E33036441,533,88,18,70,445,378,67
E33036442,476,233,86,147,243,188,55
E33036443,458,163,67,96,295,227,68
E33036444,444,170,49,121,274,231,43
E33036445,593,185,62,123,408,332,76
E33036446,391,143,48,95,248,194,54
E33036447,259,126,27,99,133,112,21
E33036448,691,257,84,173,434,364,70
E33036449,416,137,35,102,279,242,37
E33036450,503,218,60,158,285,231,54
E33036451,418,155,62,93,263,217,46
E33036452,642,214,92,122,428,344,84
E33036453,644,259,116,143,385,307,78
E33036454,278,85,26,59,193,142,51
E33036455,472,101,32,69,371,296,75
E33036456,280,101,43,58,179,110,69
E33036457,272,71,26,45,201,144,57
E33036458,382,77,23,54,305,217,88
E33036459,286,97,33,64,189,151,38
E33036460,1701,87,31,56,1614,970,644
E33036461,267,76,23,53,191,157,34
E33036462,291,39,18,21,252,185,67
E33036463,680,113,37,76,567,420,147
E33036464,384,84,37,47,300,231,69
E33036465,756,154,47,107,602,485,117
E33036466,300,94,29,65,206,165,41
E33036467,240,38,18,20,202,119,83
E33036468,534,104,31,73,430,356,74
E33036469,501,178,67,111,323,255,68
E33036470,619,192,68,124,427,326,101
E33036471,498,201,41,160,297,210,87
E33036472,647,72,30,42,575,449,126
E33036473,381,127,37,90,254,207,47
E33036474,420,64,23,41,356,249,107
E33036475,335,53,16,37,282,211,71
E33036476,266,74,23,51,192,130,62
E33036477,470,63,23,40,407,294,113
E33036478,264,80,20,60,184,123,61
E33036479,334,106,48,58,228,171,57
E33036480,477,129,43,86,348,271,77
E33036481,309,74,30,44,235,174,61
E33036482,276,97,28,69,179,129,50
E33036483,621,155,54,101,466,347,119
E33036484,643,207,65,142,436,324,112
E33036485,256,71,24,47,185,141,44
E33036486,266,92,24,68,174,131,43
E33036487,324,96,32,64,228,183,45
E33036488,283,133,58,75,150,112,38
E33036489,350,92,24,68,258,186,72
E33036490,555,182,59,123,373,268,105
E33036491,262,87,27,60,175,106,69
E33036492,389,101,47,54,288,190,98
E33036493,341,148,39,109,193,155,38
E33036494,578,183,53,130,395,319,76
E33036495,317,108,45,63,209,155,54
E33036496,277,110,31,79,167,139,28
E33036497,309,105,37,68,204,158,46
E33036498,310,82,36,46,228,162,66
E33036499,457,142,50,92,315,243,72
E33036500,336,63,31,32,273,205,68
E33036501,278,73,23,50,205,170,35
E33036502,327,130,47,83,197,144,53
E33036503,408,119,34,85,289,217,72
E33036504,287,96,31,65,191,127,64
E33036505,304,125,49,76,179,110,69
E33036506,297,96,41,55,201,139,62
E33036507,466,111,35,76,355,272,83
E33036508,379,80,19,61,299,216,83
E33036509,947,145,28,117,802,654,148
E33036510,500,94,28,66,406,318,88
E33036511,300,119,37,82,181,152,29
E33036512,716,132,39,93,584,424,160
E33036513,452,56,17,39,396,296,100
E33036514,531,109,27,82,422,329,93
E33036515,249,105,31,74,144,120,24
E33036516,352,151,77,74,201,144,57
E33036517,386,84,28,56,302,256,46
E33036518,430,169,59,110,261,201,60
E33036519,345,116,45,71,229,175,54
E33036520,489,124,35,89,365,250,115
E33036521,267,87,29,58,180,132,48
E33036522,458,124,29,95,334,247,87
E33036523,409,107,29,78,302,227,75
E33036524,283,52,19,33,231,174,57
E33036525,372,97,33,64,275,228,47
E33036526,362,101,36,65,261,180,81
E33036527,493,183,78,105,310,264,46
E33036528,871,242,85,157,629,527,102
E33036529,294,100,35,65,194,162,32
E33036530,269,90,29,61,179,118,61
E33036531,289,99,48,51,190,141,49
E33036532,524,129,45,84,395,311,84
E33036533,417,104,35,69,313,259,54
E33036534,443,86,30,56,357,301,56
E33036535,335,97,37,60,238,189,49
E33036536,362,90,28,62,272,207,65
E33036537,385,115,50,65,270,189,81
E33036538,265,74,24,50,191,136,55
E33036539,292,105,37,68,187,108,79
E33036540,299,116,46,70,183,121,62
E33036541,435,147,52,95,288,198,90
E33036542,1084,317,89,228,767,681,86
E33036543,343,134,45,89,209,154,55
E33036544,324,123,47,76,201,147,54
E33036545,325,146,67,79,179,118,61
E33036546,323,105,43,62,218,149,69
E33036547,308,109,40,69,199,131,68
E33036548,496,157,49,108,339,285,54
E33036549,358,114,48,66,244,163,81
E33036550,340,116,35,81,224,177,47
E33036551,355,175,68,107,180,138,42
E33036552,554,108,27,81,446,379,67
E33036553,430,189,36,153,241,221,20
E33036554,905,356,115,241,549,470,79
E33036555,666,151,51,100,515,430,85
E33036556,422,206,90,116,216,189,27
E33036557,286,101,26,75,185,132,53
E33036558,257,31,8,23,226,198,28
E33036559,369,142,41,101,227,163,64
E33036560,290,104,44,60,186,131,55
E33036561,262,87,30,57,175,133,42
E33036562,388,126,45,81,262,175,87
E33036563,646,147,35,112,499,383,116
E33036564,318,107,36,71,211,161,50
E33036565,393,171,60,111,222,159,63
E33036566,492,157,55,102,335,236,99
E33036567,309,102,34,68,207,146,61
E33036568,540,174,69,105,366,266,100
E33036569,308,74,23,51,234,185,49
E33036570,248,49,18,31,199,134,65
E33036571,271,90,40,50,181,142,39
E33036572,383,118,40,78,265,196,69
E33036573,623,145,40,105,478,399,79
E33036574,369,110,32,78,259,178,81
E33036575,254,110,35,75,144,103,41
E33036576,415,129,38,91,286,220,66
E33036577,928,250,58,192,678,585,93
E33036578,300,90,34,56,210,156,54
E33036579,672,209,60,149,463,379,84
E33036580,334,146,63,83,188,157,31
E33036581,478,215,49,166,263,232,31
E33036582,290,86,29,57,204,157,47
E33036583,263,106,33,73,157,122,35
E33036584,515,138,33,105,377,276,101
E33036585,273,72,18,54,201,145,56
E33036586,446,129,49,80,317,247,70
E33036587,508,142,50,92,366,254,112
E33036588,487,124,37,87,363,323,40
E33036589,243,58,18,40,185,148,37
E33036590,298,104,41,63,194,148,46
E33036591,306,109,46,63,197,142,55
E33036592,274,109,51,58,165,109,56
E33036593,391,59,21,38,332,258,74
E33036594,292,92,25,67,200,166,34
E33036595,434,122,43,79,312,234,78
E33036596,429,124,26,98,305,239,66
E33036597,340,112,40,72,228,167,61
E33036598,291,64,31,33,227,178,49
E33036599,425,86,30,56,339,272,67
E33036600,424,129,32,97,295,220,75
E33036601,461,129,25,104,332,298,34
E33036602,271,116,58,58,155,128,27
E33036603,307,100,38,62,207,148,59
E33036604,2173,446,105,341,1727,1553,174
E33036605,523,126,39,87,397,275,122
E33036606,365,146,61,85,219,161,58
E33036607,565,177,69,108,388,305,83
E33036608,640,206,64,142,434,367,67
E33036609,280,87,38,49,193,150,43
E33036610,272,82,22,60,190,136,54
E33036611,268,95,34,61,173,141,32
E33036612,301,108,40,68,193,134,59
E33036613,378,140,44,96,238,181,57
E33036614,513,165,72,93,348,298,50
E33036615,373,147,55,92,226,169,57
E33036616,361,108,26,82,253,195,58
E33036617,250,61,12,49,189,146,43
E33036618,345,85,23,62,260,199,61
E33036619,427,110,52,58,317,232,85
E33036620,295,86,25,61,209,167,42
E33036621,254,97,29,68,157,137,20
E33036622,311,112,32,80,199,151,48
E33036623,365,136,27,109,229,174,55
E33036624,457,200,59,141,257,199,58
E33036625,365,118,41,77,247,197,50
E33036626,281,103,19,84,178,136,42
E33036627,295,110,34,76,185,143,42
E33036628,323,121,35,86,202,160,42
E33036629,765,268,84,184,497,396,101
E33036630,296,94,31,63,202,160,42
E33036631,446,128,32,96,318,252,66
E33036632,328,96,27,69,232,187,45
E33036633,306,115,32,83,191,157,34
E33036634,326,137,40,97,189,140,49
E33036635,447,129,38,91,318,248,70
E33036636,681,260,93,167,421,356,65
E33036637,496,174,63,111,322,257,65
E33036638,256,47,9,38,209,184,25
E33036639,677,215,67,148,462,338,124
E33036640,443,175,60,115,268,206,62
E33036641,427,187,75,112,240,177,63
E33036642,383,121,37,84,262,218,44
E33036643,637,237,76,161,400,320,80
E33036644,314,124,34,90,190,143,47
E33036645,244,80,23,57,164,118,46
E33036646,840,174,56,118,666,448,218
E33036647,307,79,31,48,228,168,60
E33036648,651,147,52,95,504,438,66
E33036649,331,70,27,43,261,122,139
E33036650,343,78,21,57,265,181,84
E33036651,767,177,64,113,590,531,59
E33036652,663,185,65,120,478,364,114
E33036653,498,178,74,104,320,239,81
E33036654,508,160,69,91,348,223,125
E33036655,329,110,27,83,219,165,54
E33036656,276,87,32,55,189,142,47
E33036657,313,111,45,66,202,129,73
E33036658,306,99,39,60,207,147,60
E33036659,522,102,38,64,420,331,89
E33036660,257,117,55,62,140,113,27
E33036661,417,125,56,69,292,209,83
E33036662,341,79,24,55,262,209,53
E33036663,264,65,16,49,199,160,39
E33036664,420,130,49,81,290,210,80
E33036665,280,96,25,71,184,151,33
E33036666,289,107,46,61,182,146,36
E33036667,510,140,36,104,370,280,90
E33036668,502,187,49,138,315,240,75
E33036669,302,113,33,80,189,138,51
E33036670,320,132,23,109,188,143,45
E33036671,347,124,29,95,223,186,37
E33036672,284,94,38,56,190,163,27
E33036673,420,122,39,83,298,247,51
E33036674,308,129,39,90,179,135,44
E33036675,365,119,42,77,246,192,54
E33036676,353,69,26,43,284,197,87
E33036677,315,125,43,82,190,138,52
E33036678,297,85,34,51,212,159,53
E33036679,291,105,45,60,186,112,74
E33036680,288,92,31,61,196,133,63
E33036681,397,125,28,97,272,211,61
E33036682,328,122,23,99,206,167,39
E33036683,417,120,54,66,297,212,85
E33036684,261,90,37,53,171,114,57
E33036685,297,103,27,76,194,137,57
E33036686,338,123,43,80,215,162,53
E33036687,345,91,32,59,254,176,78
E33036688,326,99,34,65,227,157,70
E33036689,273,96,34,62,177,146,31
E33036690,246,66,19,47,180,113,67
E33036691,241,76,32,44,165,127,38
E33036692,696,97,27,70,599,545,54
E33036693,441,115,42,73,326,269,57
E33036694,559,105,46,59,454,344,110
E33036695,323,151,46,105,172,128,44
E33036696,527,178,60,118,349,257,92
E33036697,280,76,20,56,204,182,22
E33036698,366,105,33,72,261,222,39
E33036699,378,150,42,108,228,190,38
E33036700,262,89,18,71,173,136,37
E33036701,279,109,33,76,170,130,40
E33036702,415,147,36,111,268,183,85
E33036703,282,103,41,62,179,131,48
E33036704,463,170,38,132,293,236,57
E33036705,329,115,34,81,214,159,55
E33036706,548,105,40,65,443,398,45
E33036707,300,84,33,51,216,175,41
E33036708,248,84,14,70,164,146,18
E33036709,372,102,33,69,270,230,40
E33036710,607,242,92,150,365,287,78
E33036711,648,251,108,143,397,299,98
E33036712,518,202,100,102,316,251,65
E33036713,457,115,42,73,342,259,83
E33036714,404,114,46,68,290,214,76
E33036715,280,102,42,60,178,123,55
E33036716,410,127,30,97,283,221,62
E33036717,273,78,31,47,195,140,55
E33036718,516,53,14,39,463,416,47
E33036719,365,97,19,78,268,224,44
E33036720,426,94,39,55,332,244,88
E33036721,259,76,27,49,183,128,55
E33036722,743,255,75,180,488,396,92
E33036723,560,68,32,36,492,369,123
E33036724,235,57,20,37,178,144,34
E33036725,385,41,13,28,344,255,89
E33036726,792,68,24,44,724,569,155
E33036727,369,91,36,55,278,190,88
E33036728,322,111,37,74,211,145,66
E33036729,373,126,38,88,247,181,66
E33036730,400,115,52,63,285,218,67
E33036731,366,62,27,35,304,218,86
E33036732,428,65,20,45,363,276,87
E33036733,237,86,36,50,151,99,52
E33036734,321,115,47,68,206,148,58
E33036735,543,160,55,105,383,327,56
E33036736,289,87,34,53,202,154,48
E33036737,266,77,32,45,189,141,48
E33036738,316,95,29,66,221,117,104
E33036739,298,70,37,33,228,190,38
E33036740,518,190,60,130,328,262,66
E33036741,218,76,17,59,142,103,39
E33036742,288,84,36,48,204,144,60
E33036743,272,68,27,41,204,157,47
E33036744,355,80,21,59,275,198,77
E33036745,343,96,40,56,247,174,73
E33036746,243,72,27,45,171,129,42
E33036747,274,74,20,54,200,146,54
E33036748,365,89,33,56,276,222,54
E33036749,250,96,33,63,154,122,32
E33036750,379,97,34,63,282,198,84
E33036751,440,137,39,98,303,250,53
E33036752,328,80,17,63,248,206,42
E33036753,287,88,30,58,199,150,49
E33036754,284,65,19,46,219,178,41
E33036755,344,121,39,82,223,178,45
E33036756,599,74,20,54,525,375,150
E33036757,293,104,31,73,189,148,41
E33036758,133,51,13,38,82,60,22
E33036759,281,74,22,52,207,140,67
E33036760,357,77,27,50,280,203,77
E33036761,340,121,26,95,219,162,57
E33036762,300,39,9,30,261,186,75
E33036763,568,122,51,71,446,338,108
E33036764,299,55,20,35,244,174,70
E33036765,173,64,19,45,109,78,31
E33036766,411,104,28,76,307,246,61
E33036767,264,64,15,49,200,139,61
E33036768,294,57,24,33,237,190,47
E33036769,582,113,39,74,469,332,137
E33036770,365,100,39,61,265,182,83
E33036771,370,45,11,34,325,270,55
E33036772,267,42,21,21,225,177,48
E33036773,515,48,10,38,467,361,106
E33036774,766,63,31,32,703,568,135
E33036775,265,52,17,35,213,181,32
E33036776,842,117,32,85,725,555,170
E33036777,214,38,22,16,176,150,26
E33036778,412,43,13,30,369,305,64
E33036779,500,98,33,65,402,333,69
E33036780,5056,434,58,376,4622,4005,617
E33036781,6077,480,96,384,5597,5009,588
E33036782,902,60,18,42,842,613,229
E33036783,1320,289,89,200,1031,900,131
E33036784,2350,320,58,262,2030,1821,209
E33036785,266,62,19,43,204,173,31
E33036786,332,93,29,64,239,175,64
E33036787,374,100,26,74,274,226,48
E33036788,282,81,21,60,201,168,33
E33036789,355,98,43,55,257,199,58
E33036790,327,104,47,57,223,149,74
E33036791,657,159,49,110,498,443,55
E33036792,255,65,20,45,190,141,49
E33036793,426,115,40,75,311,256,55
E33036794,331,71,29,42,260,192,68
E33036795,424,137,39,98,287,228,59
E33036796,259,66,34,32,193,145,48
E33036797,318,120,33,87,198,150,48
E33036798,532,54,14,40,478,337,141
E33036799,268,60,12,48,208,145,63
E33036800,688,152,68,84,536,446,90
E33036801,345,64,23,41,281,224,57
E33036802,500,66,13,53,434,386,48
E33036803,301,66,22,44,235,171,64
E33036804,208,70,35,35,138,89,49
E33036805,314,127,41,86,187,144,43
E33036806,444,102,36,66,342,215,127
E33036807,377,118,45,73,259,195,64
E33036808,513,237,124,113,276,211,65
E33036809,352,150,49,101,202,146,56
E33036810,422,154,47,107,268,201,67
E33036811,444,154,49,105,290,232,58
E33036812,477,207,51,156,270,216,54
E33036813,453,152,52,100,301,218,83
E33036814,369,126,46,80,243,206,37
E33036815,356,141,60,81,215,171,44
E33036816,538,201,69,132,337,256,81
E33036817,798,269,108,161,529,397,132
E33036818,638,218,68,150,420,331,89
E33036819,319,130,43,87,189,153,36
E33036820,282,112,54,58,170,126,44
E33036821,301,116,47,69,185,140,45
E33036822,372,143,50,93,229,190,39
E33036823,291,111,45,66,180,145,35
E33036824,428,209,47,162,219,184,35
E33036825,320,145,54,91,175,141,34
E33036826,517,212,71,141,305,231,74
E33036827,297,123,43,80,174,137,37
E33036828,299,101,33,68,198,154,44
E33036829,427,211,87,124,216,180,36
E33036830,327,91,33,58,236,178,58
E33036831,455,171,67,104,284,230,54
E33036832,692,295,115,180,397,290,107
E33036833,525,129,59,70,396,278,118
E33036834,323,87,33,54,236,168,68
E33036835,418,125,47,78,293,216,77
E33036836,430,135,39,96,295,212,83
E33036837,248,56,19,37,192,135,57
E33036838,581,116,50,66,465,331,134
E33036839,1369,146,51,95,1223,1030,193
E33036840,869,90,20,70,779,669,110
E33036841,270,68,18,50,202,146,56
E33036842,637,76,25,51,561,433,128
E33036843,296,80,38,42,216,149,67
E33036844,264,62,23,39,202,164,38
E33036845,584,230,98,132,354,297,57
E33036846,2217,483,188,295,1734,1402,332
E33036847,386,71,19,52,315,241,74
E33036848,650,198,57,141,452,397,55
E33036849,485,186,60,126,299,246,53
E33036850,459,201,61,140,258,207,51
E33036851,299,125,35,90,174,143,31
E33036852,328,138,48,90,190,163,27
E33036853,422,182,46,136,240,200,40
E33036854,889,309,66,243,580,475,105
E33036855,436,170,60,110,266,226,40
E33036856,515,180,75,105,335,268,67
E33036857,658,277,73,204,381,299,82
E33036858,730,128,46,82,602,502,100
E33036859,381,133,47,86,248,188,60
E33036860,396,159,53,106,237,167,70
E33036861,387,140,59,81,247,205,42
E33036862,423,128,34,94,295,227,68
E33036863,355,143,42,101,212,179,33
E33036864,343,130,42,88,213,162,51
E33036865,368,156,24,132,212,184,28
E33036866,844,255,98,157,589,469,120
E33036867,354,104,38,66,250,183,67
E33036868,519,250,93,157,269,202,67
E33036869,434,199,73,126,235,181,54
E33036870,397,164,58,106,233,195,38
E33036871,415,188,61,127,227,171,56
E33036872,462,171,56,115,291,236,55
E33036873,319,161,36,125,158,130,28
E33036874,524,191,51,140,333,298,35
E33036875,632,248,80,168,384,311,73
E33036876,457,190,67,123,267,190,77
E33036877,358,141,39,102,217,183,34
E33036878,447,134,35,99,313,252,61
E33036879,295,66,18,48,229,182,47
E33036880,1098,179,38,141,919,793,126
E33036881,392,92,31,61,300,250,50
E33036882,472,123,40,83,349,296,53
E33036883,281,39,13,26,242,214,28
E33036884,1075,224,96,128,851,664,187
E33036885,2488,187,36,151,2301,1641,660
E33036886,2069,287,79,208,1782,1562,220
E33036887,992,204,58,146,788,659,129
E33036888,273,72,27,45,201,145,56
E33036889,746,262,109,153,484,404,80
E33036890,937,200,86,114,737,627,110
E33036891,1363,125,41,84,1238,1075,163
E33036892,320,82,24,58,238,188,50
E33036893,577,107,29,78,470,422,48
E33036894,1526,217,67,150,1309,1135,174
E33036895,326,106,30,76,220,165,55
E33036896,446,79,22,57,367,320,47
E33036897,261,89,42,47,172,137,35
E33036898,242,100,55,45,142,97,45
E33036899,292,132,75,57,160,118,42
E33036900,285,86,32,54,199,162,37
E33036901,381,130,59,71,251,185,66
E33036902,236,60,20,40,176,130,46
E33036903,280,105,48,57,175,150,25
E33036904,522,98,31,67,424,297,127
E33036905,550,120,30,90,430,368,62
E33036906,368,124,38,86,244,175,69
E33036907,708,114,41,73,594,516,78
E33036908,7122,349,120,229,6773,2972,3801
E33036909,436,92,26,66,344,247,97
E33036910,336,105,16,89,231,181,50
E33036911,400,65,26,39,335,235,100
E33036912,580,127,39,88,453,327,126
E33036913,362,139,49,90,223,176,47
E33036914,425,142,51,91,283,227,56
E33036915,325,52,17,35,273,224,49
E33036916,287,98,42,56,189,143,46
E33036917,359,122,56,66,237,193,44
E33036918,380,148,76,72,232,181,51
E33036919,378,124,57,67,254,207,47
E33036920,352,155,32,123,197,149,48
E33036921,367,114,35,79,253,179,74
E33036922,350,168,49,119,182,149,33
E33036923,381,155,43,112,226,177,49
E33036924,387,199,57,142,188,159,29
E33036925,351,214,46,168,137,123,14
E33036926,348,205,66,139,143,117,26
E33036927,411,170,65,105,241,177,64
E33036928,466,143,41,102,323,273,50
E33036929,361,132,43,89,229,185,44
E33036930,368,127,51,76,241,192,49
E33036931,328,140,61,79,188,161,27
E33036932,643,185,32,153,458,431,27
E33036933,495,166,64,102,329,244,85
E33036934,343,123,35,88,220,179,41
E33036935,360,139,55,84,221,177,44
E33036936,381,162,67,95,219,173,46
E33036937,318,130,44,86,188,148,40
E33036938,363,153,55,98,210,154,56
E33036939,317,142,48,94,175,134,41
E33036940,270,103,50,53,167,123,44
E33036941,621,147,44,103,474,408,66
E33036942,353,145,45,100,208,164,44
E33036943,505,179,69,110,326,230,96
E33036944,538,200,64,136,338,254,84
E33036945,417,116,49,67,301,244,57
E33036946,555,249,111,138,306,238,68
E33036947,462,176,49,127,286,252,34
E33036948,526,84,31,53,442,315,127
E33036949,589,167,47,120,422,362,60
E33036950,1079,460,178,282,619,434,185
E33036951,599,275,65,210,324,265,59
E33036952,858,227,113,114,631,498,133
E33036953,277,85,22,63,192,176,16
E33036954,255,94,32,62,161,125,36
E33036955,292,71,19,52,221,167,54
E33036956,373,83,32,51,290,211,79
E33036957,273,87,31,56,186,145,41
E33036958,701,392,140,252,309,262,47
E33036959,335,138,42,96,197,139,58
E33036960,323,125,55,70,198,149,49
E33036961,329,131,47,84,198,148,50
E33036962,494,211,65,146,283,228,55
E33036963,446,149,47,102,297,238,59
E33036964,375,141,49,92,234,191,43
E33036965,302,82,42,40,220,166,54
E33036966,644,236,82,154,408,312,96
E33036967,319,112,48,64,207,166,41
E33036968,728,258,71,187,470,389,81
E33036969,354,91,31,60,263,228,35
E33036970,1840,1210,441,769,630,573,57
E33036971,1082,171,46,125,911,707,204
E33036972,293,140,69,71,153,125,28
E33036973,637,318,115,203,319,279,40
E33036974,329,85,21,64,244,180,64
E33036975,389,157,56,101,232,184,48
E33036976,377,175,71,104,202,159,43
E33036977,356,161,48,113,195,171,24
E33036978,389,140,40,100,249,237,12
E33036979,844,161,65,96,683,593,90
E33036980,386,41,7,34,345,223,122
E33036981,406,165,44,121,241,221,20
E33036982,789,249,113,136,540,488,52
E33036983,492,101,18,83,391,357,34
E33036984,1152,327,119,208,825,686,139
E33036985,231,59,11,48,172,152,20
E33036986,1334,407,88,319,927,854,73
E33036987,348,83,44,39,265,215,50
E33036988,425,71,29,42,354,278,76
E33036989,1952,103,30,73,1849,1715,134
E33036990,643,330,92,238,313,259,54
E33036991,353,180,60,120,173,156,17
E33036992,480,227,101,126,253,182,71
E33036993,390,87,23,64,303,239,64
E33036994,356,102,35,67,254,220,34
E33036995,288,140,31,109,148,117,31
E33036996,292,28,10,18,264,179,85
E33036997,742,153,39,114,589,460,129
E33036998,953,187,42,145,766,604,162
E33036999,408,51,15,36,357,255,102
E33037000,220,42,10,32,178,125,53
E33037001,274,55,17,38,219,193,26
E33037002,262,45,20,25,217,173,44
E33037003,154,24,10,14,130,110,20
E33037004,504,79,26,53,425,326,99
E33037005,650,90,28,62,560,378,182
E33037006,229,70,21,49,159,119,40
E33037007,529,100,32,68,429,342,87
E33037008,243,29,9,20,214,149,65
E33037009,393,69,27,42,324,253,71
E33037010,727,191,54,137,536,359,177
E33037011,491,303,152,151,188,148,40
E33037012,324,119,35,84,205,157,48
E33037013,593,216,65,151,377,312,65
E33037014,538,76,28,48,462,402,60
E33037015,359,47,16,31,312,232,80
E33037016,1367,269,65,204,1098,980,118
E33037017,702,84,28,56,618,515,103
E33037018,249,51,8,43,198,171,27
E33037019,412,104,21,83,308,269,39
E33037020,735,152,38,114,583,533,50
E33037021,264,68,25,43,196,144,52
E33037022,867,97,20,77,770,710,60
E33037023,643,66,24,42,577,455,122
E33037024,250,40,10,30,210,164,46
E33037025,835,135,34,101,700,608,92
E33037026,1391,248,88,160,1143,1078,65
E33037027,1169,95,22,73,1074,856,218
E33037028,276,13,2,11,263,210,53
E33037029,3703,506,171,335,3197,2792,405
E33037030,967,93,26,67,874,741,133
E33037031,686,58,25,33,628,469,159
E33037032,416,34,6,28,382,308,74
E33037033,333,37,9,28,296,220,76
E33037034,328,39,11,28,289,233,56
E33037035,881,65,25,40,816,638,178
E33037036,1288,174,50,124,1114,898,216
E33037037,616,93,18,75,523,444,79
E33037038,526,109,35,74,417,304,113
E33037039,361,75,23,52,286,202,84
E33037040,254,41,16,25,213,181,32
E33037041,233,31,8,23,202,157,45
E33037042,372,48,11,37,324,261,63
E33037043,394,82,34,48,312,222,90
E33037044,1343,547,222,325,796,681,115
E33037045,399,49,9,40,350,310,40
E33037046,256,44,16,28,212,145,67
E33037047,425,104,29,75,321,257,64
E33037048,377,85,26,59,292,247,45
E33037049,790,119,41,78,671,539,132
E33037050,829,99,27,72,730,574,156
E33037051,536,80,28,52,456,377,79
E33037052,314,126,49,77,188,126,62
E33037053,985,132,33,99,853,676,177
E33037054,903,86,26,60,817,617,200
E33037055,229,18,8,10,211,176,35
E33037056,491,229,68,161,262,218,44
E33037057,469,94,31,63,375,301,74
E33037058,309,119,51,68,190,149,41
E33037059,705,83,27,56,622,511,111
E33037060,496,148,48,100,348,275,73
E33037061,346,49,21,28,297,186,111
E33037062,205,27,8,19,178,121,57
E33037063,617,113,38,75,504,390,114
E33037064,487,74,18,56,413,335,78
E33037065,299,84,31,53,215,167,48
E33037066,581,192,68,124,389,307,82
E33037067,4273,414,123,291,3859,3081,778
E33037068,725,117,42,75,608,472,136
E33037069,444,237,107,130,207,174,33
E33037070,211,76,28,48,135,118,17
E33037071,288,23,8,15,265,194,71
E33037072,311,27,6,21,284,245,39
E33037073,450,30,11,19,420,261,159
E33037074,524,40,12,28,484,429,55
E33037075,669,55,14,41,614,473,141
E33037076,590,48,9,39,542,477,65
E33037077,2164,180,49,131,1984,1555,429
E33037078,683,75,11,64,608,509,99
E33037079,423,71,39,32,352,255,97
E33037080,333,46,11,35,287,240,47
E33037081,785,53,12,41,732,634,98
E33037082,911,186,52,134,725,611,114
E33037083,209,77,18,59,132,104,28
E33037084,535,142,50,92,393,320,73
E33037085,336,70,16,54,266,229,37
E33037086,707,328,127,201,379,347,32
E33037087,237,71,12,59,166,141,25
E33037088,393,119,45,74,274,252,22
E33037089,834,333,120,213,501,417,84
E33037090,366,87,25,62,279,245,34
E33037091,242,78,33,45,164,133,31
E33037092,248,93,26,67,155,128,27
E33037093,247,47,11,36,200,155,45
E33037094,281,59,24,35,222,164,58
E33037095,331,50,9,41,281,252,29
E33037096,394,130,50,80,264,233,31
E33037097,365,45,6,39,320,267,53
E33037098,446,91,34,57,355,300,55
E33037099,891,103,24,79,788,609,179
E33037100,253,81,30,51,172,142,30
E33037101,1384,365,135,230,1019,892,127
E33037102,3691,395,115,280,3296,3100,196
E33037103,581,106,37,69,475,387,88
E33037104,207,42,8,34,165,133,32
E33037105,565,81,23,58,484,387,97
E33037106,225,18,5,13,207,188,19
E33037107,202,31,5,26,171,121,50
E33037108,430,83,12,71,347,304,43
E33037109,611,122,42,80,489,410,79
E33037110,255,13,3,10,242,192,50
E33037111,1343,154,24,130,1189,1042,147
E33037112,1779,134,58,76,1645,1465,180
E33037113,221,46,17,29,175,136,39
E33037114,267,91,28,63,176,141,35
E33037115,446,94,25,69,352,284,68
E33037116,396,95,26,69,301,246,55
E33037117,406,52,17,35,354,296,58
E33037118,346,60,15,45,286,213,73
E33037119,925,273,76,197,652,599,53
E33037120,570,224,67,157,346,265,81
E33037121,332,124,60,64,208,154,54
E33037122,558,79,12,67,479,354,125
E33037123,220,24,1,23,196,151,45
E33037124,580,58,16,42,522,436,86
E33037125,310,121,39,82,189,165,24
E33037126,768,289,77,212,479,427,52
E33037127,2013,437,108,329,1576,1416,160
E33037128,1819,208,72,136,1611,1228,383
E33037129,262,45,18,27,217,187,30
E33037130,1400,128,41,87,1272,998,274
E33037131,357,43,9,34,314,230,84
E33037132,247,29,13,16,218,169,49
E33037133,262,34,13,21,228,173,55
E33037134,481,48,14,34,433,350,83
E33037135,522,70,24,46,452,383,69
E33037136,1425,151,28,123,1274,1033,241
E33037137,364,76,26,50,288,237,51
E33037138,257,28,10,18,229,184,45
E33037139,479,41,16,25,438,377,61
E33037140,260,28,8,20,232,190,42
E33037141,1274,158,49,109,1116,782,334
E33037142,319,82,25,57,237,211,26
E33037143,1505,144,47,97,1361,1135,226
E33037144,512,68,24,44,444,351,93
E33037145,343,58,17,41,285,233,52
E33037146,632,67,19,48,565,475,90
E33037147,369,45,16,29,324,259,65
E33037148,4249,482,194,288,3767,2899,868
E33037149,281,24,10,14,257,185,72
E33037150,356,34,6,28,322,285,37
E33037151,341,18,8,10,323,244,79
E33037152,241,24,7,17,217,173,44
E33037153,233,81,21,60,152,128,24
E33037154,361,163,48,115,198,169,29
E33037155,325,96,41,55,229,184,45
E33037156,438,58,23,35,380,295,85
E33037157,234,28,7,21,206,162,44
E33037158,319,64,18,46,255,197,58
E33037159,385,41,6,35,344,266,78
E33037160,583,34,11,23,549,455,94
E33037161,348,43,9,34,305,258,47
E33037162,1266,115,36,79,1151,977,174
E33037163,718,64,20,44,654,496,158
E33037164,333,92,32,60,241,191,50
E33037165,821,82,25,57,739,598,141
E33037166,702,133,27,106,569,469,100
E33037167,372,170,76,94,202,186,16
E33037168,309,130,48,82,179,141,38
E33037169,355,110,34,76,245,200,45
E33037170,367,108,24,84,259,234,25
E33037171,785,350,159,191,435,375,60
E33037172,397,246,122,124,151,135,16
E33037173,307,88,19,69,219,193,26
E33037174,277,93,23,70,184,170,14
E33037175,465,90,22,68,375,295,80
E33037176,280,60,11,49,220,196,24
E33037177,257,66,23,43,191,136,55
E33037178,226,63,29,34,163,118,45
E33037179,246,69,17,52,177,113,64
E33037180,374,107,54,53,267,209,58
E33037181,424,137,36,101,287,220,67
E33037182,302,60,19,41,242,167,75
E33037183,467,67,20,47,400,323,77
E33037184,256,90,34,56,166,115,51
E33037185,786,103,43,60,683,480,203
E33037186,273,52,12,40,221,179,42
E33037187,280,71,20,51,209,149,60
E33037188,257,105,40,65,152,114,38
E33037189,338,66,20,46,272,195,77
E33037190,241,71,26,45,170,120,50
E33037191,413,99,49,50,314,273,41
E33037192,1040,580,324,256,460,427,33
E33037193,530,203,94,109,327,267,60
E33037194,211,53,19,34,158,136,22
E33037195,194,56,23,33,138,100,38
E33037196,297,120,69,51,177,153,24
E33037197,518,71,20,51,447,355,92
E33037198,315,95,36,59,220,159,61
E33037199,439,56,26,30,383,319,64
E33037200,214,68,21,47,146,131,15
E33037201,563,130,40,90,433,352,81
E33037202,430,66,25,41,364,267,97
E33037203,202,55,19,36,147,111,36
E33037204,236,46,16,30,190,163,27
E33037205,349,29,13,16,320,259,61
E33037206,1545,114,36,78,1431,1074,357
E33037207,978,48,11,37,930,709,221
E33037208,433,129,37,92,304,253,51
E33037209,237,38,9,29,199,122,77
E33037210,315,47,19,28,268,213,55
E33037211,384,91,31,60,293,255,38
E33037212,879,67,24,43,812,685,127
E33037213,217,62,19,43,155,142,13
E33037214,224,48,17,31,176,124,52
E33037215,541,209,76,133,332,298,34
E33037216,1248,79,25,54,1169,930,239
E33037217,402,93,33,60,309,238,71
E33037218,775,396,183,213,379,332,47
E33037219,544,107,36,71,437,362,75
E33037220,190,24,12,12,166,134,32
E33037221,303,124,53,71,179,146,33
E33037222,223,25,10,15,198,159,39
E33037223,303,67,23,44,236,204,32
E33037224,872,234,131,103,638,536,102
E33037225,535,66,24,42,469,398,71
E33037226,2354,167,50,117,2187,1619,568
E33037227,760,326,166,160,434,363,71
E33037228,378,114,38,76,264,212,52
E33037229,284,107,49,58,177,129,48
E33037230,6871,709,244,465,6162,4727,1435
E33037231,1148,89,37,52,1059,907,152
E33037232,1030,71,25,46,959,814,145
E33037233,559,101,43,58,458,336,122
E33037234,398,159,69,90,239,197,42
E33037235,366,214,111,103,152,133,19
E33037236,1114,347,89,258,767,699,68
E33037237,365,24,8,16,341,275,66
E33037238,359,78,32,46,281,246,35
E33037239,340,23,10,13,317,267,50
E33037240,258,27,8,19,231,157,74
E33037241,365,39,14,25,326,270,56
E33037242,465,48,11,37,417,345,72
E33037243,407,58,13,45,349,281,68
E33037244,224,44,17,27,180,140,40
E33037245,769,88,27,61,681,507,174
E33037246,687,416,173,243,271,241,30
E33037247,289,99,43,56,190,142,48
E33037248,346,93,40,53,253,164,89
E33037249,676,248,121,127,428,372,56
E33037250,408,236,150,86,172,155,17
E33037251,273,65,25,40,208,166,42
E33037252,228,93,47,46,135,99,36
E33037253,329,81,29,52,248,178,70
E33037254,422,107,27,80,315,276,39
E33037255,288,69,22,47,219,158,61
E33037256,455,210,104,106,245,197,48
E33037257,201,76,40,36,125,110,15
E33037258,263,145,70,75,118,109,9
E33037259,445,201,87,114,244,199,45
E33037260,323,57,17,40,266,207,59
E33037261,348,108,62,46,240,200,40
E33037262,1398,74,22,52,1324,1075,249
E33037263,755,65,21,44,690,561,129
E33037264,359,42,9,33,317,266,51
E33037265,351,135,63,72,216,176,40
E33037266,220,87,35,52,133,100,33
E33037267,237,92,41,51,145,120,25
E33037268,327,92,20,72,235,175,60
E33037269,322,45,15,30,277,225,52
E33037270,550,80,27,53,470,381,89
E33037271,210,26,9,17,184,142,42
E33037272,275,36,10,26,239,223,16
E33037273,467,163,86,77,304,245,59
E33037274,331,37,7,30,294,226,68
E33037275,307,36,19,17,271,234,37
E33037276,329,36,6,30,293,231,62
E33037277,417,48,16,32,369,293,76
E33037278,1190,618,222,396,572,512,60
E33037279,214,27,14,13,187,144,43
E33037280,1328,302,124,178,1026,947,79
E33037281,217,91,31,60,126,103,23
E33037282,307,185,59,126,122,110,12
E33037283,373,144,41,103,229,188,41
E33037284,219,81,27,54,138,117,21
E33037285,334,60,14,46,274,239,35
E33037286,840,134,39,95,706,607,99
E33037287,517,224,102,122,293,235,58
E33037288,198,13,8,5,185,141,44
E33037289,355,49,22,27,306,221,85
E33037290,888,188,33,155,700,663,37
E33037291,508,71,26,45,437,379,58
E33037292,976,473,271,202,503,494,9
E33037293,204,39,9,30,165,156,9
E33037294,186,106,63,43,80,75,5
E33037295,373,203,105,98,170,156,14
E33037296,2760,1484,609,875,1276,1197,79
E33037297,916,476,230,246,440,404,36
E33037298,240,58,22,36,182,160,22
E33037299,223,58,19,39,165,120,45
E33037300,851,143,44,99,708,625,83
E33037301,264,108,40,68,156,122,34
E33037302,1601,183,52,131,1418,1316,102
E33037303,1156,150,30,120,1006,881,125
E33037304,213,34,11,23,179,160,19
E33037305,893,114,26,88,779,670,109
E33037306,829,62,21,41,767,656,111
E33037307,322,27,7,20,295,251,44
E33037308,286,17,5,12,269,239,30
E33037309,168,17,1,16,151,140,11
E33037310,764,93,21,72,671,585,86
E33037311,483,50,18,32,433,359,74
E33037312,238,34,3,31,204,152,52
E33037313,264,24,9,15,240,184,56
E33037314,594,41,16,25,553,448,105
E33037315,334,32,9,23,302,273,29
E33037316,205,91,33,58,114,94,20
E33037317,518,185,63,122,333,273,60
E33037318,263,74,25,49,189,159,30
E33037319,703,63,9,54,640,570,70
E33037320,341,36,8,28,305,259,46
E33037321,376,30,6,24,346,314,32
E33037322,406,54,16,38,352,290,62
E33037323,528,118,29,89,410,376,34
E33037324,631,130,32,98,501,419,82
E33037325,208,20,10,10,188,149,39
E33037326,215,81,27,54,134,128,6
E33037327,323,44,19,25,279,223,56
E33037328,462,72,14,58,390,349,41
E33037329,366,52,16,36,314,244,70
E33037330,247,25,7,18,222,159,63
E33037331,708,61,21,40,647,561,86
E33037332,223,26,10,16,197,168,29
E33037333,308,63,20,43,245,192,53
E33037334,358,118,33,85,240,204,36
E33037335,766,45,16,29,721,424,297
E33037336,676,70,5,65,606,529,77
E33037337,340,50,14,36,290,235,55
E33037338,316,34,6,28,282,236,46
E33037339,323,32,6,26,291,260,31
E33037340,1408,124,32,92,1284,1060,224
E33037341,318,47,13,34,271,232,39
E33037342,1405,116,40,76,1289,1132,157
E33037343,467,60,12,48,407,318,89
E33037344,276,25,9,16,251,228,23
E33037345,575,78,18,60,497,421,76
E33037346,209,33,16,17,176,130,46
E33037347,422,34,13,21,388,302,86
E33037348,726,100,17,83,626,510,116
E33037349,333,108,43,65,225,183,42
E33037350,225,66,26,40,159,121,38
E33037351,304,145,44,101,159,134,25
E33037352,5051,1327,290,1037,3724,3159,565
E33037353,893,127,27,100,766,725,41
E33037354,305,76,17,59,229,198,31
E33037355,900,176,43,133,724,638,86
E33037356,568,244,43,201,324,294,30
E33037357,941,314,54,260,627,599,28
E33037358,745,226,67,159,519,427,92
E33037359,913,336,138,198,577,502,75
E33037360,1033,163,49,114,870,735,135
E33037361,430,250,145,105,180,161,19
E33037362,328,139,38,101,189,142,47
E33037363,242,30,10,20,212,185,27
E33037364,579,184,90,94,395,353,42
E33037365,233,24,4,20,209,190,19
E33037366,214,61,13,48,153,138,15
E33037367,315,126,36,90,189,176,13
E33037368,291,86,31,55,205,173,32
E33037369,2995,485,89,396,2510,2270,240
E33037370,464,180,59,121,284,230,54
E33037371,511,122,24,98,389,313,76
E33037372,479,189,69,120,290,227,63
E33037373,313,153,76,77,160,101,59
E33037374,706,176,67,109,530,482,48
E33037375,228,89,28,61,139,101,38
E33037376,453,231,114,117,222,195,27
E33037377,519,105,21,84,414,365,49
E33037378,762,500,225,275,262,250,12
E33037379,293,118,71,47,175,145,30
E33037380,297,144,84,60,153,144,9
E33037381,962,606,353,253,356,342,14
E33037382,530,337,198,139,193,170,23
E33037383,542,161,58,103,381,331,50
E33037384,657,303,129,174,354,310,44
E33037385,1217,440,153,287,777,641,136
E33037386,196,57,21,36,139,129,10
E33037387,239,119,50,69,120,100,20
E33037388,266,92,25,67,174,151,23
E33037389,289,126,59,67,163,142,21
E33037390,895,377,157,220,518,439,79
E33037391,377,88,9,79,289,273,16
E33037392,551,188,78,110,363,328,35
E33037393,738,234,52,182,504,461,43
E33037394,205,57,25,32,148,112,36
E33037395,441,155,61,94,286,246,40
E33037396,239,90,30,60,149,138,11
E33037397,320,112,46,66,208,180,28
E33037398,1158,557,202,355,601,516,85
E33037399,497,171,72,99,326,268,58
E33037400,404,105,46,59,299,243,56
E33037401,1458,377,97,280,1081,930,151
E33037402,467,93,20,73,374,342,32
E33037403,244,31,8,23,213,190,23
E33037404,788,217,47,170,571,484,87
E33037405,265,120,42,78,145,103,42
E33037406,325,122,39,83,203,174,29
E33037407,227,104,36,68,123,103,20
E33037408,699,288,103,185,411,362,49
E33037409,219,60,17,43,159,137,22
E33037410,478,160,57,103,318,244,74
E33037411,535,169,54,115,366,319,47
E33037412,611,186,60,126,425,355,70
E33037413,232,67,23,44,165,140,25
E33037414,356,98,39,59,258,226,32
E33037415,471,237,131,106,234,214,20
E33037416,704,138,51,87,566,548,18
E33037417,481,146,65,81,335,290,45
E33037418,141,57,27,30,84,74,10
E33037419,560,167,68,99,393,329,64
E33037420,284,127,50,77,157,133,24
E33037421,619,195,42,153,424,323,101
E33037422,331,63,23,40,268,218,50
E33037423,238,88,29,59,150,121,29
E33037424,277,132,41,91,145,122,23
E33037425,2363,506,70,436,1857,1801,56
E33037426,315,85,36,49,230,188,42
E33037427,446,68,28,40,378,313,65
E33037428,653,271,76,195,382,296,86
E33037429,504,88,26,62,416,363,53
E33037430,287,133,60,73,154,126,28
E33037431,1190,201,20,181,989,921,68
E33037432,483,151,39,112,332,292,40
E33037433,374,101,31,70,273,215,58
E33037434,399,211,108,103,188,162,26
E33037435,926,126,41,85,800,536,264
E33037436,302,87,34,53,215,188,27
E33037437,493,118,16,102,375,364,11
E33037438,3787,222,64,158,3565,2462,1103
E33037439,678,62,11,51,616,528,88
E33037440,474,91,44,47,383,314,69
E33037441,224,64,26,38,160,146,14
E33037442,250,18,9,9,232,179,53
E33037443,281,28,8,20,253,176,77
E33037444,207,31,11,20,176,135,41
E33037445,281,52,13,39,229,192,37
E33037446,342,34,6,28,308,262,46
E33037447,225,30,13,17,195,164,31
E33037448,220,40,16,24,180,139,41
E33037449,1154,261,46,215,893,797,96
E33037450,280,86,30,56,194,143,51
E33037451,5695,1796,360,1436,3899,3396,503
E33037452,242,109,19,90,133,123,10
E33037453,277,95,39,56,182,151,31
E33037454,203,75,19,56,128,111,17
E33037455,395,50,17,33,345,296,49
E33037456,387,47,14,33,340,305,35
E33037457,805,378,135,243,427,367,60
E33037458,559,127,41,86,432,361,71
E33037459,634,244,72,172,390,330,60
E33037460,543,61,17,44,482,364,118
E33037461,279,48,24,24,231,194,37
E33037462,973,102,26,76,871,750,121
E33037463,830,385,172,213,445,358,87
E33037464,587,108,37,71,479,450,29
E33037465,284,31,9,22,253,230,23
E33037466,247,33,9,24,214,180,34
E33037467,897,63,12,51,834,733,101
E33037468,393,49,16,33,344,275,69
E33037469,436,46,12,34,390,266,124
E33037470,332,68,31,37,264,211,53
E33037471,336,89,22,67,247,173,74
E33037472,563,216,45,171,347,318,29
E33037473,540,274,90,184,266,221,45
E33037474,468,34,9,25,434,240,194
E33037475,648,74,11,63,574,510,64
E33037476,957,164,28,136,793,683,110
E33037477,1697,156,35,121,1541,1206,335
E33037478,494,218,66,152,276,223,53
E33037479,427,48,13,35,379,332,47
E33037480,483,199,75,124,284,231,53
E33037481,343,146,63,83,197,153,44
E33037482,588,313,156,157,275,239,36
E33037483,388,131,48,83,257,228,29
E33037484,295,93,30,63,202,171,31
E33037485,291,100,27,73,191,173,18
E33037486,212,80,26,54,132,117,15
E33037487,612,229,90,139,383,320,63
E33037488,850,300,118,182,550,461,89
E33037489,819,281,103,178,538,484,54
E33037490,1250,643,339,304,607,577,30
E33037491,1670,250,64,186,1420,1086,334
E33037492,1692,1050,611,439,642,594,48
E33037493,453,194,58,136,259,228,31
E33037494,229,89,24,65,140,117,23
E33037495,263,25,10,15,238,183,55
E33037496,312,48,15,33,264,223,41
E33037497,233,111,40,71,122,112,10
E33037498,526,112,29,83,414,368,46
E33037499,301,95,22,73,206,157,49
E33037500,543,188,46,142,355,332,23
E33037501,1521,590,200,390,931,832,99
E33037502,237,81,38,43,156,144,12
E33037503,1744,195,40,155,1549,1443,106
E33037504,1021,239,59,180,782,746,36
E33037505,281,106,55,51,175,149,26
E33037506,1943,275,56,219,1668,1539,129
E33037507,996,541,244,297,455,406,49
E33037508,717,394,227,167,323,289,34
E33037509,670,124,41,83,546,440,106
E33037510,444,44,26,18,400,291,109
E33037511,469,51,13,38,418,348,70
E33037512,328,75,32,43,253,199,54
E33037513,252,43,8,35,209,167,42
E33037514,527,253,194,59,274,206,68
E33037515,228,41,10,31,187,144,43
E33037516,249,56,18,38,193,181,12
E33037517,539,107,26,81,432,321,111
E33037518,254,35,14,21,219,172,47
E33037519,348,48,7,41,300,255,45
E33037520,402,64,15,49,338,307,31
E33037521,367,48,9,39,319,199,120
E33037522,324,146,52,94,178,131,47
E33037523,865,60,24,36,805,651,154
E33037524,523,39,12,27,484,373,111
E33037525,258,65,30,35,193,174,19
E33037526,950,88,19,69,862,766,96
E33037527,748,363,130,233,385,318,67
E33037528,1009,243,99,144,766,606,160
E33037529,575,269,110,159,306,252,54
E33037530,719,163,17,146,556,528,28
E33037531,383,38,16,22,345,249,96
E33037532,529,88,31,57,441,364,77
E33037533,9752,2752,544,2208,7000,6054,946
E33037534,1093,70,32,38,1023,957,66
E33037535,233,61,26,35,172,131,41
E33037536,379,177,75,102,202,166,36
E33037537,247,109,48,61,138,117,21
E33037538,1253,73,28,45,1180,1114,66
E33037539,284,168,63,105,116,96,20
E33037540,446,126,43,83,320,254,66
E33037541,641,234,65,169,407,366,41
E33037542,357,129,34,95,228,208,20
E33037543,226,130,47,83,96,88,8
E33037544,400,188,32,156,212,204,8
E33037545,877,200,56,144,677,620,57
E33037546,375,118,27,91,257,227,30
E33037547,454,199,68,131,255,224,31
E33037548,450,213,89,124,237,201,36
E33037549,628,198,47,151,430,379,51
E33037550,259,104,30,74,155,142,13
E33037551,401,167,51,116,234,209,25
E33037552,240,130,47,83,110,91,19
E33037553,216,83,35,48,133,116,17
E33037554,207,121,48,73,86,76,10
E33037555,242,28,10,18,214,178,36
E33037556,554,53,19,34,501,466,35
E33037557,374,172,36,136,202,176,26
E33037558,390,77,11,66,313,266,47
E33037559,289,57,12,45,232,201,31
E33037560,570,60,19,41,510,477,33
E33037561,391,100,29,71,291,249,42
E33037562,466,57,7,50,409,369,40
E33037563,323,132,42,90,191,158,33
E33037564,476,198,69,129,278,232,46
E33037565,458,207,52,155,251,212,39
E33037566,393,171,61,110,222,196,26
E33037567,349,133,33,100,216,161,55
E33037568,217,34,12,22,183,160,23
E33037569,429,85,16,69,344,306,38
E33037570,1084,414,134,280,670,631,39
E33037571,229,86,27,59,143,118,25
E33037572,356,176,49,127,180,153,27
E33037573,422,115,30,85,307,253,54
E33037574,221,61,9,52,160,140,20
E33037575,235,76,26,50,159,129,30
E33037576,230,123,50,73,107,91,16
E33037577,420,193,76,117,227,211,16
E33037578,151,60,19,41,91,64,27
E33037579,468,155,58,97,313,266,47
E33037580,208,77,23,54,131,120,11
E33037581,534,300,153,147,234,205,29
E33037582,473,150,51,99,323,289,34
E33037583,435,213,100,113,222,205,17
E33037584,698,173,41,132,525,461,64
E33037585,401,68,18,50,333,281,52
E33037586,306,99,31,68,207,170,37
E33037587,377,125,35,90,252,171,81
E33037588,254,119,48,71,135,109,26
E33037589,242,109,61,48,133,108,25
E33037590,262,127,39,88,135,114,21
E33037591,218,78,28,50,140,112,28
E33037592,522,87,19,68,435,357,78
E33037593,391,186,70,116,205,171,34
E33037594,445,107,37,70,338,290,48
E33037595,219,44,10,34,175,144,31
E33037596,397,102,36,66,295,263,32
E33037597,1139,193,39,154,946,749,197
E33037598,216,41,10,31,175,134,41
E33037599,486,135,59,76,351,300,51
E33037600,260,62,21,41,198,165,33
E33037601,648,76,30,46,572,425,147
E33037602,228,55,19,36,173,134,39
E33037603,218,52,14,38,166,127,39
E33037604,441,39,9,30,402,318,84
E33037605,268,58,18,40,210,170,40
E33037606,568,114,26,88,454,362,92
E33037607,903,450,195,255,453,399,54
E33037608,515,63,12,51,452,352,100
E33037609,427,69,18,51,358,297,61
E33037610,611,80,25,55,531,439,92
E33037611,492,103,26,77,389,328,61
E33037612,684,157,43,114,527,470,57
E33037613,1596,215,69,146,1381,1115,266
E33037614,303,157,48,109,146,122,24
E33037615,444,56,14,42,388,338,50
E33037616,970,134,40,94,836,675,161
E33037617,291,84,30,54,207,168,39
E33037618,509,192,79,113,317,268,49
E33037619,318,80,32,48,238,208,30
E33037620,823,289,96,193,534,496,38
E33037621,279,59,19,40,220,180,40
E33037622,507,225,91,134,282,259,23
E33037623,226,39,14,25,187,128,59
E33037624,225,71,28,43,154,113,41
E33037625,288,97,35,62,191,144,47
E33037626,525,287,118,169,238,204,34
E33037627,331,168,67,101,163,123,40
E33037628,373,56,20,36,317,226,91
E33037629,205,78,34,44,127,96,31
E33037630,301,127,32,95,174,147,27
E33037631,207,79,27,52,128,101,27
E33037632,510,261,131,130,249,236,13
E33037633,230,70,24,46,160,130,30
E33037634,583,218,81,137,365,290,75
E33037635,449,84,28,56,365,288,77
E33037636,671,249,77,172,422,355,67
E33037637,225,88,26,62,137,102,35
E33037638,265,80,42,38,185,146,39
E33037639,385,194,112,82,191,169,22
E33037640,609,215,86,129,394,339,55
E33037641,279,63,24,39,216,180,36
E33037642,240,84,31,53,156,121,35
E33037643,206,66,29,37,140,84,56
E33037644,531,139,39,100,392,299,93
E33037645,208,45,24,21,163,115,48
E33037646,778,95,35,60,683,483,200
E33037647,308,93,21,72,215,180,35
E33037648,245,77,22,55,168,117,51
E33037649,426,140,53,87,286,235,51
E33037650,207,84,45,39,123,99,24
E33037651,519,203,70,133,316,259,57
E33037652,1796,161,48,113,1635,972,663
E33037653,258,41,17,24,217,150,67
E33037654,845,91,18,73,754,591,163
E33037655,370,113,28,85,257,203,54
E33037656,375,110,40,70,265,204,61
E33037657,377,93,34,59,284,214,70
E33037658,414,162,59,103,252,199,53
E33037659,482,71,14,57,411,330,81
E33037660,968,359,156,203,609,509,100
E33037661,223,57,18,39,166,131,35
E33037662,487,70,35,35,417,340,77
E33037663,576,66,22,44,510,440,70
E33037664,115,9,3,6,106,95,11
E33037665,311,60,18,42,251,196,55
E33037666,598,81,21,60,517,377,140
E33037667,334,76,21,55,258,220,38
E33037668,465,50,13,37,415,359,56
E33037669,529,47,18,29,482,405,77
E33037670,737,82,34,48,655,565,90
E33037671,424,118,56,62,306,250,56
E33037672,404,53,14,39,351,282,69
E33037673,400,65,12,53,335,268,67
E33037674,648,60,13,47,588,468,120
E33037675,1318,593,202,391,725,665,60
E33037676,982,122,51,71,860,707,153
E33037677,220,78,29,49,142,103,39
E33037678,366,73,26,47,293,218,75
E33037679,233,61,24,37,172,121,51
E33037680,608,186,79,107,422,331,91
E33037681,1151,68,19,49,1083,866,217
E33037682,294,68,24,44,226,160,66
E33037683,738,104,37,67,634,506,128
E33037684,911,127,48,79,784,643,141
E33037685,785,90,25,65,695,523,172
E33037686,361,105,43,62,256,198,58
E33037687,206,68,24,44,138,114,24
E33037688,374,139,55,84,235,205,30
E33037689,492,158,41,117,334,281,53
E33037690,569,189,80,109,380,308,72
E33037691,396,122,46,76,274,215,59
E33037692,302,103,38,65,199,169,30
E33037693,600,93,44,49,507,390,117
E33037694,306,30,7,23,276,222,54
E33037695,1015,233,134,99,782,637,145
E33037696,274,42,19,23,232,189,43
E33037697,690,96,17,79,594,484,110
E33037698,535,212,88,124,323,244,79
E33037699,716,105,39,66,611,515,96
E33037700,510,163,51,112,347,278,69
E33037701,279,85,37,48,194,168,26
E33037702,293,85,44,41,208,176,32
E33037703,321,155,59,96,166,145,21
E33037704,1575,921,384,537,654,600,54
E33037705,262,70,24,46,192,151,41
E33037706,948,151,33,118,797,736,61
E33037707,352,71,27,44,281,224,57
E33037708,369,80,21,59,289,257,32
E33037709,552,257,73,184,295,277,18
E33037710,353,38,10,28,315,273,42
E33037711,452,43,14,29,409,359,50
E33037712,221,63,7,56,158,138,20
E33037713,221,50,7,43,171,160,11
E33037714,211,63,9,54,148,136,12
E33037715,207,70,16,54,137,119,18
E33037716,285,100,28,72,185,153,32
E33037717,239,91,30,61,148,121,27
E33037718,371,205,104,101,166,143,23
E33037719,308,144,44,100,164,137,27
E33037720,167,75,23,52,92,81,11
E33037721,286,94,30,64,192,155,37
E33037722,170,64,28,36,106,93,13
E33037723,4042,1303,347,956,2739,2480,259
E33037724,697,119,20,99,578,450,128
E33037725,573,91,33,58,482,420,62
E33037726,642,112,26,86,530,476,54
E33037727,125,9,4,5,116,100,16
E33037728,773,377,174,203,396,358,38
E33037729,352,42,17,25,310,286,24
E33037730,408,83,15,68,325,308,17
E33037731,682,177,22,155,505,482,23
E33037732,276,137,62,75,139,128,11
E33037733,456,110,25,85,346,311,35
E33037734,355,151,32,119,204,177,27
E33037735,361,156,41,115,205,174,31
E33037736,773,176,33,143,597,504,93
E33037737,228,86,21,65,142,112,30
E33037738,619,250,97,153,369,334,35
E33037739,608,183,53,130,425,395,30
E33037740,708,294,82,212,414,339,75
E33037741,1274,373,31,342,901,844,57
E33037742,309,64,24,40,245,204,41
E33037743,410,119,38,81,291,244,47
E33037744,210,63,29,34,147,127,20
E33037745,339,67,16,51,272,257,15
E33037746,227,89,26,63,138,108,30
E33037747,306,108,29,79,198,183,15
E33037748,950,532,247,285,418,385,33
E33037749,348,158,65,93,190,149,41
E33037750,464,254,120,134,210,182,28
E33037751,208,78,19,59,130,124,6
E33037752,405,158,59,99,247,200,47
E33037753,232,82,29,53,150,110,40
E33037754,269,118,31,87,151,125,26
E33037755,2790,874,168,706,1916,1719,197
E33037756,428,25,4,21,403,379,24
E33037757,582,70,28,42,512,473,39
E33037758,433,50,14,36,383,346,37
E33037759,514,62,19,43,452,386,66
E33037760,539,233,95,138,306,273,33
E33037761,142,26,4,22,116,105,11
E33037762,511,98,32,66,413,341,72
E33037763,652,188,52,136,464,378,86
E33037764,426,96,38,58,330,259,71
E33037765,219,55,20,35,164,130,34
E33037766,715,244,78,166,471,418,53
E33037767,1670,229,66,163,1441,1202,239
E33037768,353,69,23,46,284,209,75
E33037769,283,82,23,59,201,178,23
E33037770,284,97,34,63,187,154,33
E33037771,233,100,49,51,133,116,17
E33037772,606,129,21,108,477,434,43
E33037773,349,192,110,82,157,142,15
E33037774,544,209,70,139,335,276,59
E33037775,593,133,33,100,460,406,54
E33037776,250,97,37,60,153,125,28
E33037777,313,115,30,85,198,177,21
E33037778,343,109,52,57,234,170,64
E33037779,929,398,117,281,531,451,80
E33037780,1141,280,77,203,861,800,61
E33037781,977,364,103,261,613,519,94
E33037782,492,69,24,45,423,352,71
E33037783,334,95,32,63,239,193,46
E33037784,389,41,14,27,348,238,110
E33037785,396,33,8,25,363,319,44
E33037786,425,88,33,55,337,270,67
E33037787,474,205,56,149,269,227,42
E33037788,660,103,38,65,557,486,71
E33037789,494,222,61,161,272,232,40
E33037790,285,27,6,21,258,177,81
E33037791,230,109,49,60,121,105,16
E33037792,214,97,37,60,117,92,25
E33037793,209,106,28,78,103,82,21
E33037794,274,159,59,100,115,102,13
E33037795,311,125,38,87,186,143,43
E33037796,363,136,52,84,227,181,46
E33037797,476,174,56,118,302,255,47
E33037798,213,85,21,64,128,113,15
E33037799,414,202,79,123,212,183,29
E33037800,311,93,18,75,218,190,28
E33037801,301,81,28,53,220,208,12
E33037802,396,188,67,121,208,181,27
E33037803,623,311,113,198,312,233,79
E33037804,360,76,24,52,284,213,71
E33037805,310,110,37,73,200,182,18
E33037806,953,473,219,254,480,387,93
E33037807,353,132,58,74,221,177,44
E33037808,601,150,55,95,451,343,108
E33037809,387,88,39,49,299,230,69
E33037810,581,196,56,140,385,327,58
E33037811,519,287,113,174,232,215,17
E33037812,217,84,19,65,133,116,17
E33037813,283,137,40,97,146,122,24
E33037814,258,63,20,43,195,154,41
E33037815,336,172,53,119,164,147,17
E33037816,966,180,56,124,786,578,208
E33037817,459,244,100,144,215,176,39
E33037818,295,112,43,69,183,158,25
E33037819,462,144,53,91,318,199,119
E33037820,259,64,28,36,195,129,66
E33037821,362,69,21,48,293,226,67
E33037822,1180,153,44,109,1027,871,156
E33037823,256,118,48,70,138,124,14
E33037824,166,60,32,28,106,78,28
E33037825,212,109,39,70,103,89,14
E33037826,319,143,64,79,176,153,23
E33037827,252,95,40,55,157,128,29
E33037828,271,121,38,83,150,110,40
E33037829,241,50,25,25,191,125,66
E33037830,679,74,26,48,605,519,86
E33037831,610,43,16,27,567,455,112
E33037832,280,108,31,77,172,144,28
E33037833,407,68,14,54,339,294,45
E33037834,211,75,28,47,136,116,20
E33037835,231,37,4,33,194,163,31
E33037836,246,56,9,47,190,151,39
E33037837,998,270,65,205,728,681,47
E33037838,373,47,15,32,326,283,43
E33037839,291,109,30,79,182,168,14
E33037840,982,243,69,174,739,682,57
E33037841,287,104,25,79,183,146,37
E33037842,374,203,102,101,171,153,18
E33037843,304,114,37,77,190,162,28
E33037844,376,93,17,76,283,266,17
E33037845,1993,165,32,133,1828,1381,447
E33037846,416,69,12,57,347,301,46
E33037847,568,78,15,63,490,438,52
E33037848,285,51,10,41,234,225,9
E33037849,252,24,8,16,228,178,50
E33037850,380,151,66,85,229,200,29
E33037851,476,75,23,52,401,321,80
E33037852,505,123,34,89,382,305,77
E33037853,1178,87,18,69,1091,940,151
E33037854,428,37,25,12,391,324,67
E33037855,450,78,21,57,372,313,59
E33037856,356,71,23,48,285,259,26
E33037857,390,84,29,55,306,251,55
E33037858,708,74,20,54,634,496,138
E33037859,727,60,24,36,667,588,79
E33037860,478,29,10,19,449,341,108
E33037861,304,33,10,23,271,225,46
E33037862,298,30,10,20,268,228,40
E33037863,353,38,4,34,315,245,70
E33037864,891,91,31,60,800,674,126
E33037865,176,32,18,14,144,116,28
E33037866,1248,109,18,91,1139,960,179
E33037867,582,89,27,62,493,420,73
E33037868,293,41,16,25,252,202,50
E33037869,269,22,10,12,247,195,52
E33037870,423,39,15,24,384,325,59
E33037871,530,151,56,95,379,300,79
E33037872,609,57,17,40,552,386,166
E33037873,738,59,17,42,679,546,133
E33037874,278,39,9,30,239,220,19
E33037875,305,20,4,16,285,208,77
E33037876,428,32,15,17,396,305,91
E33037877,451,33,7,26,418,356,62
E33037878,414,53,12,41,361,293,68
E33037879,288,9,4,5,279,252,27
E33037880,325,182,85,97,143,129,14
E33037881,485,219,93,126,266,228,38
E33037882,287,38,22,16,249,223,26
E33037883,410,63,14,49,347,294,53
E33037884,485,208,90,118,277,241,36
E33037885,249,41,16,25,208,158,50
E33037886,485,59,14,45,426,343,83
E33037887,291,123,52,71,168,152,16
E33037888,227,115,58,57,112,95,17
E33037889,381,159,49,110,222,184,38
E33037890,263,55,22,33,208,191,17
E33037891,777,209,83,126,568,464,104
E33037892,492,77,19,58,415,359,56
E33037893,235,91,56,35,144,122,22
E33037894,541,150,38,112,391,316,75
E33037895,219,57,27,30,162,123,39
E33037896,211,74,30,44,137,109,28
E33037897,627,224,50,174,403,357,46
E33037898,471,75,36,39,396,308,88
E33037899,657,216,84,132,441,359,82
E33037900,220,38,10,28,182,156,26
E33037901,605,271,121,150,334,262,72
E33037902,569,218,90,128,351,281,70
E33037903,318,115,38,77,203,171,32
E33037904,261,98,38,60,163,138,25
E33037905,325,50,20,30,275,226,49
E33037906,233,68,33,35,165,123,42
E33037907,1594,115,42,73,1479,1195,284
E33037908,1380,614,262,352,766,645,121
E33037909,466,50,5,45,416,368,48
E33037910,2363,362,71,291,2001,1733,268
E33037911,805,106,21,85,699,597,102
E33037912,343,52,18,34,291,225,66
E33037913,289,40,11,29,249,199,50
E33037914,493,73,19,54,420,373,47
E33037915,470,94,21,73,376,289,87
E33037916,405,51,17,34,354,304,50
E33037917,274,35,11,24,239,202,37
E33037918,555,36,19,17,519,471,48
E33037919,1105,98,32,66,1007,797,210
E33037920,564,117,29,88,447,418,29
E33037921,700,76,28,48,624,482,142
E33037922,586,60,9,51,526,379,147
E33037923,838,183,71,112,655,553,102
E33037924,439,149,41,108,290,244,46
E33037925,232,95,25,70,137,115,22
E33037926,239,97,39,58,142,128,14
E33037927,573,328,178,150,245,227,18
E33037928,791,188,50,138,603,525,78
E33037929,315,122,37,85,193,143,50
E33037930,370,190,57,133,180,153,27
E33037931,664,213,36,177,451,416,35
E33037932,846,161,49,112,685,552,133
E33037933,615,109,33,76,506,401,105
E33037934,489,61,16,45,428,280,148
E33037935,322,174,68,106,148,123,25
E33037936,686,197,57,140,489,439,50
E33037937,850,91,22,69,759,661,98
E33037938,593,100,26,74,493,406,87
E33037939,2104,1094,402,692,1010,904,106
E33037940,676,313,106,207,363,252,111
E33037941,242,70,29,41,172,139,33
E33037942,454,48,20,28,406,351,55
E33037943,447,66,21,45,381,301,80
E33037944,229,112,49,63,117,99,18
E33037945,838,226,77,149,612,530,82
E33037946,242,47,17,30,195,151,44
E33037947,215,50,18,32,165,131,34
E33037948,372,168,88,80,204,179,25
E33037949,385,63,13,50,322,267,55
E33037950,836,356,145,211,480,391,89
E33037951,303,43,6,37,260,216,44
E33037952,405,58,13,45,347,265,82
E33037953,278,85,29,56,193,155,38
E33037954,316,139,38,101,177,151,26
E33037955,663,207,58,149,456,433,23
E33037956,248,81,25,56,167,128,39
E33037957,422,258,103,155,164,142,22
E33037958,349,186,83,103,163,156,7
E33037959,218,103,45,58,115,105,10
E33037960,255,76,26,50,179,143,36
E33037961,228,97,36,61,131,113,18
E33037962,219,113,39,74,106,92,14
E33037963,428,227,101,126,201,172,29
E33037964,188,124,53,71,64,58,6
E33037965,206,37,5,32,169,102,67
E33037966,506,57,24,33,449,373,76
E33037967,375,81,22,59,294,265,29
E33037968,699,116,42,74,583,475,108
E33037969,314,113,28,85,201,180,21
E33037970,360,83,28,55,277,208,69
E33037971,318,105,32,73,213,164,49
E33037972,250,43,9,34,207,159,48
E33037973,911,104,29,75,807,722,85
E33037974,317,60,18,42,257,225,32
E33037975,296,25,4,21,271,233,38
E33037976,325,93,26,67,232,180,52
E33037977,1952,208,34,174,1744,1638,106
E33037978,326,134,42,92,192,158,34
E33037979,2803,520,125,395,2283,1955,328
E33037980,697,203,49,154,494,427,67
E33037981,493,39,12,27,454,357,97
E33037982,1604,207,47,160,1397,1221,176
E33037983,210,23,7,16,187,161,26
E33037984,2063,576,128,448,1487,1392,95
E33037985,1194,83,31,52,1111,955,156
E33037986,494,90,23,67,404,314,90
E33037987,903,160,29,131,743,656,87
E33037988,478,109,36,73,369,298,71
E33037989,1807,185,38,147,1622,1418,204
E33037990,750,116,25,91,634,525,109
E33037991,461,214,93,121,247,191,56
E33037992,455,71,17,54,384,328,56
E33037993,318,123,47,76,195,170,25
E33037994,630,218,61,157,412,397,15
E33037995,238,113,42,71,125,111,14
E33037996,713,73,20,53,640,541,99
E33037997,369,166,54,112,203,158,45
E33037998,316,58,22,36,258,178,80
E33037999,212,90,32,58,122,102,20
E33038000,230,102,37,65,128,97,31
E33038001,204,62,11,51,142,108,34
E33038002,363,113,43,70,250,233,17
E33038003,217,90,32,58,127,106,21
E33038004,1123,522,225,297,601,510,91
E33038005,564,109,39,70,455,390,65
E33038006,321,40,6,34,281,223,58
E33038007,240,96,39,57,144,124,20
E33038008,614,82,15,67,532,457,75
E33038009,200,28,4,24,172,129,43
E33038010,579,51,10,41,528,459,69
E33038011,221,49,17,32,172,122,50
E33038012,520,168,90,78,352,309,43
E33038013,1393,107,44,63,1286,1027,259
E33038014,224,19,10,9,205,135,70
E33038015,2362,166,47,119,2196,1842,354
E33038016,617,105,48,57,512,449,63
E33038017,588,77,32,45,511,388,123
E33038018,436,95,50,45,341,268,73
E33038019,566,108,41,67,458,364,94
E33038020,1068,562,159,403,506,455,51
E33038021,1162,137,37,100,1025,799,226
E33038022,720,106,42,64,614,548,66
E33038023,336,70,21,49,266,227,39
E33038024,488,227,70,157,261,208,53
E33038025,369,134,21,113,235,206,29
E33038026,2327,348,64,284,1979,1917,62
E33038027,532,36,8,28,496,430,66
E33038028,2007,143,37,106,1864,1596,268
E33038029,512,82,32,50,430,390,40
E33038030,761,91,22,69,670,540,130
E33038031,473,82,27,55,391,338,53
E33038032,456,52,6,46,404,343,61
E33038033,686,251,99,152,435,389,46
E33038034,308,44,12,32,264,246,18
E33038035,416,229,86,143,187,167,20
E33038036,311,136,30,106,175,142,33
E33038037,352,113,22,91,239,215,24
E33038038,567,166,40,126,401,386,15
E33038039,247,51,10,41,196,150,46
E33038040,265,75,25,50,190,156,34
E33038041,244,100,33,67,144,126,18
E33038042,234,84,22,62,150,126,24
E33038043,372,185,88,97,187,172,15
E33038044,878,492,221,271,386,344,42
E33038045,885,86,25,61,799,688,111
E33038046,531,118,37,81,413,362,51
E33038047,415,60,15,45,355,265,90
E33038048,218,48,17,31,170,139,31
E33038049,475,227,108,119,248,218,30
E33038050,214,86,44,42,128,104,24
E33038051,233,62,23,39,171,149,22
E33038052,623,392,153,239,231,214,17
E33038053,344,81,25,56,263,233,30
E33038054,683,377,174,203,306,277,29
E33038055,744,201,65,136,543,491,52
E33038056,419,83,20,63,336,277,59
E33038057,429,114,24,90,315,261,54
E33038058,1102,290,63,227,812,727,85
E33038059,287,70,18,52,217,163,54
E33038060,331,76,23,53,255,185,70
E33038061,476,210,92,118,266,211,55
E33038062,833,357,144,213,476,390,86
E33038063,289,86,35,51,203,148,55
E33038064,390,142,63,79,248,191,57
E33038065,661,236,44,192,425,368,57
E33038066,206,64,16,48,142,110,32
E33038067,545,313,134,179,232,195,37
E33038068,383,19,7,12,364,325,39
E33038069,1042,156,44,112,886,773,113
E33038070,268,80,27,53,188,151,37
E33038071,827,114,26,88,713,561,152
E33038072,256,103,36,67,153,127,26
E33038073,224,86,33,53,138,116,22
E33038074,230,104,40,64,126,101,25
E33038075,465,177,45,132,288,267,21
E33038076,324,77,25,52,247,215,32
E33038077,335,124,56,68,211,164,47
E33038078,276,35,14,21,241,201,40
E33038079,524,225,95,130,299,262,37
E33038080,228,83,41,42,145,104,41
E33038081,613,170,50,120,443,365,78
E33038082,253,25,9,16,228,155,73
E33038083,1070,71,30,41,999,756,243
E33038084,536,140,45,95,396,302,94
E33038085,287,140,56,84,147,111,36
E33038086,300,145,38,107,155,126,29
E33038087,298,129,51,78,169,151,18
E33038088,553,104,38,66,449,367,82
E33038089,290,46,10,36,244,168,76
E33038090,305,103,49,54,202,156,46
E33038091,219,70,26,44,149,126,23
E33038092,213,55,19,36,158,133,25
E33038093,573,346,172,174,227,215,12
E33038094,249,129,46,83,120,92,28
E33038095,333,69,17,52,264,202,62
E33038096,287,30,9,21,257,229,28
E33038097,286,129,41,88,157,136,21
E33038098,345,143,51,92,202,175,27
E33038099,258,105,16,89,153,140,13
E33038100,608,160,42,118,448,352,96
E33038101,889,372,135,237,517,413,104
E33038102,701,91,24,67,610,469,141
E33038103,235,35,9,26,200,171,29
E33038104,993,125,29,96,868,697,171
E33038105,242,22,5,17,220,174,46
E33038106,799,147,39,108,652,527,125
E33038107,1212,173,60,113,1039,782,257
E33038108,213,33,8,25,180,142,38
E33038109,707,97,33,64,610,528,82
E33038110,747,118,38,80,629,528,101
E33038111,290,170,83,87,120,97,23
E33038112,598,149,51,98,449,416,33
E33038113,723,298,111,187,425,393,32
E33038114,298,145,66,79,153,142,11
E33038115,475,107,25,82,368,337,31
E33038116,480,220,89,131,260,229,31
E33038117,574,134,43,91,440,388,52
E33038118,866,96,27,69,770,656,114
E33038119,1344,135,37,98,1209,976,233
E33038120,634,278,88,190,356,301,55
E33038121,255,50,22,28,205,173,32
E33038122,216,76,24,52,140,93,47
E33038123,218,21,6,15,197,152,45
E33038124,540,83,27,56,457,346,111
E33038125,501,32,12,20,469,313,156
E33038126,674,47,15,32,627,547,80
E33038127,3037,306,71,235,2731,2290,441
E33038128,256,32,10,22,224,169,55
E33038129,298,90,25,65,208,169,39
E33038130,609,46,7,39,563,506,57
E33038131,946,57,15,42,889,675,214
E33038132,372,92,24,68,280,216,64
E33038133,393,50,11,39,343,288,55
E33038134,217,81,16,65,136,119,17
E33038135,363,163,73,90,200,164,36
E33038136,369,133,49,84,236,199,37
E33038137,221,98,40,58,123,104,19
E33038138,242,92,41,51,150,116,34
E33038139,296,121,44,77,175,153,22
E33038140,697,148,50,98,549,426,123
E33038141,238,61,26,35,177,142,35
E33038142,248,111,33,78,137,103,34
E33038143,270,52,21,31,218,187,31
E33038144,993,104,19,85,889,778,111
E33038145,764,90,21,69,674,643,31
E33038146,346,97,42,55,249,199,50
E33038147,356,27,9,18,329,248,81
E33038148,2557,391,118,273,2166,1718,448
E33038149,232,26,5,21,206,142,64
E33038150,401,57,21,36,344,278,66
E33038151,567,61,11,50,506,469,37
E33038152,440,27,9,18,413,328,85
E33038153,290,42,11,31,248,185,63
E33038154,587,69,23,46,518,404,114
E33038155,250,21,8,13,229,195,34
E33038156,1719,134,35,99,1585,1194,391
E33038157,213,42,14,28,171,140,31
E33038158,249,104,37,67,145,125,20
E33038159,417,57,18,39,360,280,80
E33038160,550,149,45,104,401,295,106
E33038161,365,110,48,62,255,183,72
E33038162,537,61,19,42,476,368,108
E33038163,356,62,17,45,294,245,49
E33038164,212,22,7,15,190,154,36
E33038165,204,35,10,25,169,130,39
E33038166,712,74,20,54,638,547,91
E33038167,302,53,16,37,249,188,61
E33038168,601,72,37,35,529,423,106
E33038169,586,278,113,165,308,262,46
E33038170,233,57,15,42,176,129,47
E33038171,289,115,54,61,174,167,7
E33038172,376,138,68,70,238,217,21
E33038173,234,72,30,42,162,133,29
E33038174,204,90,33,57,114,94,20
E33038175,698,241,80,161,457,420,37
E33038176,350,180,70,110,170,155,15
E33038177,1082,152,41,111,930,801,129
E33038178,813,383,172,211,430,376,54
E33038179,1386,424,111,313,962,929,33
E33038180,264,63,18,45,201,169,32
E33038181,407,97,29,68,310,284,26
E33038182,507,194,79,115,313,286,27
E33038183,562,206,56,150,356,299,57
E33038184,660,311,127,184,349,278,71
E33038185,1264,191,55,136,1073,998,75
E33038186,995,147,52,95,848,709,139
E33038187,640,132,23,109,508,429,79
E33038188,574,112,46,66,462,369,93
E33038189,634,108,29,79,526,354,172
E33038190,357,72,20,52,285,221,64
E33038191,433,86,27,59,347,271,76
E33038192,922,263,84,179,659,555,104
E33038193,328,89,27,62,239,222,17
E33038194,540,105,31,74,435,399,36
E33038195,342,162,99,63,180,162,18
E33038196,379,81,17,64,298,240,58
E33038197,228,94,43,51,134,112,22
E33038198,494,306,165,141,188,164,24
E33038199,386,96,24,72,290,255,35
E33038200,736,265,127,138,471,395,76
E33038201,140,12,1,11,128,120,8
E33038202,961,136,41,95,825,650,175
E33038203,244,103,46,57,141,110,31
E33038204,467,219,103,116,248,227,21
E33038205,740,234,58,176,506,476,30
E33038206,202,98,43,55,104,78,26
E33038207,373,247,148,99,126,112,14
E33038208,2821,841,260,581,1980,1819,161
E33038209,2199,728,204,524,1471,1265,206
E33038210,430,137,43,94,293,228,65
E33038211,609,130,25,105,479,440,39
E33038212,238,96,57,39,142,109,33
E33038213,280,73,21,52,207,167,40
E33038214,436,163,61,102,273,209,64
E33038215,586,153,39,114,433,381,52
E33038216,299,74,29,45,225,201,24
E33038217,2464,542,132,410,1922,1694,228
E33038218,308,156,58,98,152,124,28
E33038219,2442,386,89,297,2056,1924,132
E33038220,237,41,19,22,196,169,27
E33038221,734,88,31,57,646,565,81
E33038222,573,45,23,22,528,471,57
E33038223,745,85,27,58,660,545,115
E33038224,329,29,10,19,300,245,55
E33038225,1341,110,32,78,1231,1092,139
E33038226,2327,270,59,211,2057,1796,261
E33038227,291,98,46,52,193,164,29
E33038228,1234,218,26,192,1016,910,106
E33038229,221,23,5,18,198,167,31
E33038230,524,97,20,77,427,377,50
E33038231,218,46,22,24,172,112,60
E33038232,247,28,12,16,219,150,69
E33038233,621,62,20,42,559,455,104
E33038234,248,49,15,34,199,147,52
E33038235,259,73,9,64,186,160,26
E33038236,641,166,46,120,475,410,65
E33038237,602,123,44,79,479,380,99
E33038238,423,186,84,102,237,202,35
E33038239,433,59,18,41,374,345,29
E33038240,558,74,23,51,484,384,100
E33038241,365,71,15,56,294,224,70
E33038242,1102,641,287,354,461,423,38
E33038243,810,122,66,56,688,592,96
E33038244,3502,1115,250,865,2387,2162,225
E33038245,534,103,40,63,431,363,68
E33038246,282,163,70,93,119,102,17
E33038247,505,219,85,134,286,247,39
E33038248,1398,292,72,220,1106,1009,97
E33038249,279,64,18,46,215,185,30
E33038250,206,52,18,34,154,138,16
E33038251,232,80,21,59,152,132,20
E33038252,203,97,25,72,106,89,17
E33038253,261,135,50,85,126,115,11
E33038254,227,90,26,64,137,110,27
E33038255,334,89,16,73,245,210,35
E33038256,355,188,79,109,167,154,13
E33038257,498,177,68,109,321,278,43
E33038258,257,81,22,59,176,149,27
E33038259,603,338,146,192,265,229,36
E33038260,454,32,12,20,422,337,85
E33038261,279,91,29,62,188,141,47
E33038262,234,116,44,72,118,103,15
E33038263,226,61,15,46,165,139,26
E33038264,280,91,21,70,189,177,12
E33038265,1537,450,163,287,1087,906,181
E33038266,557,125,28,97,432,389,43
E33038267,915,313,66,247,602,537,65
E33038268,634,184,57,127,450,403,47
E33038269,3333,971,183,788,2362,2178,184
E33038270,553,129,31,98,424,381,43
E33038271,616,154,49,105,462,386,76
E33038272,483,64,16,48,419,373,46
E33038273,818,178,33,145,640,591,49
E33038274,221,131,47,84,90,72,18
E33038275,204,87,39,48,117,91,26
E33038276,213,95,30,65,118,99,19
E33038277,224,97,27,70,127,107,20
E33038278,758,345,144,201,413,360,53
E33038279,293,96,24,72,197,158,39
E33038280,485,55,14,41,430,325,105
E33038281,1375,360,110,250,1015,926,89
E33038282,273,100,39,61,173,134,39
E33038283,522,96,49,47,426,356,70
E33038284,1079,638,310,328,441,407,34
E33038285,237,56,15,41,181,163,18
E33038286,453,231,101,130,222,208,14
E33038287,219,39,12,27,180,156,24
E33038288,379,186,72,114,193,175,18
E33038289,206,90,50,40,116,113,3
E33038290,305,163,95,68,142,131,11
E33038291,212,68,25,43,144,138,6
E33038292,309,99,40,59,210,168,42
E33038293,218,118,45,73,100,90,10
E33038294,621,268,112,156,353,303,50
E33038295,217,83,36,47,134,115,19
E33038296,248,102,33,69,146,106,40
E33038297,229,118,51,67,111,99,12
E33038298,342,167,68,99,175,128,47
E33038299,308,106,34,72,202,155,47
E33038300,397,140,58,82,257,236,21
E33038301,632,330,124,206,302,276,26
E33038302,799,181,62,119,618,472,146
E33038303,1103,173,60,113,930,776,154
E33038304,1108,343,102,241,765,685,80
E33038305,991,64,22,42,927,830,97
E33038306,663,277,83,194,386,333,53
E33038307,347,45,19,26,302,202,100
E33038308,667,84,25,59,583,436,147
E33038309,4287,2423,1247,1176,1864,1715,149
E33038310,936,523,95,428,413,387,26
E33038311,1090,622,304,318,468,445,23
E33038312,1218,529,237,292,689,640,49
E33038313,1253,667,336,331,586,561,25
E33038314,760,241,50,191,519,434,85
E33038315,913,122,29,93,791,680,111
E33038316,485,47,18,29,438,385,53
E33038317,862,102,18,84,760,649,111
E33038318,412,47,13,34,365,311,54
E33038319,1635,205,40,165,1430,1252,178
E33038320,2102,107,27,80,1995,1160,835
E33038321,514,85,31,54,429,383,46
E33038322,582,243,86,157,339,293,46
E33038323,293,74,18,56,219,180,39
E33038324,271,114,43,71,157,126,31
E33038325,498,274,122,152,224,193,31
E33038326,258,94,27,67,164,150,14
E33038327,988,462,153,309,526,458,68
E33038328,215,68,19,49,147,133,14
E33038329,1283,476,193,283,807,739,68
E33038330,240,119,57,62,121,98,23
E33038331,410,134,40,94,276,225,51
E33038332,258,66,17,49,192,156,36
E33038333,313,41,13,28,272,205,67
E33038334,338,39,14,25,299,198,101
E33038335,811,268,79,189,543,462,81
E33038336,690,93,31,62,597,448,149
E33038337,259,125,35,90,134,105,29
E33038338,1355,195,40,155,1160,976,184
E33038339,215,110,33,77,105,93,12
E33038340,252,111,37,74,141,118,23
E33038341,266,93,31,62,173,142,31
E33038342,400,146,33,113,254,222,32
E33038343,332,90,29,61,242,149,93
E33038344,813,95,30,65,718,643,75
E33038345,631,364,128,236,267,228,39
E33038346,260,126,39,87,134,115,19
E33038347,207,113,33,80,94,69,25
E33038348,209,88,36,52,121,98,23
E33038349,433,232,64,168,201,160,41
E33038350,777,130,37,93,647,561,86
E33038351,2888,274,56,218,2614,2291,323
E33038352,269,104,45,59,165,138,27
E33038353,484,243,97,146,241,209,32
E33038354,436,61,11,50,375,345,30
E33038355,220,117,40,77,103,81,22
E33038356,326,134,44,90,192,158,34
E33038357,244,101,30,71,143,120,23
E33038358,359,78,21,57,281,228,53
E33038359,234,76,32,44,158,119,39
E33038360,218,63,23,40,155,111,44
E33038361,551,73,17,56,478,310,168
E33038362,306,24,6,18,282,233,49
E33038363,580,118,38,80,462,367,95
E33038364,1005,471,132,339,534,445,89
E33038365,1001,593,260,333,408,363,45
E33038366,301,120,45,75,181,155,26
E33038367,473,117,37,80,356,342,14
E33038368,259,76,23,53,183,160,23
E33038369,318,198,86,112,120,108,12
E33038370,858,292,72,220,566,510,56
E33038371,221,77,21,56,144,126,18
E33038372,329,140,43,97,189,147,42
E33038373,340,48,8,40,292,238,54
E33038374,582,89,20,69,493,306,187
E33038375,454,74,24,50,380,324,56
E33038376,274,126,52,74,148,111,37
E33038377,437,81,29,52,356,302,54
E33038378,513,75,19,56,438,394,44
E33038379,808,77,19,58,731,620,111
E33038380,222,49,23,26,173,137,36
E33038381,1013,96,19,77,917,708,209
E33038382,205,109,29,80,96,73,23
E33038383,611,184,67,117,427,361,66
E33038384,728,322,133,189,406,365,41
E33038385,281,55,16,39,226,186,40
E33038386,377,81,28,53,296,184,112
E33038387,271,109,38,71,162,146,16
E33038388,290,139,56,83,151,127,24
E33038389,664,124,40,84,540,476,64
E33038390,657,61,18,43,596,514,82
E33038391,330,82,31,51,248,174,74
E33038392,380,110,35,75,270,210,60
E33038393,500,185,61,124,315,264,51
E33038394,1155,656,265,391,499,437,62
E33038395,234,78,19,59,156,133,23
E33038396,686,183,57,126,503,455,48
E33038397,360,205,81,124,155,132,23
E33038398,224,80,20,60,144,123,21
E33038399,296,60,20,40,236,170,66
E33038400,205,48,21,27,157,130,27
E33038401,429,97,20,77,332,288,44
E33038402,903,173,54,119,730,644,86
E33038403,568,121,34,87,447,394,53
E33038404,305,91,30,61,214,166,48
E33038405,481,175,43,132,306,273,33
E33038406,782,100,39,61,682,530,152
E33038407,291,55,26,29,236,146,90
E33038408,253,76,38,38,177,137,40
E33038409,1582,272,62,210,1310,1163,147
E33038410,392,71,27,44,321,274,47
E33038411,651,189,79,110,462,368,94
E33038412,404,124,56,68,280,205,75
E33038413,292,70,27,43,222,168,54
E33038414,247,75,31,44,172,125,47
E33038415,539,98,34,64,441,378,63
E33038416,246,95,31,64,151,114,37
E33038417,839,301,119,182,538,451,87
E33038418,363,68,16,52,295,247,48
E33038419,209,42,15,27,167,125,42
E33038420,533,111,40,71,422,384,38
E33038421,515,138,43,95,377,343,34
E33038422,272,97,55,42,175,148,27
E33038423,370,175,86,89,195,167,28
E33038424,330,139,43,96,191,160,31
E33038425,293,65,14,51,228,187,41
E33038426,399,134,50,84,265,205,60
E33038427,306,82,22,60,224,183,41
E33038428,270,19,4,15,251,178,73
E33038429,415,57,22,35,358,259,99
E33038430,209,73,21,52,136,104,32
E33038431,386,82,19,63,304,274,30
E33038432,703,315,97,218,388,324,64
E33038433,296,102,23,79,194,177,17
E33038434,726,210,36,174,516,486,30
E33038435,654,108,27,81,546,507,39
E33038436,1103,247,59,188,856,754,102
E33038437,218,63,29,34,155,125,30
E33038438,575,156,31,125,419,319,100
E33038439,884,77,29,48,807,452,355
E33038440,689,87,21,66,602,532,70
E33038441,1353,268,52,216,1085,952,133
E33038442,279,165,51,114,114,97,17
E33038443,227,82,34,48,145,125,20
E33038444,241,94,31,63,147,122,25
E33038445,201,88,31,57,113,89,24
E33038446,1363,95,33,62,1268,1162,106
E33038447,1448,186,44,142,1262,1170,92
E33038448,230,106,35,71,124,106,18
E33038449,233,120,27,93,113,100,13
E33038450,433,224,98,126,209,170,39
E33038451,628,235,74,161,393,324,69
E33038452,421,96,35,61,325,257,68
E33038453,260,53,18,35,207,171,36
E33038454,747,275,126,149,472,405,67
E33038455,884,150,53,97,734,528,206
E33038456,396,125,49,76,271,228,43
E33038457,219,21,6,15,198,147,51
E33038458,448,120,32,88,328,286,42
E33038459,202,36,12,24,166,129,37
E33038460,1702,173,46,127,1529,1196,333
E33038461,244,54,20,34,190,137,53
E33038462,469,41,11,30,428,324,104
E33038463,215,120,57,63,95,72,23
E33038464,199,65,18,47,134,106,28
E33038465,551,134,30,104,417,375,42
E33038466,318,95,30,65,223,175,48
E33038467,328,111,44,67,217,189,28
E33038468,462,171,52,119,291,269,22
E33038469,427,271,128,143,156,124,32
E33038470,816,461,166,295,355,321,34
E33038471,1258,244,59,185,1014,777,237
E33038472,252,31,7,24,221,178,43
E33038473,437,54,19,35,383,313,70
E33038474,621,71,17,54,550,453,97
E33038475,1135,291,56,235,844,783,61
E33038476,230,62,26,36,168,142,26
E33038477,244,49,11,38,195,167,28
E33038478,588,127,37,90,461,436,25
E33038479,416,168,37,131,248,213,35
E33038480,216,76,24,52,140,115,25
E33038481,270,114,24,90,156,116,40
E33038482,275,131,41,90,144,114,30
E33038483,314,176,67,109,138,126,12
E33038484,306,115,34,81,191,157,34
E33038485,778,206,41,165,572,544,28
E33038486,360,169,65,104,191,168,23
E33038487,390,132,32,100,258,223,35
E33038488,591,248,83,165,343,288,55
E33038489,820,246,82,164,574,501,73
E33038490,338,66,6,60,272,243,29
E33038491,1643,946,429,517,697,637,60
E33038492,424,66,14,52,358,311,47
E33038493,294,27,10,17,267,187,80
E33038494,524,77,32,45,447,397,50
E33038495,275,108,29,79,167,150,17
E33038496,391,125,26,99,266,219,47
E33038497,942,544,182,362,398,376,22
E33038498,502,301,121,180,201,184,17
E33038499,761,140,52,88,621,530,91
E33038500,2254,687,115,572,1567,1412,155
E33038501,746,69,24,45,677,587,90
E33038502,382,61,18,43,321,276,45
E33038503,739,214,48,166,525,495,30
E33038504,1014,69,18,51,945,781,164
E33038505,210,59,15,44,151,127,24
E33038506,372,102,19,83,270,243,27
E33038507,479,47,19,28,432,271,161
E33038508,213,37,9,28,176,144,32
E33038509,980,170,33,137,810,686,124
E33038510,631,103,24,79,528,425,103
E33038511,471,175,70,105,296,237,59
E33038512,257,88,41,47,169,149,20
E33038513,222,108,38,70,114,98,16
E33038514,409,115,40,75,294,243,51
E33038515,1060,99,27,72,961,774,187
E33038516,352,114,41,73,238,174,64
E33038517,293,103,54,49,190,137,53
E33038518,709,301,92,209,408,349,59
E33038519,1056,161,45,116,895,815,80
E33038520,522,159,40,119,363,322,41
E33038521,1055,129,32,97,926,698,228
E33038522,278,111,61,50,167,114,53
E33038523,231,64,13,51,167,139,28
E33038524,411,220,72,148,191,171,20
E33038525,523,170,59,111,353,293,60
E33038526,715,155,55,100,560,390,170
E33038527,417,62,20,42,355,293,62
E33038528,702,127,25,102,575,525,50
E33038529,788,90,26,64,698,492,206
E33038530,403,157,68,89,246,191,55
E33038531,290,96,37,59,194,154,40
E33038532,580,157,61,96,423,309,114
E33038533,782,308,90,218,474,364,110
E33038534,405,114,44,70,291,198,93
E33038535,382,106,30,76,276,227,49
E33038536,227,54,18,36,173,145,28
E33038537,334,66,20,46,268,240,28
E33038538,475,99,24,75,376,314,62
E33038539,230,48,6,42,182,162,20
E33038540,324,79,17,62,245,222,23
E33038541,414,98,16,82,316,260,56
E33038542,283,101,34,67,182,135,47
E33038543,228,59,23,36,169,109,60
E33038544,365,116,56,60,249,199,50
E33038545,972,127,33,94,845,678,167
E33038546,303,107,39,68,196,143,53
E33038547,486,98,30,68,388,338,50
E33038548,212,54,18,36,158,117,41
E33038549,210,50,16,34,160,126,34
E33038550,214,65,27,38,149,108,41
E33038551,1146,323,106,217,823,753,70
E33038552,479,117,42,75,362,298,64
E33038553,1452,758,323,435,694,638,56
E33038554,1469,318,95,223,1151,1078,73
E33038555,251,141,60,81,110,98,12
E33038556,678,174,51,123,504,454,50
E33038557,261,56,9,47,205,181,24
E33038558,372,146,69,77,226,206,20
E33038559,230,97,42,55,133,121,12
E33038560,251,101,40,61,150,122,28
E33038561,964,316,70,246,648,556,92
E33038562,206,62,23,39,144,101,43
E33038563,271,52,13,39,219,170,49
E33038564,232,65,18,47,167,115,52
E33038565,607,290,103,187,317,268,49
E33038566,627,129,19,110,498,459,39
E33038567,423,117,27,90,306,268,38
E33038568,532,134,27,107,398,359,39
E33038569,576,149,34,115,427,357,70
E33038570,207,24,6,18,183,157,26
E33038571,445,155,72,83,290,229,61
E33038572,657,72,22,50,585,437,148
E33038573,238,24,7,17,214,166,48
E33038574,441,30,6,24,411,271,140
E33038575,1052,119,43,76,933,805,128
E33038576,870,102,21,81,768,653,115
E33038577,353,37,6,31,316,262,54
E33038578,523,93,25,68,430,388,42
E33038579,329,183,77,106,146,137,9
E33038580,224,112,39,73,112,101,11
E33038581,958,541,273,268,417,396,21
E33038582,367,164,62,102,203,173,30
E33038583,640,159,58,101,481,413,68
E33038584,216,128,71,57,88,80,8
E33038585,280,105,42,63,175,151,24
E33038586,333,110,29,81,223,194,29
E33038587,271,153,55,98,118,105,13
E33038588,266,71,27,44,195,161,34
E33038589,231,87,34,53,144,118,26
E33038590,220,84,19,65,136,112,24
E33038591,209,87,29,58,122,94,28
E33038592,210,65,24,41,145,134,11
E33038593,994,396,167,229,598,537,61
E33038594,557,40,14,26,517,458,59
E33038595,268,48,15,33,220,194,26
E33038596,400,31,12,19,369,337,32
E33038597,438,113,20,93,325,254,71
E33038598,318,47,16,31,271,240,31
E33038599,635,91,26,65,544,407,137
E33038600,209,23,7,16,186,161,25
E33038601,278,75,37,38,203,173,30
E33038602,1260,135,44,91,1125,939,186
E33038603,846,143,29,114,703,557,146
E33038604,445,40,14,26,405,282,123
E33038605,368,153,41,112,215,184,31
E33038606,316,134,46,88,182,151,31
E33038607,297,114,35,79,183,163,20
E33038608,315,156,62,94,159,144,15
E33038609,264,96,24,72,168,139,29
E33038610,281,51,8,43,230,178,52
E33038611,2099,887,470,417,1212,1078,134
E33038612,535,131,26,105,404,375,29
E33038613,319,127,42,85,192,145,47
E33038614,286,20,7,13,266,226,40
E33038615,550,92,18,74,458,332,126
E33038616,508,101,28,73,407,337,70
E33038617,318,42,12,30,276,198,78
E33038618,812,89,24,65,723,618,105
E33038619,471,61,5,56,410,361,49
E33038620,556,72,22,50,484,405,79
E33038621,277,29,16,13,248,208,40
E33038622,321,127,30,97,194,157,37
E33038623,274,78,30,48,196,140,56
E33038624,622,52,20,32,570,479,91
E33038625,630,304,112,192,326,265,61
E33038626,411,129,53,76,282,213,69
E33038627,198,68,33,35,130,90,40
E33038628,425,141,55,86,284,244,40
E33038629,427,108,59,49,319,245,74
E33038630,206,67,31,36,139,111,28
E33038631,363,93,26,67,270,226,44
E33038632,259,86,42,44,173,143,30
E33038633,781,174,65,109,607,489,118
E33038634,349,157,74,83,192,180,12
E33038635,204,84,43,41,120,98,22
E33038636,521,246,100,146,275,250,25
E33038637,666,250,146,104,416,329,87
E33038638,204,56,18,38,148,125,23
E33038639,681,322,141,181,359,317,42
E33038640,483,141,48,93,342,325,17
E33038641,207,68,25,43,139,115,24
E33038642,350,101,41,60,249,199,50
E33038643,302,128,62,66,174,153,21
E33038644,407,220,108,112,187,179,8
E33038645,460,126,43,83,334,311,23
E33038646,739,280,92,188,459,417,42
E33038647,217,81,38,43,136,112,24
E33038648,346,98,26,72,248,206,42
E33038649,351,126,70,56,225,172,53
E33038650,614,335,107,228,279,251,28
E33038651,227,58,23,35,169,141,28
E33038652,278,118,81,37,160,141,19
E33038653,244,88,40,48,156,140,16
E33038654,327,120,28,92,207,149,58
E33038655,285,69,23,46,216,176,40
E33038656,771,162,55,107,609,549,60
E33038657,881,229,51,178,652,598,54
E33038658,1551,233,47,186,1318,1070,248
E33038659,348,81,20,61,267,234,33
E33038660,1859,256,44,212,1603,1456,147
E33038661,726,153,31,122,573,514,59
E33038662,365,55,3,52,310,267,43
E33038663,781,214,38,176,567,524,43
E33038664,1306,384,85,299,922,807,115
E33038665,7090,1596,332,1264,5494,4570,924
E33038666,898,242,52,190,656,556,100
E33038667,663,219,109,110,444,344,100
E33038668,964,189,41,148,775,650,125
E33038669,391,124,35,89,267,238,29
E33038670,326,99,52,47,227,165,62
E33038671,1018,148,43,105,870,776,94
E33038672,1779,260,57,203,1519,1415,104
E33038673,399,47,19,28,352,315,37
E33038674,406,73,17,56,333,298,35
E33038675,748,116,34,82,632,558,74
E33038676,734,141,45,96,593,553,40
E33038677,664,66,17,49,598,500,98
E33038678,1329,163,59,104,1166,958,208
E33038679,293,61,21,40,232,192,40
E33038680,604,60,23,37,544,417,127
E33038681,424,75,27,48,349,306,43
E33038682,205,31,6,25,174,150,24
E33038683,692,93,23,70,599,513,86
E33038684,3603,141,55,86,3462,3186,276
E33038685,314,84,25,59,230,194,36
E33038686,2179,314,82,232,1865,1629,236
E33038687,1082,149,21,128,933,802,131
E33038688,254,83,36,47,171,137,34
E33038689,331,66,30,36,265,222,43
E33038690,678,75,32,43,603,432,171
E33038691,654,68,19,49,586,481,105
E33038692,441,133,36,97,308,270,38
E33038693,427,121,37,84,306,218,88
E33038694,360,166,40,126,194,168,26
E33038695,480,175,79,96,305,202,103
E33038696,373,150,39,111,223,190,33
E33038697,230,52,22,30,178,150,28
E33038698,532,126,42,84,406,315,91
E33038699,312,91,33,58,221,180,41
E33038700,313,76,24,52,237,170,67
E33038701,267,66,31,35,201,163,38
E33038702,818,127,44,83,691,571,120
E33038703,983,175,44,131,808,723,85
E33038704,261,69,25,44,192,172,20
E33038705,735,429,190,239,306,280,26
E33038706,313,83,21,62,230,202,28
E33038707,219,68,24,44,151,120,31
E33038708,201,45,18,27,156,123,33
E33038709,453,173,50,123,280,210,70
E33038710,314,55,8,47,259,202,57
E33038711,249,61,13,48,188,146,42
E33038712,207,25,7,18,182,127,55
E33038713,731,82,18,64,649,554,95
E33038714,328,136,64,72,192,161,31
E33038715,465,128,49,79,337,269,68
E33038716,293,96,32,64,197,147,50
E33038717,598,311,150,161,287,253,34
E33038718,254,73,23,50,181,137,44
E33038719,388,112,47,65,276,235,41
E33038720,343,50,18,32,293,239,54
E33038721,769,116,24,92,653,531,122
E33038722,379,107,37,70,272,248,24
E33038723,527,134,58,76,393,320,73
E33038724,1673,209,75,134,1464,1304,160
E33038725,408,120,43,77,288,222,66
E33038726,428,129,53,76,299,213,86
E33038727,910,290,79,211,620,538,82
E33038728,670,189,103,86,481,401,80
E33038729,204,87,29,58,117,100,17
E33038730,228,123,57,66,105,92,13
E33038731,297,93,30,63,204,175,29
E33038732,260,106,35,71,154,122,32
E33038733,327,139,64,75,188,134,54
E33038734,405,28,8,20,377,318,59
E33038735,206,26,7,19,180,120,60
E33038736,212,51,19,32,161,122,39
E33038737,523,63,21,42,460,384,76
E33038738,332,66,20,46,266,213,53
E33038739,210,68,25,43,142,113,29
E33038740,269,91,28,63,178,151,27
E33038741,245,113,35,78,132,110,22
E33038742,319,184,110,74,135,121,14
E33038743,653,62,18,44,591,497,94
E33038744,255,35,11,24,220,192,28
E33038745,224,80,22,58,144,127,17
E33038746,432,210,81,129,222,195,27
E33038747,248,80,33,47,168,126,42
E33038748,199,80,33,47,119,100,19
E33038749,1160,155,70,85,1005,870,135
E33038750,240,85,20,65,155,133,22
E33038751,1206,133,35,98,1073,951,122
E33038752,454,79,23,56,375,321,54
E33038753,761,234,40,194,527,492,35
E33038754,211,31,6,25,180,155,25
E33038755,216,22,2,20,194,171,23
E33038756,232,127,87,40,105,89,16
E33038757,392,20,8,12,372,321,51
E33038758,1039,324,67,257,715,613,102
E33038759,231,44,11,33,187,141,46
E33038760,403,124,43,81,279,232,47
E33038761,377,86,21,65,291,242,49
E33038762,648,73,19,54,575,488,87
E33038763,509,122,58,64,387,290,97
E33038764,635,45,15,30,590,299,291
E33038765,470,76,17,59,394,351,43
E33038766,502,59,10,49,443,380,63
E33038767,407,23,6,17,384,355,29
E33038768,1687,160,37,123,1527,1349,178
E33038769,233,30,11,19,203,162,41
E33038770,2146,223,60,163,1923,1673,250
E33038771,458,61,18,43,397,358,39
E33038772,250,106,35,71,144,127,17
E33038773,205,104,32,72,101,75,26
E33038774,243,43,21,22,200,168,32
E33038775,481,79,20,59,402,351,51
E33038776,516,91,29,62,425,356,69
E33038777,1669,213,71,142,1456,1159,297
E33038778,672,111,49,62,561,387,174
E33038779,638,135,45,90,503,403,100
E33038780,658,50,19,31,608,509,99
E33038781,328,68,23,45,260,197,63
E33038782,277,110,26,84,167,129,38
E33038783,231,106,38,68,125,85,40
E33038784,210,88,33,55,122,78,44
E33038785,622,76,31,45,546,452,94
E33038786,594,66,31,35,528,399,129
E33038787,326,78,18,60,248,199,49
E33038788,963,89,27,62,874,787,87
E33038789,208,10,2,8,198,178,20
E33038790,214,43,20,23,171,120,51
E33038791,351,32,9,23,319,245,74
E33038792,287,52,7,45,235,198,37
E33038793,110,20,11,9,90,76,14
E33038794,237,48,13,35,189,147,42
E33038795,653,34,6,28,619,355,264
E33038796,374,104,41,63,270,209,61
E33038797,861,119,36,83,742,632,110
E33038798,243,89,31,58,154,121,33
E33038799,413,202,83,119,211,191,20
E33038800,268,95,30,65,173,153,20
E33038801,630,213,62,151,417,358,59
E33038802,227,30,15,15,197,173,24
E33038803,227,76,23,53,151,134,17
E33038804,202,45,7,38,157,125,32
E33038805,281,37,10,27,244,217,27
E33038806,271,33,6,27,238,199,39
E33038807,272,32,13,19,240,209,31
E33038808,388,51,16,35,337,292,45
E33038809,197,22,7,15,175,154,21
E33038810,327,37,17,20,290,234,56
E33038811,233,47,15,32,186,131,55
E33038812,873,63,14,49,810,712,98
E33038813,318,168,78,90,150,132,18
E33038814,494,56,19,37,438,340,98
E33038815,296,114,45,69,182,137,45
E33038816,453,166,82,84,287,214,73
E33038817,311,48,10,38,263,183,80
E33038818,799,141,59,82,658,483,175
E33038819,277,39,18,21,238,157,81
E33038820,379,133,53,80,246,193,53
E33038821,570,162,48,114,408,387,21
E33038822,415,121,46,75,294,231,63
E33038823,329,108,55,53,221,192,29
E33038824,299,64,24,40,235,142,93
E33038825,218,54,24,30,164,130,34
E33038826,804,96,32,64,708,622,86
E33038827,233,29,14,15,204,153,51
E33038828,237,39,4,35,198,159,39
E33038829,452,60,17,43,392,313,79
E33038830,903,98,28,70,805,608,197
E33038831,2145,148,32,116,1997,1442,555
E33038832,271,25,6,19,246,218,28
E33038833,212,27,10,17,185,160,25
E33038834,1128,80,27,53,1048,804,244
E33038835,793,433,138,295,360,335,25
E33038836,1063,111,39,72,952,766,186
E33038837,883,138,41,97,745,594,151
E33038838,369,101,33,68,268,221,47
E33038839,218,98,48,50,120,96,24
E33038840,393,78,29,49,315,272,43
E33038841,627,251,142,109,376,289,87
E33038842,292,127,41,86,165,112,53
E33038843,456,157,58,99,299,227,72
E33038844,620,148,35,113,472,373,99
E33038845,342,113,37,76,229,198,31
E33038846,254,89,30,59,165,136,29
E33038847,342,72,27,45,270,220,50
E33038848,438,53,18,35,385,272,113
E33038849,338,124,23,101,214,191,23
E33038850,284,93,41,52,191,145,46
E33038851,719,275,120,155,444,340,104
E33038852,907,531,239,292,376,332,44
E33038853,363,79,19,60,284,261,23
E33038854,499,91,19,72,408,360,48
E33038855,264,93,45,48,171,154,17
E33038856,689,126,41,85,563,501,62
E33038857,230,16,5,11,214,190,24
E33038858,1815,260,84,176,1555,1333,222
E33038859,475,154,83,71,321,264,57
E33038860,733,249,99,150,484,396,88
E33038861,284,30,14,16,254,208,46
E33038862,493,151,40,111,342,278,64
E33038863,387,82,21,61,305,288,17
E33038864,280,42,10,32,238,201,37
E33038865,306,49,14,35,257,194,63
E33038866,296,37,9,28,259,203,56
E33038867,319,72,19,53,247,208,39
E33038868,575,74,23,51,501,412,89
E33038869,1265,103,31,72,1162,958,204
E33038870,372,57,10,47,315,281,34
E33038871,337,118,53,65,219,188,31
E33038872,340,43,12,31,297,263,34
E33038873,433,261,167,94,172,147,25
E33038874,228,27,8,19,201,160,41
E33038875,502,213,74,139,289,238,51
E33038876,335,98,17,81,237,209,28
E33038877,546,77,17,60,469,375,94
E33038878,290,67,24,43,223,144,79
E33038879,1238,330,113,217,908,799,109
E33038880,536,280,136,144,256,209,47
E33038881,410,162,61,101,248,219,29
E33038882,618,251,148,103,367,323,44
E33038883,219,123,66,57,96,87,9
E33038884,944,482,298,184,462,442,20
E33038885,244,100,55,45,144,121,23
E33038886,432,136,59,77,296,240,56
E33038887,712,353,133,220,359,338,21
E33038888,381,90,48,42,291,264,27
E33038889,452,88,38,50,364,256,108
E33038890,460,264,159,105,196,185,11
E33038891,203,58,28,30,145,111,34
E33038892,503,159,69,90,344,266,78
E33038893,204,70,27,43,134,107,27
E33038894,380,115,39,76,265,186,79
E33038895,524,115,35,80,409,371,38
E33038896,724,127,41,86,597,448,149
E33038897,224,90,42,48,134,109,25
E33038898,218,53,16,37,165,97,68
E33038899,823,119,35,84,704,554,150
E33038900,1909,284,78,206,1625,1433,192
E33038901,265,66,19,47,199,174,25
E33038902,293,77,31,46,216,175,41
E33038903,618,114,38,76,504,403,101
E33038904,227,49,17,32,178,144,34
E33038905,408,37,13,24,371,277,94
E33038906,502,44,15,29,458,382,76
E33038907,921,97,35,62,824,588,236
E33038908,335,6,1,5,329,298,31
E33038909,466,68,25,43,398,353,45
E33038910,408,204,88,116,204,156,48
E33038911,201,89,30,59,112,98,14
E33038912,882,373,161,212,509,458,51
E33038913,241,47,21,26,194,166,28
E33038914,289,139,62,77,150,134,16
E33038915,257,85,33,52,172,138,34
E33038916,792,115,27,88,677,607,70
E33038917,364,49,15,34,315,282,33
E33038918,391,72,31,41,319,275,44
E33038919,229,32,13,19,197,160,37
E33038920,289,46,9,37,243,206,37
E33038921,586,88,22,66,498,441,57
E33038922,344,142,56,86,202,175,27
E33038923,208,64,18,46,144,114,30
E33038924,242,87,37,50,155,120,35
E33038925,1007,347,141,206,660,613,47
E33038926,1883,119,21,98,1764,1382,382
E33038927,545,103,22,81,442,333,109
E33038928,327,97,13,84,230,154,76
E33038929,1196,403,112,291,793,699,94
E33038930,265,34,10,24,231,199,32
E33038931,579,179,47,132,400,318,82
E33038932,406,152,61,91,254,214,40
E33038933,282,64,20,44,218,203,15
E33038934,227,79,39,40,148,114,34
E33038935,472,92,15,77,380,309,71
E33038936,445,109,36,73,336,270,66
E33038937,203,70,25,45,133,112,21
E33038938,203,51,16,35,152,123,29
E33038939,969,141,26,115,828,737,91
E33038940,961,336,107,229,625,540,85
E33038941,225,107,50,57,118,91,27
E33038942,451,175,66,109,276,237,39
E33038943,336,131,37,94,205,168,37
E33038944,3512,1106,258,848,2406,2142,264
E33038945,656,170,59,111,486,410,76
E33038946,493,252,117,135,241,218,23
E33038947,378,82,18,64,296,252,44
E33038948,290,67,22,45,223,204,19
E33038949,251,70,10,60,181,158,23
E33038950,453,45,14,31,408,369,39
E33038951,687,199,63,136,488,366,122
E33038952,1054,109,32,77,945,821,124
E33038953,231,72,28,44,159,128,31
E33038954,591,62,14,48,529,477,52
E33038955,246,45,17,28,201,148,53
E33038956,532,103,26,77,429,399,30
E33038957,271,53,14,39,218,171,47
E33038958,246,35,8,27,211,174,37
E33038959,1379,242,79,163,1137,1036,101
E33038960,221,72,25,47,149,114,35
E33038961,486,93,25,68,393,321,72
E33038962,533,52,10,42,481,434,47
E33038963,734,108,22,86,626,538,88
E33038964,423,115,35,80,308,262,46
E33038965,208,73,32,41,135,118,17
E33038966,597,91,20,71,506,354,152
E33038967,468,58,13,45,410,384,26
E33038968,569,118,29,89,451,409,42
E33038969,284,162,77,85,122,99,23
E33038970,210,66,25,41,144,135,9
E33038971,218,102,46,56,116,102,14
E33038972,417,117,45,72,300,251,49
E33038973,343,151,60,91,192,154,38
E33038974,368,152,73,79,216,177,39
E33038975,566,122,20,102,444,404,40
E33038976,239,82,46,36,157,116,41
E33038977,315,123,51,72,192,161,31
E33038978,356,60,27,33,296,252,44
E33038979,329,115,52,63,214,162,52
E33038980,314,28,7,21,286,232,54
E33038981,1525,209,53,156,1316,1052,264
E33038982,673,191,47,144,482,428,54
E33038983,621,76,25,51,545,435,110
E33038984,920,116,36,80,804,685,119
E33038985,1445,105,20,85,1340,1033,307
E33038986,209,53,20,33,156,131,25
E33038987,397,39,8,31,358,311,47
E33038988,539,181,51,130,358,332,26
E33038989,269,92,33,59,177,140,37
E33038990,437,209,78,131,228,202,26
E33038991,892,145,27,118,747,566,181
E33038992,697,76,20,56,621,515,106
E33038993,239,52,13,39,187,150,37
E33038994,201,27,6,21,174,146,28
E33038995,444,68,27,41,376,296,80
E33038996,519,70,14,56,449,346,103
E33038997,880,286,120,166,594,511,83
E33038998,505,68,10,58,437,385,52
E33038999,217,29,16,13,188,164,24
E33039000,1504,112,40,72,1392,1068,324
E33039001,643,27,5,22,616,521,95
E33039002,1915,74,21,53,1841,1396,445
E33039003,895,136,51,85,759,626,133
E33039004,325,113,49,64,212,178,34
E33039005,390,104,34,70,286,226,60
E33039006,365,54,10,44,311,269,42
E33039007,420,119,54,65,301,249,52
E33039008,326,80,29,51,246,156,90
E33039009,797,259,74,185,538,471,67
E33039010,380,90,35,55,290,227,63
E33039011,1174,101,44,57,1073,727,346
E33039012,557,234,85,149,323,285,38
E33039013,3085,903,205,698,2182,1935,247
E33039014,1143,200,35,165,943,912,31
E33039015,643,74,16,58,569,394,175
E33039016,485,70,22,48,415,303,112
E33039017,839,144,53,91,695,380,315
E33039018,3353,152,33,119,3201,2432,769
E33039019,250,89,31,58,161,128,33
E33039020,221,82,21,61,139,122,17
E33039021,292,68,21,47,224,185,39
E33039022,222,77,22,55,145,100,45
E33039023,471,69,26,43,402,330,72
E33039024,603,391,195,196,212,199,13
E33039025,250,66,19,47,184,129,55
E33039026,365,168,90,78,197,193,4
E33039027,339,51,7,44,288,240,48
E33039028,692,325,171,154,367,324,43
E33039029,294,44,9,35,250,216,34
E33039030,295,146,69,77,149,140,9
E33039031,216,80,46,34,136,115,21
E33039032,345,134,60,74,211,179,32
E33039033,227,72,35,37,155,117,38
E33039034,358,30,9,21,328,241,87
E33039035,879,64,24,40,815,679,136
E33039036,520,86,24,62,434,355,79
E33039037,103,8,4,4,95,75,20
E33039038,363,56,14,42,307,283,24
E33039039,573,63,22,41,510,398,112
E33039040,290,106,24,82,184,123,61
E33039041,411,31,6,25,380,286,94
E33039042,215,27,7,20,188,135,53
E33039043,605,54,11,43,551,469,82
E33039044,407,125,50,75,282,211,71
E33039045,287,76,26,50,211,178,33
E33039046,328,123,49,74,205,155,50
E33039047,300,84,23,61,216,155,61
E33039048,1039,91,14,77,948,723,225
E33039049,187,20,4,16,167,148,19
E33039050,311,44,10,34,267,229,38
E33039051,1369,140,31,109,1229,1028,201
E33039052,4734,1758,481,1277,2976,2565,411
E33039053,747,142,64,78,605,461,144
E33039054,411,144,54,90,267,205,62
E33039055,653,134,75,59,519,427,92
E33039056,370,39,16,23,331,278,53
E33039057,296,35,6,29,261,216,45
E33039058,368,39,13,26,329,267,62
E33039059,562,63,11,52,499,417,82
E33039060,799,85,26,59,714,565,149
E33039061,711,144,53,91,567,466,101
E33039062,259,75,36,39,184,140,44
E33039063,315,111,67,44,204,143,61
E33039064,508,71,24,47,437,342,95
E33039065,1453,364,127,237,1089,992,97
E33039066,394,95,31,64,299,247,52
E33039067,269,118,63,55,151,123,28
E33039068,419,60,13,47,359,270,89
E33039069,624,306,165,141,318,266,52
E33039070,326,74,22,52,252,190,62
E33039071,325,78,15,63,247,208,39
E33039072,367,99,44,55,268,226,42
E33039073,441,183,71,112,258,213,45
E33039074,245,85,30,55,160,144,16
E33039075,286,79,26,53,207,158,49
E33039076,207,87,35,52,120,99,21
E33039077,214,76,33,43,138,92,46
E33039078,272,115,39,76,157,139,18
E33039079,415,112,43,69,303,216,87
E33039080,419,94,24,70,325,264,61
E33039081,662,294,105,189,368,321,47
E33039082,479,222,129,93,257,215,42
E33039083,201,90,32,58,111,101,10
E33039084,262,83,37,46,179,148,31
E33039085,501,100,20,80,401,332,69
E33039086,366,172,78,94,194,162,32
E33039087,133,21,5,16,112,96,16
E33039088,211,71,28,43,140,107,33
E33039089,433,155,65,90,278,226,52
E33039090,399,194,106,88,205,173,32
E33039091,245,86,38,48,159,128,31
E33039092,741,351,108,243,390,348,42
E33039093,428,98,29,69,330,276,54
E33039094,338,92,35,57,246,210,36
E33039095,317,108,54,54,209,181,28
E33039096,245,105,34,71,140,98,42
E33039097,716,258,97,161,458,410,48
E33039098,525,43,14,29,482,397,85
E33039099,335,92,25,67,243,171,72
E33039100,636,145,45,100,491,399,92
E33039101,359,90,26,64,269,243,26
E33039102,308,38,13,25,270,206,64
E33039103,333,55,22,33,278,214,64
E33039104,257,121,56,65,136,121,15
E33039105,268,60,23,37,208,189,19
E33039106,451,226,135,91,225,191,34
E33039107,234,111,53,58,123,96,27
E33039108,231,95,44,51,136,112,24
E33039109,150,50,18,32,100,88,12
E33039110,222,81,34,47,141,99,42
E33039111,272,73,26,47,199,157,42
E33039112,455,139,49,90,316,257,59
E33039113,327,144,60,84,183,150,33
E33039114,385,183,74,109,202,161,41
E33039115,317,99,39,60,218,172,46
E33039116,239,34,17,17,205,151,54
E33039117,404,33,8,25,371,247,124
E33039118,343,117,51,66,226,196,30
E33039119,776,108,36,72,668,570,98
E33039120,216,52,11,41,164,116,48
E33039121,451,171,62,109,280,254,26
E33039122,325,135,50,85,190,150,40
E33039123,534,76,33,43,458,373,85
E33039124,1016,587,319,268,429,388,41
E33039125,624,123,28,95,501,464,37
E33039126,1159,132,36,96,1027,930,97
E33039127,411,69,8,61,342,307,35
E33039128,210,77,33,44,133,111,22
E33039129,195,46,16,30,149,113,36
E33039130,400,90,31,59,310,270,40
E33039131,333,39,12,27,294,240,54
E33039132,568,162,67,95,406,369,37
E33039133,394,171,84,87,223,193,30
E33039134,532,128,46,82,404,299,105
E33039135,731,131,27,104,600,510,90
E33039136,285,56,8,48,229,178,51
E33039137,430,54,11,43,376,327,49
E33039138,1376,71,16,55,1305,938,367
E33039139,200,53,16,37,147,117,30
E33039140,262,27,10,17,235,207,28
E33039141,1355,388,174,214,967,804,163
E33039142,279,22,5,17,257,213,44
E33039143,908,125,50,75,783,631,152
E33039144,361,77,14,63,284,259,25
E33039145,285,54,16,38,231,209,22
E33039146,218,45,18,27,173,151,22
E33039147,372,182,105,77,190,167,23
E33039148,328,146,60,86,182,152,30
E33039149,210,22,6,16,188,144,44
E33039150,359,70,22,48,289,260,29
E33039151,299,56,16,40,243,187,56
E33039152,273,33,15,18,240,197,43
E33039153,336,39,14,25,297,250,47
E33039154,211,38,8,30,173,137,36
E33039155,1209,157,43,114,1052,928,124
E33039156,737,86,25,61,651,561,90
E33039157,301,60,20,40,241,199,42
E33039158,302,51,19,32,251,206,45
E33039159,942,74,21,53,868,739,129
E33039160,397,159,43,116,238,199,39
E33039161,353,162,78,84,191,150,41
E33039162,676,157,34,123,519,456,63
E33039163,203,76,24,52,127,107,20
E33039164,232,108,29,79,124,98,26
E33039165,360,78,31,47,282,194,88
E33039166,544,248,102,146,296,222,74
E33039167,214,90,27,63,124,99,25
E33039168,225,93,27,66,132,107,25
E33039169,288,42,12,30,246,178,68
E33039170,347,52,9,43,295,277,18
E33039171,269,94,39,55,175,147,28
E33039172,327,55,16,39,272,239,33
E33039173,607,215,71,144,392,348,44
E33039174,262,65,14,51,197,167,30
E33039175,405,199,93,106,206,178,28
E33039176,274,55,15,40,219,194,25
E33039177,250,79,28,51,171,157,14
E33039178,842,238,57,181,604,520,84
E33039179,509,54,21,33,455,372,83
E33039180,519,247,87,160,272,217,55
E33039181,219,77,20,57,142,119,23
E33039182,229,96,26,70,133,117,16
E33039183,661,134,59,75,527,368,159
E33039184,705,141,39,102,564,464,100
E33039185,324,117,39,78,207,153,54
E33039186,470,261,104,157,209,193,16
E33039187,800,430,185,245,370,338,32
E33039188,255,100,37,63,155,129,26
E33039189,215,89,31,58,126,105,21
E33039190,235,90,45,45,145,129,16
E33039191,484,100,34,66,384,329,55
E33039192,676,275,139,136,401,335,66
E33039193,335,87,23,64,248,229,19
E33039194,1278,339,84,255,939,875,64
E33039195,320,106,33,73,214,190,24
E33039196,1111,373,133,240,738,665,73
E33039197,221,81,24,57,140,121,19
E33039198,246,48,15,33,198,171,27
E33039199,301,87,29,58,214,176,38
E33039200,228,66,26,40,162,135,27
E33039201,469,211,92,119,258,228,30
E33039202,410,155,54,101,255,218,37
E33039203,499,203,97,106,296,267,29
E33039204,365,212,122,90,153,135,18
E33039205,520,233,121,112,287,256,31
E33039206,359,98,38,60,261,223,38
E33039207,815,229,86,143,586,545,41
E33039208,348,38,8,30,310,282,28
E33039209,237,28,7,21,209,173,36
E33039210,618,302,165,137,316,280,36
E33039211,992,163,45,118,829,663,166
E33039212,614,81,10,71,533,491,42
E33039213,268,49,15,34,219,182,37
E33039214,241,108,33,75,133,110,23
E33039215,344,130,52,78,214,184,30
E33039216,650,99,28,71,551,477,74
E33039217,312,117,34,83,195,134,61
E33039218,203,74,30,44,129,102,27
E33039219,553,217,89,128,336,296,40
E33039220,256,106,37,69,150,108,42
E33039221,354,63,29,34,291,236,55
E33039222,216,70,28,42,146,91,55
E33039223,420,74,22,52,346,312,34
E33039224,359,124,45,79,235,194,41
E33039225,242,43,12,31,199,150,49
E33039226,603,222,76,146,381,292,89
E33039227,393,52,15,37,341,270,71
E33039228,590,166,46,120,424,330,94
E33039229,210,67,27,40,143,107,36
E33039230,329,136,57,79,193,149,44
E33039231,329,104,37,67,225,170,55
E33039232,725,79,19,60,646,544,102
E33039233,556,44,17,27,512,452,60
E33039234,290,59,20,39,231,181,50
E33039235,331,106,68,38,225,169,56
E33039236,738,153,40,113,585,499,86
E33039237,343,58,19,39,285,257,28
E33039238,444,66,21,45,378,297,81
E33039239,330,42,6,36,288,256,32
E33039240,495,67,15,52,428,393,35
E33039241,3720,882,213,669,2838,2474,364
E33039242,461,88,21,67,373,286,87
E33039243,1074,133,23,110,941,777,164
E33039244,3294,545,74,471,2749,2342,407
E33039245,332,46,10,36,286,241,45
E33039246,242,44,7,37,198,168,30
E33039247,702,90,11,79,612,527,85
E33039248,6804,1138,263,875,5666,4843,823
E33039249,403,62,17,45,341,291,50
E33039250,499,58,14,44,441,370,71
E33039251,1689,408,118,290,1281,1138,143
E33039252,1020,167,38,129,853,684,169
E33039253,618,65,9,56,553,430,123
E33039254,593,61,28,33,532,423,109
E33039255,3995,1299,204,1095,2696,2356,340
E33039256,327,58,13,45,269,231,38
E33039257,373,32,11,21,341,318,23
E33039258,185,18,4,14,167,144,23
E33039259,335,29,4,25,306,264,42
E33039260,441,23,5,18,418,304,114
E33039261,229,37,5,32,192,155,37
E33039262,1953,80,22,58,1873,1677,196
E33039263,1203,143,43,100,1060,862,198
E33039264,636,102,25,77,534,456,78
E33039265,381,54,14,40,327,233,94
E33039266,851,96,26,70,755,606,149
E33039267,264,25,5,20,239,192,47
E33039268,246,22,1,21,224,177,47
E33039269,1186,354,62,292,832,752,80
E33039270,786,61,15,46,725,646,79
E33039271,534,42,13,29,492,446,46
E33039272,722,60,11,49,662,517,145
E33039273,288,72,22,50,216,172,44
E33039274,455,117,45,72,338,280,58
E33039275,624,353,127,226,271,259,12
E33039276,429,113,47,66,316,259,57
E33039277,345,178,88,90,167,150,17
E33039278,786,131,21,110,655,579,76
E33039279,633,351,168,183,282,253,29
E33039280,391,36,12,24,355,276,79
E33039281,278,117,58,59,161,143,18
E33039282,338,139,55,84,199,169,30
E33039283,915,529,244,285,386,356,30
E33039284,826,154,26,128,672,620,52
E33039285,900,304,73,231,596,564,32
E33039286,1032,83,14,69,949,747,202
E33039287,334,63,21,42,271,220,51
E33039288,1718,266,80,186,1452,1171,281
E33039289,272,25,7,18,247,157,90
E33039290,319,32,11,21,287,216,71
E33039291,253,29,12,17,224,172,52
E33039292,556,27,9,18,529,431,98
E33039293,320,25,9,16,295,224,71
E33039294,209,14,5,9,195,164,31
E33039295,479,56,16,40,423,315,108
E33039296,797,273,80,193,524,417,107
E33039297,594,236,61,175,358,295,63
E33039298,341,100,26,74,241,182,59
E33039299,253,53,17,36,200,107,93
E33039300,735,380,189,191,355,321,34
E33039301,286,103,41,62,183,117,66
E33039302,285,93,27,66,192,138,54
E33039303,247,84,45,39,163,116,47
E33039304,369,140,60,80,229,178,51
E33039305,472,75,14,61,397,371,26
E33039306,229,100,55,45,129,110,19
E33039307,221,93,30,63,128,110,18
E33039308,226,65,19,46,161,134,27
E33039309,265,118,50,68,147,123,24
E33039310,277,106,57,49,171,151,20
E33039311,263,128,50,78,135,108,27
E33039312,758,436,215,221,322,300,22
E33039313,204,70,37,33,134,106,28
E33039314,573,306,146,160,267,244,23
E33039315,349,129,52,77,220,196,24
E33039316,1187,97,35,62,1090,954,136
E33039317,758,264,62,202,494,449,45
E33039318,316,92,26,66,224,206,18
E33039319,1191,355,110,245,836,730,106
E33039320,1076,156,27,129,920,809,111
E33039321,684,222,37,185,462,412,50
E33039322,439,96,33,63,343,243,100
E33039323,215,81,30,51,134,116,18
E33039324,295,133,56,77,162,127,35
E33039325,259,95,36,59,164,117,47
E33039326,334,72,33,39,262,202,60
E33039327,287,80,36,44,207,144,63
E33039328,370,150,55,95,220,168,52
E33039329,408,150,50,100,258,181,77
E33039330,321,113,31,82,208,162,46
E33039331,541,89,46,43,452,372,80
E33039332,437,84,36,48,353,312,41
E33039333,374,99,33,66,275,210,65
E33039334,530,135,51,84,395,275,120
E33039335,234,77,36,41,157,119,38
E33039336,451,107,36,71,344,239,105
E33039337,350,121,48,73,229,199,30
E33039338,289,106,33,73,183,168,15
E33039339,707,388,177,211,319,285,34
E33039340,378,158,51,107,220,176,44
E33039341,274,22,5,17,252,206,46
E33039342,1006,382,165,217,624,568,56
E33039343,584,87,25,62,497,403,94
E33039344,541,272,120,152,269,245,24
E33039345,296,28,9,19,268,219,49
E33039346,449,56,16,40,393,313,80
E33039347,600,146,50,96,454,364,90
E33039348,1228,460,116,344,768,667,101
E33039349,576,149,66,83,427,335,92
E33039350,192,24,5,19,168,120,48
E33039351,698,72,20,52,626,533,93
E33039352,224,55,30,25,169,150,19
E33039353,324,134,62,72,190,152,38
E33039354,859,126,24,102,733,674,59
E33039355,268,47,8,39,221,197,24
E33039356,113,31,7,24,82,63,19
E33039357,331,146,67,79,185,154,31
E33039358,249,72,22,50,177,156,21
E33039359,222,66,30,36,156,129,27
E33039360,1774,595,120,475,1179,1074,105
E33039361,509,157,40,117,352,280,72
E33039362,1006,169,42,127,837,768,69
E33039363,321,64,20,44,257,223,34
E33039364,212,61,25,36,151,122,29
E33039365,656,306,111,195,350,313,37
E33039366,499,149,39,110,350,330,20
E33039367,274,68,35,33,206,151,55
E33039368,223,75,22,53,148,113,35
E33039369,209,70,31,39,139,100,39
E33039370,818,124,20,104,694,634,60
E33039371,405,72,27,45,333,277,56
E33039372,617,73,17,56,544,489,55
E33039373,606,137,33,104,469,441,28
E33039374,232,57,17,40,175,158,17
E33039375,716,395,207,188,321,290,31
E33039376,373,109,40,69,264,228,36
E33039377,254,104,40,64,150,127,23
E33039378,199,67,26,41,132,119,13
E33039379,245,97,33,64,148,118,30
E33039380,241,89,31,58,152,121,31
E33039381,294,171,63,108,123,115,8
E33039382,466,277,146,131,189,169,20
E33039383,343,165,68,97,178,167,11
E33039384,309,124,56,68,185,143,42
E33039385,656,159,34,125,497,487,10
E33039386,393,194,95,99,199,170,29
E33039387,316,87,41,46,229,203,26
E33039388,288,133,40,93,155,138,17
E33039389,425,120,38,82,305,249,56
E33039390,361,87,19,68,274,243,31
E33039391,766,291,78,213,475,441,34
E33039392,3460,1118,235,883,2342,2064,278
E33039393,206,66,22,44,140,127,13
E33039394,622,211,54,157,411,388,23
E33039395,687,244,71,173,443,396,47
E33039396,291,131,45,86,160,127,33
E33039397,274,100,49,51,174,133,41
E33039398,699,124,40,84,575,523,52
E33039399,1269,315,25,290,954,926,28
E33039400,1026,287,107,180,739,640,99
E33039401,1105,166,32,134,939,834,105
E33039402,230,67,22,45,163,144,19
E33039403,820,366,144,222,454,393,61
E33039404,246,89,27,62,157,135,22
E33039405,510,131,35,96,379,335,44
E33039406,868,224,70,154,644,595,49
E33039407,438,72,20,52,366,282,84
E33039408,247,51,13,38,196,163,33
E33039409,479,181,42,139,298,280,18
E33039410,260,108,58,50,152,128,24
E33039411,559,229,86,143,330,272,58
E33039412,361,185,85,100,176,153,23
E33039413,283,70,33,37,213,183,30
E33039414,522,117,32,85,405,360,45
E33039415,462,104,37,67,358,266,92
E33039416,1528,158,67,91,1370,1144,226
E33039417,1869,146,40,106,1723,1266,457
E33039418,382,29,4,25,353,291,62
E33039419,1149,79,24,55,1070,913,157
E33039420,2999,832,288,544,2167,1028,1139
E33039421,589,210,74,136,379,346,33
E33039422,923,427,181,246,496,453,43
E33039423,749,358,178,180,391,335,56
E33039424,515,80,23,57,435,362,73
E33039425,313,48,18,30,265,212,53
E33039426,332,99,34,65,233,180,53
E33039427,353,103,41,62,250,211,39
E33039428,791,192,32,160,599,561,38
E33039429,613,63,10,53,550,442,108
E33039430,115,52,21,31,63,58,5
E33039431,423,123,62,61,300,266,34
E33039432,740,111,40,71,629,502,127
E33039433,313,120,58,62,193,162,31
E33039434,239,97,26,71,142,122,20
E33039435,296,72,17,55,224,201,23
E33039436,841,76,16,60,765,633,132
E33039437,281,61,26,35,220,206,14
E33039438,442,41,8,33,401,326,75
E33039439,3061,712,176,536,2349,2044,305
E33039440,367,67,19,48,300,240,60
E33039441,264,36,9,27,228,186,42
E33039442,200,41,9,32,159,147,12
E33039443,864,287,86,201,577,508,69
E33039444,515,128,46,82,387,247,140
E33039445,288,102,35,67,186,148,38
E33039446,1013,275,74,201,738,682,56
E33039447,419,65,28,37,354,281,73
E33039448,209,32,7,25,177,120,57
E33039449,279,57,34,23,222,175,47
E33039450,317,24,5,19,293,251,42
E33039451,452,164,59,105,288,239,49
E33039452,353,57,14,43,296,249,47
E33039453,727,117,26,91,610,554,56
E33039454,286,62,11,51,224,166,58
E33039455,412,115,63,52,297,235,62
E33039456,530,116,32,84,414,347,67
E33039457,1348,395,191,204,953,854,99
E33039458,280,62,17,45,218,138,80
E33039459,242,73,23,50,169,149,20
E33039460,264,102,49,53,162,129,33
E33039461,300,155,90,65,145,114,31
E33039462,294,52,19,33,242,200,42
E33039463,415,80,29,51,335,261,74
E33039464,429,86,18,68,343,248,95
E33039465,840,186,47,139,654,541,113
E33039466,328,191,75,116,137,119,18
E33039467,608,329,177,152,279,243,36
E33039468,334,97,43,54,237,202,35
E33039469,201,128,77,51,73,63,10
E33039470,282,134,59,75,148,128,20
E33039471,293,86,27,59,207,163,44
E33039472,450,113,20,93,337,288,49
E33039473,454,78,26,52,376,298,78
E33039474,319,158,57,101,161,145,16
E33039475,190,79,21,58,111,101,10
E33039476,244,113,59,54,131,121,10
E33039477,350,197,96,101,153,143,10
E33039478,238,83,38,45,155,133,22
E33039479,474,287,144,143,187,168,19
E33039480,424,119,45,74,305,239,66
E33039481,1472,168,57,111,1304,937,367
E33039482,319,84,17,67,235,222,13
E33039483,220,73,20,53,147,126,21
E33039484,284,61,6,55,223,211,12
E33039485,343,95,26,69,248,218,30
E33039486,1794,420,107,313,1374,1265,109
E33039487,779,483,199,284,296,263,33
E33039488,811,118,54,64,693,639,54
E33039489,417,83,29,54,334,260,74
E33039490,254,37,13,24,217,181,36
E33039491,334,63,19,44,271,216,55
E33039492,360,41,9,32,319,255,64
E33039493,770,106,35,71,664,592,72
E33039494,459,199,79,120,260,225,35
E33039495,327,111,63,48,216,172,44
E33039496,299,142,86,56,157,136,21
E33039497,304,124,50,74,180,143,37
E33039498,217,74,30,44,143,113,30
E33039499,1736,718,433,285,1018,822,196
E33039500,419,234,175,59,185,155,30
E33039501,204,92,43,49,112,88,24
E33039502,1386,187,40,147,1199,1037,162
E33039503,235,39,18,21,196,172,24
E33039504,485,58,11,47,427,353,74
E33039505,519,62,19,43,457,355,102
E33039506,813,59,15,44,754,659,95
E33039507,889,172,22,150,717,677,40
E33039508,395,40,6,34,355,300,55
E33039509,275,43,9,34,232,211,21
E33039510,910,427,219,208,483,403,80
E33039511,209,86,38,48,123,114,9
E33039512,341,75,22,53,266,233,33
E33039513,402,181,67,114,221,206,15
E33039514,253,26,3,23,227,176,51
E33039515,750,105,29,76,645,532,113
E33039516,310,63,15,48,247,183,64
E33039517,312,119,35,84,193,161,32
E33039518,327,60,25,35,267,222,45
E33039519,313,23,7,16,290,258,32
E33039520,388,46,19,27,342,273,69
E33039521,417,48,11,37,369,325,44
E33039522,504,45,14,31,459,352,107
E33039523,1664,144,46,98,1520,1290,230
E33039524,221,43,9,34,178,115,63
E33039525,761,64,25,39,697,616,81
E33039526,306,171,39,132,135,119,16
E33039527,677,118,54,64,559,517,42
E33039528,1701,131,46,85,1570,930,640
E33039529,468,99,50,49,369,275,94
E33039530,825,34,6,28,791,610,181
E33039531,215,22,5,17,193,158,35
E33039532,681,89,29,60,592,480,112
E33039533,4043,1298,344,954,2745,2365,380
E33039534,299,91,37,54,208,169,39
E33039535,395,40,16,24,355,292,63
E33039536,3242,900,489,411,2342,1952,390
E33039537,1429,72,23,49,1357,1039,318
E33039538,257,94,44,50,163,125,38
E33039539,626,63,24,39,563,397,166
E33039540,403,48,14,34,355,250,105
E33039541,496,209,95,114,287,253,34
E33039542,340,192,126,66,148,120,28
E33039543,618,170,56,114,448,351,97
E33039544,672,96,21,75,576,335,241
E33039545,496,278,131,147,218,198,20
E33039546,514,51,16,35,463,302,161
E33039547,243,106,53,53,137,119,18
E33039548,338,163,91,72,175,159,16
E33039549,1023,106,26,80,917,608,309
E33039550,522,179,49,130,343,313,30
E33039551,2558,823,196,627,1735,1534,201
E33039552,554,57,11,46,497,445,52
E33039553,334,54,14,40,280,236,44
E33039554,180,73,28,45,107,87,20
E33039555,1106,579,325,254,527,482,45
E33039556,279,84,20,64,195,177,18
E33039557,263,157,80,77,106,102,4
E33039558,676,378,191,187,298,274,24
E33039559,229,133,60,73,96,92,4
E33039560,481,285,135,150,196,173,23
E33039561,697,125,57,68,572,505,67
E33039562,725,124,25,99,601,483,118
E33039563,174,57,29,28,117,84,33
E33039564,2436,100,50,50,2336,1735,601
E33039565,887,44,19,25,843,559,284
E33039566,641,123,21,102,518,491,27
E33039567,212,64,14,50,148,117,31
E33039568,331,136,56,80,195,180,15
E33039569,376,201,84,117,175,151,24
E33039570,2319,273,54,219,2046,1834,212
E33039571,762,97,20,77,665,547,118
E33039572,428,102,32,70,326,268,58
E33039573,1968,454,158,296,1514,1354,160
E33039574,1075,367,109,258,708,615,93
E33039575,1097,214,48,166,883,759,124
E33039576,220,54,17,37,166,137,29
E33039577,609,81,22,59,528,448,80
E33039578,583,63,16,47,520,421,99
E33039579,431,95,23,72,336,215,121
E33039580,179,19,3,16,160,139,21
E33039581,264,38,17,21,226,171,55
E33039582,1077,291,92,199,786,664,122
E33039583,457,196,73,123,261,220,41
E33039584,253,57,18,39,196,172,24
E33039585,489,55,19,36,434,342,92
E33039586,288,29,8,21,259,208,51
E33039587,345,26,10,16,319,228,91
E33039588,631,61,24,37,570,388,182
E33039589,428,141,15,126,287,239,48
E33039590,370,94,33,61,276,237,39
E33039591,246,26,8,18,220,175,45
E33039592,296,82,27,55,214,184,30
E33039593,674,329,154,175,345,286,59
E33039594,583,193,48,145,390,352,38
E33039595,1047,94,38,56,953,798,155
E33039596,2182,609,151,458,1573,1485,88
E33039597,234,101,28,73,133,111,22
E33039598,3686,1156,225,931,2530,2250,280
E33039599,261,119,50,69,142,125,17
E33039600,277,110,40,70,167,134,33
E33039601,239,102,32,70,137,120,17
E33039602,378,135,22,113,243,232,11
E33039603,243,135,58,77,108,94,14
E33039604,265,57,17,40,208,181,27
E33039605,741,131,46,85,610,551,59
E33039606,344,207,64,143,137,125,12
E33039607,310,134,51,83,176,158,18
E33039608,236,115,69,46,121,100,21
E33039609,429,100,20,80,329,289,40
E33039610,702,158,31,127,544,498,46
E33039611,236,67,17,50,169,155,14
E33039612,208,58,15,43,150,127,23
E33039613,259,61,21,40,198,159,39
E33039614,853,500,278,222,353,337,16
E33039615,374,150,62,88,224,187,37
E33039616,458,58,21,37,400,291,109
E33039617,342,41,10,31,301,256,45
E33039618,103,13,3,10,90,64,26
E33039619,442,54,26,28,388,325,63
E33039620,230,88,43,45,142,105,37
E33039621,278,68,21,47,210,177,33
E33039622,602,64,15,49,538,464,74
E33039623,422,103,52,51,319,288,31
E33039624,727,49,9,40,678,447,231
E33039625,456,66,15,51,390,347,43
E33039626,202,38,12,26,164,139,25
E33039627,481,75,26,49,406,315,91
E33039628,1113,246,76,170,867,800,67
E33039629,694,116,32,84,578,476,102
E33039630,819,224,69,155,595,541,54
E33039631,229,71,18,53,158,125,33
E33039632,614,318,130,188,296,247,49
E33039633,1297,363,74,289,934,885,49
E33039634,219,54,12,42,165,150,15
E33039635,355,139,26,113,216,184,32
E33039636,959,538,213,325,421,376,45
E33039637,272,150,64,86,122,111,11
E33039638,374,152,56,96,222,207,15
E33039639,212,49,21,28,163,131,32
E33039640,232,33,13,20,199,166,33
E33039641,330,34,12,22,296,244,52
E33039642,282,62,18,44,220,176,44
E33039643,1488,414,95,319,1074,890,184
E33039644,1570,373,132,241,1197,1065,132
E33039645,349,91,38,53,258,193,65
E33039646,224,96,49,47,128,112,16
E33039647,553,61,24,37,492,368,124
E33039648,506,88,35,53,418,303,115
E33039649,440,95,44,51,345,272,73
E33039650,214,97,32,65,117,98,19
E33039651,398,154,78,76,244,197,47
E33039652,218,49,13,36,169,142,27
E33039653,515,225,111,114,290,215,75
E33039654,588,43,19,24,545,373,172
E33039655,274,19,8,11,255,143,112
E33039656,235,80,39,41,155,134,21
E33039657,204,51,25,26,153,119,34
E33039658,320,107,52,55,213,161,52
E33039659,325,94,29,65,231,180,51
E33039660,223,40,5,35,183,146,37
E33039661,358,54,21,33,304,222,82
E33039662,231,83,29,54,148,131,17
E33039663,319,115,51,64,204,168,36
E33039664,236,67,28,39,169,141,28
E33039665,452,151,67,84,301,232,69
E33039666,480,126,67,59,354,309,45
E33039667,240,122,53,69,118,100,18
E33039668,196,58,20,38,138,122,16
E33039669,226,59,15,44,167,136,31
E33039670,900,239,60,179,661,575,86
E33039671,271,89,43,46,182,151,31
E33039672,715,170,77,93,545,458,87
E33039673,256,66,16,50,190,167,23
E33039674,313,128,54,74,185,158,27
E33039675,963,540,290,250,423,392,31
E33039676,559,206,80,126,353,329,24
E33039677,235,77,22,55,158,121,37
E33039678,235,52,28,24,183,119,64
E33039679,212,77,21,56,135,102,33
E33039680,317,72,19,53,245,221,24
E33039681,527,288,109,179,239,209,30
E33039682,446,64,11,53,382,332,50
E33039683,229,76,21,55,153,132,21
E33039684,218,102,44,58,116,92,24
E33039685,254,115,43,72,139,115,24
E33039686,266,136,77,59,130,107,23
E33039687,259,55,17,38,204,151,53
E33039688,244,42,17,25,202,180,22
E33039689,353,60,26,34,293,242,51
E33039690,732,134,26,108,598,537,61
E33039691,238,62,20,42,176,151,25
E33039692,268,132,62,70,136,120,16
E33039693,315,74,34,40,241,211,30
E33039694,531,128,20,108,403,387,16
E33039695,2032,669,167,502,1363,1099,264
E33039696,313,109,57,52,204,174,30
E33039697,331,75,39,36,256,192,64
E33039698,374,52,23,29,322,255,67
E33039699,492,117,34,83,375,301,74
E33039700,331,31,7,24,300,272,28
E33039701,792,247,86,161,545,425,120
E33039702,1225,399,197,202,826,639,187
E33039703,379,91,47,44,288,224,64
E33039704,341,123,58,65,218,172,46
E33039705,239,51,15,36,188,122,66
E33039706,231,130,85,45,101,85,16
E33039707,255,90,36,54,165,147,18
E33039708,264,36,5,31,228,194,34
E33039709,479,77,31,46,402,330,72
E33039710,525,101,32,69,424,373,51
E33039711,328,100,17,83,228,209,19
E33039712,410,157,54,103,253,202,51
E33039713,390,205,107,98,185,163,22
E33039714,425,107,33,74,318,275,43
E33039715,615,319,116,203,296,268,28
E33039716,328,142,39,103,186,147,39
E33039717,2968,994,283,711,1974,1840,134
E33039718,485,242,114,128,243,206,37
E33039719,603,201,53,148,402,379,23
E33039720,313,74,14,60,239,221,18
E33039721,359,143,67,76,216,185,31
E33039722,349,66,28,38,283,242,41
E33039723,1130,271,67,204,859,822,37
E33039724,792,419,190,229,373,334,39
E33039725,419,172,77,95,247,205,42
E33039726,1116,552,271,281,564,462,102
E33039727,610,383,234,149,227,196,31
E33039728,711,422,168,254,289,269,20
E33039729,510,285,143,142,225,217,8
E33039730,330,132,55,77,198,175,23
E33039731,864,190,26,164,674,586,88
E33039732,550,174,59,115,376,335,41
E33039733,256,50,14,36,206,185,21
E33039734,238,26,7,19,212,168,44
E33039735,725,78,16,62,647,536,111
E33039736,317,115,52,63,202,187,15
E33039737,372,182,73,109,190,173,17
E33039738,456,127,47,80,329,266,63
E33039739,613,278,63,215,335,315,20
E33039740,915,474,231,243,441,429,12
E33039741,533,75,29,46,458,363,95
E33039742,495,56,7,49,439,375,64
E33039743,219,58,11,47,161,120,41
E33039744,548,242,102,140,306,271,35
E33039745,1504,310,85,225,1194,1074,120
E33039746,625,255,128,127,370,307,63
E33039747,593,116,48,68,477,366,111
E33039748,293,157,79,78,136,121,15
E33039749,243,64,24,40,179,158,21
E33039750,664,197,64,133,467,402,65
E33039751,245,59,21,38,186,174,12
E33039752,570,82,22,60,488,438,50
E33039753,1433,141,25,116,1292,968,324
E33039754,587,63,20,43,524,459,65
E33039755,288,72,28,44,216,166,50
E33039756,846,95,19,76,751,556,195
E33039757,463,77,13,64,386,351,35
E33039758,402,40,1,39,362,338,24
E33039759,428,70,18,52,358,306,52
E33039760,1431,249,49,200,1182,1095,87
E33039761,762,75,23,52,687,534,153
E33039762,400,58,13,45,342,284,58
E33039763,457,69,21,48,388,331,57
E33039764,246,92,20,72,154,144,10
E33039765,370,84,10,74,286,278,8
E33039766,277,125,52,73,152,120,32
E33039767,1688,361,111,250,1327,1075,252
E33039768,225,41,10,31,184,154,30
E33039769,305,113,55,58,192,157,35
E33039770,1986,1041,583,458,945,876,69
E33039771,502,37,8,29,465,420,45
E33039772,318,19,5,14,299,266,33
E33039773,529,48,15,33,481,406,75
E33039774,448,84,18,66,364,307,57
E33039775,1213,77,19,58,1136,885,251
E33039776,1044,52,15,37,992,746,246
E33039777,733,52,19,33,681,516,165
E33039778,573,321,229,92,252,216,36
E33039779,489,78,24,54,411,352,59
E33039780,468,69,16,53,399,339,60
E33039781,496,67,21,46,429,373,56
E33039782,427,82,18,64,345,267,78
E33039783,436,35,12,23,401,336,65
E33039784,268,19,11,8,249,205,44
E33039785,370,43,17,26,327,274,53
E33039786,448,49,13,36,399,366,33
E33039787,1620,325,59,266,1295,1200,95
E33039788,610,42,9,33,568,509,59
E33039789,1055,137,14,123,918,758,160
E33039790,262,120,57,63,142,134,8
E33039791,2617,434,82,352,2183,1960,223
E33039792,480,65,11,54,415,357,58
E33039793,1084,57,16,41,1027,911,116
E33039794,520,124,29,95,396,354,42
E33039795,234,57,10,47,177,148,29
E33039796,484,77,16,61,407,346,61
E33039797,237,46,12,34,191,169,22
E33039798,342,46,12,34,296,244,52
E33039799,332,95,10,85,237,232,5
E33039800,457,171,49,122,286,252,34
E33039801,327,29,5,24,298,234,64
E33039802,214,32,3,29,182,153,29
E33039803,548,102,29,73,446,392,54
E33039804,1035,154,38,116,881,724,157
E33039805,2465,254,79,175,2211,1899,312
E33039806,1477,325,57,268,1152,958,194
E33039807,508,78,25,53,430,369,61
E33039808,224,28,13,15,196,134,62
E33039809,1579,212,61,151,1367,1187,180
E33039810,753,48,13,35,705,591,114
E33039811,572,40,13,27,532,461,71
E33039812,553,53,16,37,500,374,126
E33039813,220,28,4,24,192,152,40
E33039814,926,418,153,265,508,414,94
E33039815,460,95,31,64,365,258,107
E33039816,274,118,47,71,156,111,45
E33039817,410,64,33,31,346,237,109
E33039818,1066,134,42,92,932,637,295
E33039819,566,48,27,21,518,390,128
E33039820,388,43,19,24,345,255,90
E33039821,395,115,45,70,280,172,108
E33039822,575,146,74,72,429,272,157
E33039823,507,190,70,120,317,215,102
E33039824,556,213,80,133,343,235,108
E33039825,331,135,61,74,196,151,45
E33039826,451,172,64,108,279,200,79
E33039827,243,107,33,74,136,114,22
E33039828,364,110,41,69,254,162,92
E33039829,310,64,22,42,246,167,79
E33039830,416,123,40,83,293,225,68
E33039831,671,234,84,150,437,311,126
E33039832,375,93,29,64,282,215,67
E33039833,410,111,41,70,299,205,94
E33039834,314,124,42,82,190,141,49
E33039835,603,295,79,216,308,247,61
E33039836,297,113,35,78,184,141,43
E33039837,379,135,49,86,244,199,45
E33039838,244,69,24,45,175,133,42
E33039839,376,115,44,71,261,191,70
E33039840,396,128,40,88,268,218,50
E33039841,401,182,86,96,219,169,50
E33039842,441,147,54,93,294,219,75
E33039843,625,219,64,155,406,289,117
E33039844,345,131,45,86,214,177,37
E33039845,636,249,113,136,387,330,57
E33039846,424,150,53,97,274,200,74
E33039847,374,110,44,66,264,202,62
E33039848,333,131,48,83,202,142,60
E33039849,444,111,32,79,333,262,71
E33039850,965,454,180,274,511,382,129
E33039851,408,128,40,88,280,201,79
E33039852,949,348,117,231,601,518,83
E33039853,440,157,52,105,283,223,60
E33039854,788,407,145,262,381,296,85
E33039855,620,298,103,195,322,264,58
E33039856,375,145,39,106,230,191,39
E33039857,369,120,29,91,249,193,56
E33039858,336,138,82,56,198,166,32
E33039859,462,222,89,133,240,186,54
E33039860,382,82,26,56,300,272,28
E33039861,530,190,64,126,340,250,90
E33039862,295,125,45,80,170,133,37
E33039863,361,124,46,78,237,178,59
E33039864,639,318,142,176,321,245,76
E33039865,581,143,44,99,438,366,72
E33039866,271,91,29,62,180,149,31
E33039867,370,117,48,69,253,204,49
E33039868,338,131,52,79,207,176,31
E33039869,719,311,70,241,408,353,55
E33039870,429,155,48,107,274,217,57
E33039871,295,130,50,80,165,131,34
E33039872,4590,1422,315,1107,3168,2817,351
E33039873,444,62,18,44,382,306,76
E33039874,377,119,46,73,258,193,65
E33039875,441,170,42,128,271,210,61
E33039876,434,152,74,78,282,184,98
E33039877,352,136,43,93,216,181,35
E33039878,436,194,67,127,242,190,52
E33039879,425,186,81,105,239,186,53
E33039880,689,180,63,117,509,347,162
E33039881,349,134,46,88,215,155,60
E33039882,898,311,89,222,587,448,139
E33039883,666,207,84,123,459,370,89
E33039884,291,107,31,76,184,128,56
E33039885,309,104,34,70,205,156,49
E33039886,313,76,32,44,237,172,65
E33039887,395,105,31,74,290,231,59
E33039888,530,223,85,138,307,234,73
E33039889,357,112,40,72,245,183,62
E33039890,373,110,27,83,263,185,78
E33039891,534,173,60,113,361,286,75
E33039892,829,281,115,166,548,446,102
E33039893,444,151,52,99,293,187,106
E33039894,329,118,40,78,211,150,61
E33039895,419,152,52,100,267,194,73
E33039896,581,103,22,81,478,412,66
E33039897,467,122,39,83,345,225,120
E33039898,331,71,29,42,260,197,63
E33039899,638,288,93,195,350,285,65
E33039900,455,138,39,99,317,238,79
E33039901,511,281,109,172,230,200,30
E33039902,367,134,42,92,233,162,71
E33039903,436,161,58,103,275,209,66
E33039904,409,200,54,146,209,175,34
E33039905,397,103,30,73,294,231,63
E33039906,463,156,36,120,307,211,96
E33039907,398,148,58,90,250,181,69
E33039908,537,106,38,68,431,330,101
E33039909,505,135,45,90,370,279,91
E33039910,483,190,78,112,293,209,84
E33039911,368,121,48,73,247,191,56
E33039912,334,137,49,88,197,145,52
E33039913,457,141,47,94,316,220,96
E33039914,371,149,49,100,222,166,56
E33039915,1263,128,59,69,1135,1039,96
E33039916,290,150,66,84,140,105,35
E33039917,295,99,45,54,196,148,48
E33039918,499,229,59,170,270,216,54
E33039919,588,178,78,100,410,299,111
E33039920,320,87,33,54,233,168,65
E33039921,907,251,98,153,656,460,196
E33039922,332,133,45,88,199,150,49
E33039923,293,123,44,79,170,126,44
E33039924,303,89,28,61,214,163,51
E33039925,318,156,54,102,162,118,44
E33039926,427,129,60,69,298,218,80
E33039927,524,174,70,104,350,260,90
E33039928,481,204,78,126,277,199,78
E33039929,361,124,61,63,237,166,71
E33039930,451,203,80,123,248,188,60
E33039931,298,117,40,77,181,120,61
E33039932,559,265,101,164,294,230,64
E33039933,430,135,56,79,295,211,84
E33039934,439,210,70,140,229,172,57
E33039935,552,215,82,133,337,256,81
E33039936,264,122,55,67,142,105,37
E33039937,709,249,109,140,460,316,144
E33039938,519,225,71,154,294,195,99
E33039939,386,133,48,85,253,164,89
E33039940,528,186,68,118,342,238,104
E33039941,360,101,39,62,259,187,72
E33039942,613,137,56,81,476,332,144
E33039943,412,127,64,63,285,225,60
E33039944,299,90,46,44,209,151,58
E33039945,585,188,82,106,397,316,81
E33039946,316,92,37,55,224,146,78
E33039947,353,156,63,93,197,136,61
E33039948,981,86,28,58,895,643,252
E33039949,2695,206,60,146,2489,1967,522
E33039950,248,63,28,35,185,138,47
E33039951,359,91,34,57,268,202,66
E33039952,559,202,87,115,357,268,89
E33039953,766,138,38,100,628,523,105
E33039954,441,143,52,91,298,209,89
E33039955,528,160,46,114,368,272,96
E33039956,536,164,47,117,372,291,81
E33039957,509,75,26,49,434,323,111
E33039958,688,94,25,69,594,489,105
E33039959,279,93,42,51,186,139,47
E33039960,480,123,58,65,357,257,100
E33039961,704,175,55,120,529,372,157
E33039962,327,139,62,77,188,133,55
E33039963,605,160,45,115,445,349,96
E33039964,549,87,24,63,462,350,112
E33039965,490,192,67,125,298,229,69
E33039966,469,180,77,103,289,243,46
E33039967,661,304,107,197,357,275,82
E33039968,346,147,52,95,199,166,33
E33039969,319,101,37,64,218,187,31
E33039970,374,142,48,94,232,190,42
E33039971,544,196,69,127,348,270,78
E33039972,321,88,42,46,233,185,48
E33039973,383,138,46,92,245,182,63
E33039974,520,144,53,91,376,286,90
E33039975,609,237,82,155,372,276,96
E33039976,373,89,37,52,284,208,76
E33039977,532,203,57,146,329,242,87
E33039978,460,207,74,133,253,236,17
E33039979,349,100,29,71,249,196,53
E33039980,460,209,82,127,251,187,64
E33039981,337,87,28,59,250,178,72
E33039982,472,179,58,121,293,231,62
E33039983,397,135,49,86,262,195,67
E33039984,718,215,85,130,503,320,183
E33039985,370,154,75,79,216,143,73
E33039986,389,156,50,106,233,180,53
E33039987,555,158,62,96,397,318,79
E33039988,515,174,69,105,341,277,64
E33039989,353,96,38,58,257,189,68
E33039990,602,235,82,153,367,252,115
E33039991,355,116,48,68,239,183,56
E33039992,364,131,44,87,233,159,74
E33039993,277,94,39,55,183,137,46
E33039994,349,114,50,64,235,169,66
E33039995,291,131,49,82,160,113,47
E33039996,677,137,41,96,540,413,127
E33039997,308,117,68,49,191,137,54
E33039998,287,65,26,39,222,148,74
E33039999,377,136,62,74,241,182,59
E33040000,342,109,46,63,233,167,66
E33040001,473,138,55,83,335,243,92
E33040002,451,164,63,101,287,205,82
E33040003,273,73,43,30,200,134,66
E33040004,324,87,33,54,237,166,71
E33040005,266,118,49,69,148,101,47
E33040006,448,164,57,107,284,196,88
E33040007,329,82,32,50,247,162,85
E33040008,319,88,30,58,231,145,86
E33040009,257,80,37,43,177,105,72
E33040010,313,95,30,65,218,170,48
E33040011,444,99,44,55,345,290,55
E33040012,441,177,75,102,264,185,79
E33040013,325,94,35,59,231,144,87
E33040014,352,135,48,87,217,145,72
E33040015,321,109,46,63,212,129,83
E33040016,337,112,38,74,225,156,69
E33040017,350,104,44,60,246,185,61
E33040018,282,82,39,43,200,138,62
E33040019,462,140,65,75,322,243,79
E33040020,325,124,37,87,201,168,33
E33040021,498,144,62,82,354,246,108
E33040022,394,198,87,111,196,156,40
E33040023,435,173,57,116,262,184,78
E33040024,528,153,74,79,375,277,98
E33040025,346,124,62,62,222,152,70
E33040026,432,142,49,93,290,184,106
E33040027,623,203,101,102,420,277,143
E33040028,331,75,31,44,256,185,71
E33040029,492,193,99,94,299,206,93
E33040030,370,82,29,53,288,240,48
E33040031,556,146,69,77,410,327,83
E33040032,898,194,63,131,704,560,144
E33040033,411,89,34,55,322,249,73
E33040034,574,228,76,152,346,257,89
E33040035,587,129,39,90,458,323,135
E33040036,482,130,57,73,352,282,70
E33040037,256,108,40,68,148,101,47
E33040038,415,156,65,91,259,188,71
E33040039,385,87,24,63,298,226,72
E33040040,3332,229,70,159,3103,2786,317
E33040041,305,122,57,65,183,119,64
E33040042,658,240,86,154,418,272,146
E33040043,332,108,44,64,224,131,93
E33040044,447,84,13,71,363,285,78
E33040045,336,92,32,60,244,160,84
E33040046,633,73,25,48,560,421,139
E33040047,321,133,58,75,188,139,49
E33040048,261,101,47,54,160,113,47
E33040049,246,86,34,52,160,120,40
E33040050,703,119,39,80,584,481,103
E33040051,338,171,86,85,167,133,34
E33040052,321,90,40,50,231,165,66
E33040053,328,112,43,69,216,160,56
E33040054,247,66,25,41,181,138,43
E33040055,587,267,66,201,320,299,21
E33040056,282,64,25,39,218,158,60
E33040057,512,70,32,38,442,376,66
E33040058,327,63,27,36,264,201,63
E33040059,376,86,31,55,290,245,45
E33040060,483,185,85,100,298,220,78
E33040061,579,189,67,122,390,286,104
E33040062,326,54,21,33,272,230,42
E33040063,295,79,36,43,216,161,55
E33040064,519,231,76,155,288,215,73
E33040065,286,110,47,63,176,135,41
E33040066,692,149,56,93,543,426,117
E33040067,501,171,65,106,330,270,60
E33040068,428,180,57,123,248,205,43
E33040069,438,146,52,94,292,224,68
E33040070,310,54,22,32,256,213,43
E33040071,390,150,49,101,240,186,54
E33040072,620,263,77,186,357,245,112
E33040073,290,97,38,59,193,122,71
E33040074,284,85,39,46,199,116,83
E33040075,337,98,37,61,239,173,66
E33040076,283,109,51,58,174,110,64
E33040077,560,168,66,102,392,281,111
E33040078,326,130,46,84,196,136,60
E33040079,405,85,38,47,320,269,51
E33040080,473,157,35,122,316,245,71
E33040081,263,94,45,49,169,144,25
E33040082,595,279,140,139,316,269,47
E33040083,392,106,51,55,286,232,54
E33040084,529,143,60,83,386,290,96
E33040085,330,98,45,53,232,175,57
E33040086,339,103,42,61,236,188,48
E33040087,1143,615,327,288,528,444,84
E33040088,303,105,41,64,198,162,36
E33040089,302,124,47,77,178,122,56
E33040090,305,136,54,82,169,134,35
E33040091,270,106,63,43,164,114,50
E33040092,511,172,74,98,339,282,57
E33040093,605,222,73,149,383,261,122
E33040094,316,96,43,53,220,174,46
E33040095,451,176,80,96,275,195,80
E33040096,425,141,56,85,284,198,86
E33040097,335,96,41,55,239,173,66
E33040098,515,91,37,54,424,354,70
E33040099,319,119,45,74,200,147,53
E33040100,260,113,43,70,147,120,27
E33040101,853,200,67,133,653,563,90
E33040102,344,153,62,91,191,140,51
E33040103,312,126,61,65,186,137,49
E33040104,365,113,54,59,252,180,72
E33040105,386,144,52,92,242,178,64
E33040106,278,94,33,61,184,147,37
E33040107,278,122,49,73,156,125,31
E33040108,269,96,47,49,173,134,39
E33040109,280,125,44,81,155,124,31
E33040110,441,213,91,122,228,161,67
E33040111,303,134,54,80,169,140,29
E33040112,337,93,33,60,244,197,47
E33040113,571,236,94,142,335,268,67
E33040114,384,106,39,67,278,232,46
E33040115,320,78,27,51,242,199,43
E33040116,315,91,36,55,224,178,46
E33040117,475,150,66,84,325,250,75
E33040118,599,200,62,138,399,302,97
E33040119,328,125,48,77,203,160,43
E33040120,263,99,40,59,164,123,41
E33040121,339,92,35,57,247,207,40
E33040122,684,254,111,143,430,360,70
E33040123,587,115,37,78,472,374,98
E33040124,357,135,62,73,222,188,34
E33040125,505,111,34,77,394,330,64
E33040126,242,57,17,40,185,123,62
E33040127,299,126,68,58,173,133,40
E33040128,492,112,37,75,380,318,62
E33040129,591,169,63,106,422,328,94
E33040130,494,114,37,77,380,318,62
E33040131,370,122,55,67,248,200,48
E33040132,275,76,25,51,199,151,48
E33040133,379,121,50,71,258,213,45
E33040134,383,140,49,91,243,199,44
E33040135,307,100,19,81,207,158,49
E33040136,307,89,39,50,218,167,51
E33040137,467,167,33,134,300,260,40
E33040138,307,116,33,83,191,155,36
E33040139,327,129,53,76,198,154,44
E33040140,300,134,45,89,166,123,43
E33040141,422,179,80,99,243,204,39
E33040142,825,300,94,206,525,461,64
E33040143,289,89,32,57,200,158,42
E33040144,406,207,104,103,199,156,43
E33040145,829,182,88,94,647,546,101
E33040146,335,122,51,71,213,170,43
E33040147,341,153,52,101,188,158,30
E33040148,1786,316,102,214,1470,1311,159
E33040149,320,72,22,50,248,193,55
E33040150,590,133,38,95,457,380,77
E33040151,369,78,26,52,291,228,63
E33040152,212,49,12,37,163,147,16
E33040153,423,142,54,88,281,247,34
E33040154,438,64,21,43,374,320,54
E33040155,429,109,37,72,320,264,56
E33040156,1176,355,120,235,821,676,145
E33040157,407,83,26,57,324,278,46
E33040158,299,81,28,53,218,188,30
E33040159,636,82,34,48,554,484,70
E33040160,487,53,13,40,434,369,65
E33040161,478,193,115,78,285,224,61
E33040162,392,179,74,105,213,162,51
E33040163,420,104,39,65,316,258,58
E33040164,328,131,59,72,197,170,27
E33040165,321,137,72,65,184,150,34
E33040166,515,159,54,105,356,285,71
E33040167,873,248,98,150,625,465,160
E33040168,514,161,44,117,353,320,33
E33040169,399,150,55,95,249,217,32
E33040170,314,92,23,69,222,190,32
E33040171,377,133,36,97,244,200,44
E33040172,237,98,33,65,139,110,29
E33040173,278,55,19,36,223,181,42
E33040174,1159,407,116,291,752,664,88
E33040175,349,59,24,35,290,263,27
E33040176,300,96,31,65,204,167,37
E33040177,4339,1175,255,920,3164,2731,433
E33040178,474,156,85,71,318,229,89
E33040179,532,206,62,144,326,263,63
E33040180,257,101,23,78,156,129,27
E33040181,632,196,53,143,436,380,56
E33040182,386,135,56,79,251,196,55
E33040183,384,145,54,91,239,194,45
E33040184,297,131,62,69,166,133,33
E33040185,329,162,83,79,167,108,59
E33040186,431,202,80,122,229,179,50
E33040187,338,87,32,55,251,190,61
E33040188,504,151,47,104,353,303,50
E33040189,382,131,40,91,251,191,60
E33040190,292,124,33,91,168,115,53
E33040191,720,101,32,69,619,494,125
E33040192,1098,284,98,186,814,694,120
E33040193,488,225,72,153,263,235,28
E33040194,381,176,68,108,205,170,35
E33040195,1088,144,41,103,944,769,175
E33040196,1142,81,23,58,1061,836,225
E33040197,382,92,32,60,290,251,39
E33040198,328,101,34,67,227,183,44
E33040199,856,121,20,101,735,607,128
E33040200,870,305,105,200,565,438,127
E33040201,437,168,50,118,269,199,70
E33040202,448,148,50,98,300,238,62
E33040203,381,185,102,83,196,153,43
E33040204,330,140,42,98,190,165,25
E33040205,576,53,22,31,523,419,104
E33040206,307,109,36,73,198,159,39
E33040207,375,89,23,66,286,248,38
E33040208,473,97,34,63,376,287,89
E33040209,451,169,51,118,282,220,62
E33040210,604,76,21,55,528,375,153
E33040211,495,161,44,117,334,239,95
E33040212,909,276,93,183,633,518,115
E33040213,534,198,55,143,336,261,75
E33040214,408,186,59,127,222,178,44
E33040215,512,193,59,134,319,259,60
E33040216,548,195,55,140,353,290,63
E33040217,486,142,40,102,344,288,56
E33040218,350,135,45,90,215,163,52
E33040219,361,113,33,80,248,186,62
E33040220,388,126,45,81,262,195,67
E33040221,919,173,53,120,746,592,154
E33040222,321,106,34,72,215,164,51
E33040223,327,163,54,109,164,142,22
E33040224,437,93,32,61,344,289,55
E33040225,320,89,27,62,231,193,38
E33040226,337,110,46,64,227,195,32
E33040227,660,227,84,143,433,387,46
E33040228,412,148,33,115,264,212,52
E33040229,408,160,54,106,248,181,67
E33040230,330,129,38,91,201,162,39
E33040231,432,155,47,108,277,243,34
E33040232,831,200,66,134,631,488,143
E33040233,663,302,100,202,361,307,54
E33040234,598,64,19,45,534,331,203
E33040235,681,140,41,99,541,469,72
E33040236,486,143,50,93,343,272,71
E33040237,868,220,82,138,648,558,90
E33040238,468,110,41,69,358,303,55
E33040239,676,101,24,77,575,476,99
E33040240,2174,206,82,124,1968,1590,378
E33040241,427,168,72,96,259,227,32
E33040242,523,165,51,114,358,293,65
E33040243,419,110,39,71,309,238,71
E33040244,879,108,32,76,771,629,142
E33040245,459,127,47,80,332,240,92
E33040246,636,204,77,127,432,380,52
E33040247,328,89,29,60,239,195,44
E33040248,356,100,44,56,256,201,55
E33040249,539,163,45,118,376,317,59
E33040250,1092,114,37,77,978,718,260
E33040251,699,243,67,176,456,409,47
E33040252,366,143,38,105,223,174,49
E33040253,282,104,34,70,178,149,29
E33040254,452,157,48,109,295,230,65
E33040255,482,143,41,102,339,265,74
E33040256,309,96,30,66,213,184,29
E33040257,3037,365,126,239,2672,2239,433
E33040258,336,119,37,82,217,182,35
E33040259,283,77,25,52,206,173,33
E33040260,390,103,32,71,287,243,44
E33040261,423,64,21,43,359,277,82
E33040262,724,105,27,78,619,460,159
E33040263,324,99,33,66,225,154,71
E33040264,353,50,17,33,303,168,135
E33040265,322,123,33,90,199,153,46
E33040266,454,146,58,88,308,238,70
E33040267,453,176,74,102,277,207,70
E33040268,368,115,54,61,253,190,63
E33040269,856,89,34,55,767,589,178
E33040270,697,128,39,89,569,421,148
E33040271,225,84,41,43,141,105,36
E33040272,379,143,65,78,236,169,67
E33040273,595,192,69,123,403,346,57
E33040274,691,204,59,145,487,341,146
E33040275,276,78,30,48,198,149,49
E33040276,258,63,15,48,195,157,38
E33040277,508,144,42,102,364,287,77
E33040278,411,148,68,80,263,176,87
E33040279,231,87,41,46,144,104,40
E33040280,410,164,54,110,246,189,57
E33040281,354,154,58,96,200,149,51
E33040282,805,191,56,135,614,505,109
E33040283,341,127,42,85,214,157,57
E33040284,315,78,26,52,237,180,57
E33040285,299,99,47,52,200,157,43
E33040286,254,80,29,51,174,111,63
E33040287,499,78,22,56,421,317,104
E33040288,276,95,40,55,181,121,60
E33040289,398,150,68,82,248,191,57
E33040290,522,153,59,94,369,238,131
E33040291,402,88,25,63,314,253,61
E33040292,227,54,22,32,173,142,31
E33040293,248,92,43,49,156,145,11
E33040294,307,145,41,104,162,115,47
E33040295,446,75,27,48,371,291,80
E33040296,381,161,69,92,220,153,67
E33040297,393,189,84,105,204,154,50
E33040298,682,113,25,88,569,486,83
E33040299,368,61,20,41,307,247,60
E33040300,286,95,36,59,191,128,63
E33040301,259,52,20,32,207,167,40
E33040302,621,120,41,79,501,389,112
E33040303,376,122,46,76,254,212,42
E33040304,402,171,60,111,231,152,79
E33040305,282,119,44,75,163,116,47
E33040306,285,126,34,92,159,114,45
E33040307,371,116,39,77,255,201,54
E33040308,511,238,90,148,273,206,67
E33040309,684,250,63,187,434,385,49
E33040310,350,121,38,83,229,186,43
E33040311,327,112,35,77,215,167,48
E33040312,340,145,55,90,195,148,47
E33040313,280,92,35,57,188,136,52
E33040314,339,71,25,46,268,221,47
E33040315,523,113,39,74,410,323,87
E33040316,406,100,40,60,306,224,82
E33040317,882,125,35,90,757,571,186
E33040318,431,187,63,124,244,176,68
E33040319,274,111,41,70,163,116,47
E33040320,224,82,24,58,142,101,41
E33040321,246,64,25,39,182,121,61
E33040322,324,67,29,38,257,196,61
E33040323,241,55,33,22,186,82,104
E33040324,475,65,26,39,410,344,66
E33040325,318,79,28,51,239,153,86
E33040326,950,151,40,111,799,463,336
E33040327,253,64,19,45,189,153,36
E33040328,554,161,52,109,393,304,89
E33040329,716,96,31,65,620,536,84
E33040330,280,95,30,65,185,140,45
E33040331,587,93,28,65,494,374,120
E33040332,450,115,16,99,335,277,58
E33040333,285,91,38,53,194,134,60
E33040334,290,95,40,55,195,152,43
E33040335,383,126,39,87,257,193,64
E33040336,316,86,30,56,230,179,51
E33040337,287,85,25,60,202,157,45
E33040338,445,125,42,83,320,230,90
E33040339,969,103,32,71,866,510,356
E33040340,337,93,28,65,244,168,76
E33040341,332,137,65,72,195,158,37
E33040342,371,130,44,86,241,187,54
E33040343,395,137,52,85,258,203,55
E33040344,353,137,47,90,216,161,55
E33040345,434,105,40,65,329,273,56
E33040346,246,79,33,46,167,128,39
E33040347,444,195,82,113,249,200,49
E33040348,548,188,84,104,360,271,89
E33040349,433,98,34,64,335,288,47
E33040350,434,159,43,116,275,218,57
E33040351,318,136,57,79,182,146,36
E33040352,344,144,56,88,200,159,41
E33040353,343,125,48,77,218,164,54
E33040354,264,98,50,48,166,114,52
E33040355,407,94,32,62,313,234,79
E33040356,261,35,12,23,226,174,52
E33040357,563,229,54,175,334,289,45
E33040358,648,229,55,174,419,362,57
E33040359,313,124,41,83,189,139,50
E33040360,397,114,49,65,283,191,92
E33040361,324,114,43,71,210,161,49
E33040362,267,102,40,62,165,118,47
E33040363,310,91,39,52,219,152,67
E33040364,396,102,40,62,294,214,80
E33040365,329,109,61,48,220,162,58
E33040366,507,165,49,116,342,257,85
E33040367,632,128,51,77,504,382,122
E33040368,707,169,58,111,538,391,147
E33040369,286,73,38,35,213,114,99
E33040370,499,181,77,104,318,195,123
E33040371,291,113,44,69,178,126,52
E33040372,473,148,38,110,325,211,114
E33040373,403,137,53,84,266,187,79
E33040374,253,89,37,52,164,113,51
E33040375,588,156,44,112,432,363,69
E33040376,474,222,139,83,252,182,70
E33040377,246,84,36,48,162,116,46
E33040378,568,213,71,142,355,240,115
E33040379,758,161,62,99,597,476,121
E33040380,484,177,70,107,307,215,92
E33040381,340,116,36,80,224,174,50
E33040382,310,110,48,62,200,132,68
E33040383,421,78,32,46,343,278,65
E33040384,422,130,50,80,292,225,67
E33040385,428,182,69,113,246,179,67
E33040386,267,90,41,49,177,125,52
E33040387,286,130,58,72,156,119,37
E33040388,267,91,53,38,176,120,56
E33040389,271,87,39,48,184,138,46
E33040390,294,119,37,82,175,142,33
E33040391,1066,100,35,65,966,688,278
E33040392,357,152,70,82,205,154,51
E33040393,581,189,71,118,392,300,92
E33040394,333,139,71,68,194,143,51
E33040395,363,69,25,44,294,223,71
E33040396,447,110,57,53,337,281,56
E33040397,338,102,52,50,236,180,56
E33040398,400,152,68,84,248,175,73
E33040399,290,108,54,54,182,132,50
E33040400,360,139,51,88,221,179,42
E33040401,290,95,37,58,195,151,44
E33040402,483,211,80,131,272,223,49
E33040403,767,294,115,179,473,385,88
E33040404,370,154,78,76,216,160,56
E33040405,581,272,104,168,309,208,101
E33040406,405,77,32,45,328,243,85
E33040407,438,165,72,93,273,214,59
E33040408,416,113,44,69,303,224,79
E33040409,322,127,44,83,195,161,34
E33040410,635,251,94,157,384,286,98
E33040411,313,82,32,50,231,187,44
E33040412,428,169,54,115,259,190,69
E33040413,896,227,105,122,669,566,103
E33040414,453,192,91,101,261,198,63
E33040415,336,97,41,56,239,181,58
E33040416,415,132,56,76,283,201,82
E33040417,492,171,75,96,321,262,59
E33040418,527,224,104,120,303,251,52
E33040419,434,140,40,100,294,224,70
E33040420,535,149,75,74,386,315,71
E33040421,670,180,77,103,490,402,88
E33040422,442,151,65,86,291,206,85
E33040423,511,206,83,123,305,202,103
E33040424,355,120,52,68,235,179,56
E33040425,854,98,40,58,756,663,93
E33040426,392,131,58,73,261,209,52
E33040427,525,63,17,46,462,374,88
E33040428,350,127,55,72,223,169,54
E33040429,518,107,43,64,411,339,72
E33040430,468,205,100,105,263,196,67
E33040431,301,108,49,59,193,133,60
E33040432,1965,183,52,131,1782,1599,183
E33040433,339,99,41,58,240,188,52
E33040434,329,135,55,80,194,153,41
E33040435,448,128,46,82,320,247,73
E33040436,675,231,66,165,444,388,56
E33040437,453,112,38,74,341,275,66
E33040438,803,207,81,126,596,493,103
E33040439,212,104,33,71,108,79,29
E33040440,294,104,47,57,190,129,61
E33040441,280,104,39,65,176,139,37
E33040442,535,243,84,159,292,216,76
E33040443,314,106,40,66,208,169,39
E33040444,382,105,40,65,277,212,65
E33040445,275,102,41,61,173,129,44
E33040446,300,94,47,47,206,143,63
E33040447,249,79,42,37,170,116,54
E33040448,254,123,50,73,131,88,43
E33040449,249,101,44,57,148,97,51
E33040450,278,95,46,49,183,132,51
E33040451,904,387,134,253,517,442,75
E33040452,396,113,34,79,283,223,60
E33040453,255,125,51,74,130,90,40
E33040454,257,82,39,43,175,136,39
E33040455,585,287,128,159,298,241,57
E33040456,244,84,39,45,160,101,59
E33040457,590,98,35,63,492,357,135
E33040458,334,108,46,62,226,156,70
E33040459,286,87,37,50,199,131,68
E33040460,291,94,33,61,197,148,49
E33040461,321,93,37,56,228,170,58
E33040462,240,67,20,47,173,143,30
E33040463,281,81,26,55,200,146,54
E33040464,322,92,38,54,230,152,78
E33040465,292,92,38,54,200,144,56
E33040466,295,133,59,74,162,120,42
E33040467,1299,124,31,93,1175,976,199
E33040468,382,105,44,61,277,196,81
E33040469,333,141,42,99,192,142,50
E33040470,288,88,31,57,200,136,64
E33040471,328,121,61,60,207,136,71
E33040472,437,155,71,84,282,204,78
E33040473,300,97,51,46,203,140,63
E33040474,448,220,98,122,228,156,72
E33040475,451,217,106,111,234,170,64
E33040476,668,209,85,124,459,382,77
E33040477,410,132,66,66,278,189,89
E33040478,565,97,28,69,468,349,119
E33040479,638,276,125,151,362,289,73
E33040480,269,123,52,71,146,107,39
E33040481,654,121,53,68,533,396,137
E33040482,300,95,27,68,205,156,49
E33040483,259,94,43,51,165,111,54
E33040484,558,239,75,164,319,246,73
E33040485,433,151,66,85,282,209,73
E33040486,324,113,38,75,211,153,58
E33040487,284,106,38,68,178,124,54
E33040488,313,88,36,52,225,157,68
E33040489,328,130,58,72,198,131,67
E33040490,441,107,45,62,334,264,70
E33040491,319,76,29,47,243,175,68
E33040492,335,104,39,65,231,174,57
E33040493,546,191,60,131,355,298,57
E33040494,272,105,34,71,167,126,41
E33040495,384,104,50,54,280,211,69
E33040496,263,96,37,59,167,123,44
E33040497,487,176,56,120,311,238,73
E33040498,275,65,22,43,210,169,41
E33040499,270,84,32,52,186,150,36
E33040500,649,57,16,41,592,487,105
E33040501,234,79,23,56,155,100,55
E33040502,747,198,77,121,549,447,102
E33040503,338,146,66,80,192,141,51
E33040504,457,186,67,119,271,228,43
E33040505,363,119,53,66,244,188,56
E33040506,730,259,91,168,471,376,95
E33040507,245,33,8,25,212,172,40
E33040508,1606,152,40,112,1454,1204,250
E33040509,1145,128,35,93,1017,815,202
E33040510,503,225,60,165,278,226,52
E33040511,282,101,24,77,181,158,23
E33040512,445,134,53,81,311,251,60
E33040513,628,243,75,168,385,318,67
E33040514,563,83,21,62,480,351,129
E33040515,304,110,46,64,194,146,48
E33040516,311,98,30,68,213,153,60
E33040517,307,118,34,84,189,149,40
E33040518,330,103,39,64,227,196,31
E33040519,767,200,41,159,567,524,43
E33040520,873,309,92,217,564,447,117
E33040521,402,36,8,28,366,328,38
E33040522,352,132,38,94,220,174,46
E33040523,460,99,24,75,361,312,49
E33040524,590,242,68,174,348,284,64
E33040525,318,79,29,50,239,191,48
E33040526,418,55,22,33,363,302,61
E33040527,664,100,22,78,564,455,109
E33040528,411,153,54,99,258,211,47
E33040529,1025,80,18,62,945,764,181
E33040530,305,104,35,69,201,153,48
E33040531,365,173,63,110,192,152,40
E33040532,307,75,24,51,232,184,48
E33040533,503,161,63,98,342,255,87
E33040534,520,125,47,78,395,313,82
E33040535,480,201,68,133,279,227,52
E33040536,290,114,39,75,176,130,46
E33040537,498,185,69,116,313,233,80
E33040538,448,142,62,80,306,286,20
E33040539,1006,444,188,256,562,476,86
E33040540,495,134,48,86,361,307,54
E33040541,660,107,39,68,553,482,71
E33040542,920,366,143,223,554,464,90
E33040543,366,64,29,35,302,238,64
E33040544,270,78,21,57,192,171,21
E33040545,315,128,48,80,187,140,47
E33040546,537,84,24,60,453,399,54
E33040547,643,220,79,141,423,326,97
E33040548,368,111,37,74,257,185,72
E33040549,290,136,50,86,154,126,28
E33040550,395,157,52,105,238,173,65
E33040551,347,113,44,69,234,179,55
E33040552,286,90,39,51,196,161,35
E33040553,904,147,41,106,757,650,107
E33040554,1107,352,93,259,755,648,107
E33040555,300,29,9,20,271,205,66
E33040556,611,127,33,94,484,377,107
E33040557,305,72,17,55,233,170,63
E33040558,349,139,43,96,210,175,35
E33040559,909,361,142,219,548,441,107
E33040560,296,66,21,45,230,173,57
E33040561,265,92,22,70,173,115,58
E33040562,3906,608,114,494,3298,2936,362
E33040563,481,122,23,99,359,310,49
E33040564,987,155,32,123,832,699,133
E33040565,302,69,31,38,233,167,66
E33040566,1059,392,85,307,667,608,59
E33040567,3982,1316,312,1004,2666,2348,318
E33040568,462,128,41,87,334,264,70
E33040569,393,158,47,111,235,182,53
E33040570,338,67,17,50,271,233,38
E33040571,574,168,55,113,406,302,104
E33040572,267,68,42,26,199,143,56
E33040573,254,106,41,65,148,110,38
E33040574,361,111,34,77,250,177,73
E33040575,454,129,24,105,325,250,75
E33040576,1004,122,43,79,882,754,128
E33040577,363,124,36,88,239,185,54
E33040578,552,215,58,157,337,250,87
E33040579,720,119,30,89,601,528,73
E33040580,291,109,46,63,182,137,45
E33040581,635,102,26,76,533,476,57
E33040582,709,126,42,84,583,433,150
E33040583,317,124,44,80,193,160,33
E33040584,825,208,93,115,617,542,75
E33040585,619,157,51,106,462,334,128
E33040586,992,366,97,269,626,543,83
E33040587,499,140,46,94,359,262,97
E33040588,421,88,36,52,333,219,114
E33040589,374,117,47,70,257,189,68
E33040590,590,192,46,146,398,310,88
E33040591,378,148,49,99,230,190,40
E33040592,356,90,32,58,266,209,57
E33040593,320,148,63,85,172,132,40
E33040594,699,222,112,110,477,369,108
E33040595,752,119,40,79,633,504,129
E33040596,387,146,52,94,241,182,59
E33040597,461,149,57,92,312,231,81
E33040598,296,62,29,33,234,162,72
E33040599,283,91,28,63,192,141,51
E33040600,329,106,36,70,223,177,46
E33040601,843,241,85,156,602,458,144
E33040602,447,177,82,95,270,199,71
E33040603,692,169,42,127,523,425,98
E33040604,720,262,88,174,458,366,92
E33040605,307,127,44,83,180,139,41
E33040606,276,89,24,65,187,129,58
E33040607,321,124,42,82,197,141,56
E33040608,875,113,40,73,762,671,91
E33040609,402,108,42,66,294,221,73
E33040610,398,139,44,95,259,190,69
E33040611,449,155,50,105,294,242,52
E33040612,282,73,26,47,209,142,67
E33040613,274,103,28,75,171,132,39
E33040614,277,105,26,79,172,142,30
E33040615,444,165,51,114,279,225,54
E33040616,469,107,36,71,362,289,73
E33040617,289,104,31,73,185,139,46
E33040618,384,145,40,105,239,182,57
E33040619,444,145,61,84,299,237,62
E33040620,662,229,47,182,433,382,51
E33040621,534,203,82,121,331,254,77
E33040622,284,98,22,76,186,150,36
E33040623,267,67,19,48,200,158,42
E33040624,307,122,45,77,185,136,49
E33040625,310,113,49,64,197,148,49
E33040626,449,184,51,133,265,198,67
E33040627,769,414,128,286,355,290,65
E33040628,444,171,56,115,273,213,60
E33040629,554,264,106,158,290,241,49
E33040630,279,130,49,81,149,123,26
E33040631,347,140,43,97,207,166,41
E33040632,310,125,61,64,185,140,45
E33040633,241,103,34,69,138,105,33
E33040634,334,112,48,64,222,160,62
E33040635,354,148,57,91,206,158,48
E33040636,430,159,67,92,271,212,59
E33040637,503,121,44,77,382,337,45
E33040638,961,355,133,222,606,476,130
E33040639,420,135,57,78,285,201,84
E33040640,675,292,116,176,383,285,98
E33040641,484,188,50,138,296,231,65
E33040642,354,149,58,91,205,153,52
E33040643,349,153,56,97,196,154,42
E33040644,318,118,46,72,200,163,37
E33040645,304,118,48,70,186,131,55
E33040646,828,348,125,223,480,391,89
E33040647,346,146,57,89,200,150,50
E33040648,318,120,41,79,198,165,33
E33040649,451,101,39,62,350,319,31
E33040650,370,159,49,110,211,161,50
E33040651,373,149,48,101,224,179,45
E33040652,362,175,55,120,187,162,25
E33040653,396,183,51,132,213,176,37
E33040654,525,104,27,77,421,359,62
E33040655,509,137,47,90,372,312,60
E33040656,292,129,49,80,163,146,17
E33040657,298,114,40,74,184,148,36
E33040658,294,167,67,100,127,94,33
E33040659,577,160,62,98,417,366,51
E33040660,292,111,35,76,181,160,21
E33040661,313,131,51,80,182,144,38
E33040662,536,192,64,128,344,288,56
E33040663,324,137,36,101,187,156,31
E33040664,442,157,67,90,285,224,61
E33040665,347,139,53,86,208,147,61
E33040666,573,169,51,118,404,336,68
E33040667,436,166,54,112,270,220,50
E33040668,260,123,21,102,137,108,29
E33040669,295,89,30,59,206,154,52
E33040670,288,100,37,63,188,151,37
E33040671,481,184,54,130,297,245,52
E33040672,285,136,49,87,149,111,38
E33040673,647,369,137,232,278,250,28
E33040674,421,146,37,109,275,234,41
E33040675,332,109,31,78,223,182,41
E33040676,679,255,77,178,424,340,84
E33040677,589,173,51,122,416,345,71
E33040678,724,273,89,184,451,391,60
E33040679,326,101,43,58,225,176,49
E33040680,269,83,29,54,186,148,38
E33040681,244,97,40,57,147,116,31
E33040682,302,68,26,42,234,205,29
E33040683,364,169,61,108,195,149,46
E33040684,324,111,29,82,213,161,52
E33040685,302,135,64,71,167,130,37
E33040686,708,345,158,187,363,319,44
E33040687,351,153,58,95,198,161,37
E33040688,259,102,51,51,157,129,28
E33040689,268,113,48,65,155,122,33
E33040690,455,171,57,114,284,228,56
E33040691,694,186,58,128,508,426,82
E33040692,359,117,41,76,242,192,50
E33040693,303,102,36,66,201,158,43
E33040694,322,118,38,80,204,165,39
E33040695,347,121,42,79,226,181,45
E33040696,315,94,28,66,221,182,39
E33040697,299,113,44,69,186,146,40
E33040698,309,120,33,87,189,148,41
E33040699,583,177,47,130,406,324,82
E33040700,730,321,101,220,409,331,78
E33040701,462,190,65,125,272,234,38
E33040702,322,145,49,96,177,134,43
E33040703,467,193,77,116,274,215,59
E33040704,324,154,41,113,170,125,45
E33040705,283,103,34,69,180,151,29
E33040706,307,83,24,59,224,181,43
E33040707,515,144,51,93,371,301,70
E33040708,284,105,36,69,179,152,27
E33040709,297,110,29,81,187,154,33
E33040710,293,91,26,65,202,165,37
E33040711,485,123,29,94,362,291,71
E33040712,340,44,17,27,296,270,26
E33040713,410,142,38,104,268,211,57
E33040714,583,180,56,124,403,353,50
E33040715,352,130,41,89,222,178,44
E33040716,334,118,36,82,216,174,42
E33040717,283,116,37,79,167,137,30
E33040718,258,70,22,48,188,157,31
E33040719,291,88,24,64,203,164,39
E33040720,363,141,52,89,222,178,44
E33040721,299,117,40,77,182,144,38
E33040722,374,85,25,60,289,238,51
E33040723,453,129,34,95,324,254,70
E33040724,250,68,20,48,182,148,34
E33040725,469,199,59,140,270,227,43
E33040726,624,105,26,79,519,387,132
E33040727,249,49,17,32,200,162,38
E33040728,361,115,35,80,246,201,45
E33040729,295,100,38,62,195,152,43
E33040730,392,166,70,96,226,166,60
E33040731,406,160,57,103,246,196,50
E33040732,545,231,78,153,314,251,63
E33040733,279,95,24,71,184,152,32
E33040734,259,103,40,63,156,126,30
E33040735,545,227,63,164,318,252,66
E33040736,397,159,56,103,238,197,41
E33040737,381,156,49,107,225,169,56
E33040738,322,106,29,77,216,163,53
E33040739,253,69,13,56,184,139,45
E33040740,400,71,18,53,329,254,75
E33040741,299,123,31,92,176,149,27
E33040742,491,209,71,138,282,218,64
E33040743,255,60,20,40,195,151,44
E33040744,296,133,36,97,163,122,41
E33040745,524,196,59,137,328,263,65
E33040746,554,220,47,173,334,283,51
E33040747,339,159,58,101,180,145,35
E33040748,423,167,49,118,256,216,40
E33040749,295,106,30,76,189,163,26
E33040750,311,133,46,87,178,144,34
E33040751,258,101,22,79,157,113,44
E33040752,697,225,81,144,472,395,77
E33040753,412,135,35,100,277,203,74
E33040754,541,164,45,119,377,291,86
E33040755,521,154,29,125,367,345,22
E33040756,465,177,60,117,288,233,55
E33040757,476,199,64,135,277,232,45
E33040758,316,119,47,72,197,155,42
E33040759,902,141,35,106,761,676,85
E33040760,955,139,34,105,816,750,66
E33040761,336,101,27,74,235,206,29
E33040762,806,205,60,145,601,506,95
E33040763,281,99,35,64,182,146,36
E33040764,285,84,30,54,201,151,50
E33040765,636,81,30,51,555,491,64
E33040766,530,265,114,151,265,218,47
E33040767,441,158,61,97,283,220,63
E33040768,548,107,31,76,441,410,31
E33040769,906,310,126,184,596,542,54
E33040770,1176,367,57,310,809,764,45
E33040771,256,87,27,60,169,141,28
E33040772,252,91,21,70,161,147,14
E33040773,426,197,68,129,229,185,44
E33040774,331,126,40,86,205,160,45
E33040775,392,186,66,120,206,173,33
E33040776,532,198,68,130,334,289,45
E33040777,337,106,32,74,231,189,42
E33040778,263,93,33,60,170,125,45
E33040779,524,138,42,96,386,310,76
E33040780,347,116,46,70,231,175,56
E33040781,370,106,46,60,264,215,49
E33040782,305,111,41,70,194,154,40
E33040783,286,86,31,55,200,148,52
E33040784,300,87,24,63,213,163,50
E33040785,266,96,34,62,170,123,47
E33040786,448,123,32,91,325,279,46
E33040787,488,122,43,79,366,282,84
E33040788,250,82,21,61,168,123,45
E33040789,248,92,29,63,156,141,15
E33040790,366,151,63,88,215,161,54
E33040791,361,110,33,77,251,217,34
E33040792,288,116,39,77,172,131,41
E33040793,276,122,28,94,154,128,26
E33040794,287,113,42,71,174,127,47
E33040795,489,205,42,163,284,243,41
E33040796,623,158,47,111,465,368,97
E33040797,347,125,53,72,222,161,61
E33040798,333,111,35,76,222,176,46
E33040799,394,142,56,86,252,201,51
E33040800,323,115,37,78,208,163,45
E33040801,402,130,46,84,272,225,47
E33040802,250,79,19,60,171,118,53
E33040803,645,171,50,121,474,323,151
E33040804,280,106,46,60,174,126,48
E33040805,382,156,57,99,226,189,37
E33040806,296,114,33,81,182,140,42
E33040807,415,126,29,97,289,256,33
E33040808,796,241,94,147,555,476,79
E33040809,364,120,52,68,244,200,44
E33040810,580,287,109,178,293,220,73
E33040811,424,151,61,90,273,194,79
E33040812,391,154,62,92,237,169,68
E33040813,381,157,53,104,224,185,39
E33040814,269,126,55,71,143,99,44
E33040815,250,85,25,60,165,129,36
E33040816,295,114,44,70,181,136,45
E33040817,553,95,19,76,458,398,60
E33040818,336,101,20,81,235,192,43
E33040819,491,91,23,68,400,339,61
E33040820,386,110,46,64,276,195,81
E33040821,908,244,85,159,664,554,110
E33040822,716,229,48,181,487,454,33
E33040823,693,319,94,225,374,301,73
E33040824,279,83,25,58,196,159,37
E33040825,392,141,49,92,251,199,52
E33040826,344,121,50,71,223,155,68
E33040827,633,108,24,84,525,447,78
E33040828,420,156,38,118,264,211,53
E33040829,305,74,34,40,231,176,55
E33040830,822,173,36,137,649,570,79
E33040831,428,72,19,53,356,253,103
E33040832,395,144,30,114,251,225,26
E33040833,416,158,65,93,258,211,47
E33040834,383,134,52,82,249,190,59
E33040835,371,117,27,90,254,189,65
E33040836,610,83,18,65,527,436,91
E33040837,467,217,62,155,250,182,68
E33040838,300,136,30,106,164,117,47
E33040839,358,81,14,67,277,213,64
E33040840,314,61,14,47,253,192,61
E33040841,240,104,32,72,136,106,30
E33040842,311,149,53,96,162,118,44
E33040843,2619,152,45,107,2467,2310,157
E33040844,190,13,7,6,177,115,62
E33040845,555,210,104,106,345,286,59
E33040846,427,133,51,82,294,250,44
E33040847,1454,94,36,58,1360,1243,117
E33040848,570,121,31,90,449,398,51
E33040849,319,146,69,77,173,136,37
E33040850,315,153,58,95,162,121,41
E33040851,393,78,28,50,315,263,52
E33040852,338,86,26,60,252,157,95
E33040853,349,101,37,64,248,201,47
E33040854,385,102,27,75,283,208,75
E33040855,281,93,37,56,188,146,42
E33040856,265,140,67,73,125,102,23
E33040857,313,86,34,52,227,161,66
E33040858,318,99,30,69,219,159,60
E33040859,362,121,36,85,241,185,56
E33040860,753,220,56,164,533,503,30
E33040861,362,115,33,82,247,209,38
E33040862,283,100,36,64,183,145,38
E33040863,387,165,59,106,222,187,35
E33040864,343,91,29,62,252,202,50
E33040865,368,131,44,87,237,162,75
E33040866,335,81,28,53,254,201,53
E33040867,314,113,46,67,201,135,66
E33040868,556,215,87,128,341,269,72
E33040869,410,156,55,101,254,194,60
E33040870,1784,629,139,490,1155,1005,150
E33040871,475,127,33,94,348,293,55
E33040872,240,38,9,29,202,148,54
E33040873,546,210,48,162,336,276,60
E33040874,346,119,40,79,227,191,36
E33040875,375,129,39,90,246,172,74
E33040876,462,71,27,44,391,318,73
E33040877,548,201,88,113,347,275,72
E33040878,345,110,39,71,235,179,56
E33040879,566,185,56,129,381,331,50
E33040880,393,144,65,79,249,197,52
E33040881,407,166,52,114,241,175,66
E33040882,337,117,46,71,220,167,53
E33040883,271,159,47,112,112,98,14
E33040884,246,104,39,65,142,121,21
E33040885,399,72,30,42,327,290,37
E33040886,231,81,25,56,150,126,24
E33040887,524,78,25,53,446,366,80
E33040888,375,161,45,116,214,147,67
E33040889,471,156,55,101,315,266,49
E33040890,416,156,59,97,260,234,26
E33040891,381,156,43,113,225,197,28
E33040892,845,413,143,270,432,354,78
E33040893,330,116,32,84,214,183,31
E33040894,1748,104,35,69,1644,1448,196
E33040895,637,333,134,199,304,274,30
E33040896,2338,266,84,182,2072,1638,434
E33040897,456,145,51,94,311,251,60
E33040898,406,149,54,95,257,179,78
E33040899,1860,590,118,472,1270,1189,81
E33040900,357,152,54,98,205,163,42
E33040901,291,120,49,71,171,130,41
E33040902,1210,382,158,224,828,707,121
E33040903,328,159,79,80,169,126,43
E33040904,473,131,38,93,342,288,54
E33040905,297,97,42,55,200,159,41
E33040906,412,220,79,141,192,149,43
E33040907,251,104,32,72,147,109,38
E33040908,284,112,39,73,172,134,38
E33040909,524,202,98,104,322,240,82
E33040910,281,103,32,71,178,148,30
E33040911,430,192,81,111,238,183,55
E33040912,300,133,45,88,167,114,53
E33040913,524,260,101,159,264,218,46
E33040914,359,131,57,74,228,174,54
E33040915,313,109,30,79,204,163,41
E33040916,314,109,27,82,205,158,47
E33040917,267,113,27,86,154,113,41
E33040918,407,152,55,97,255,195,60
E33040919,294,88,30,58,206,148,58
E33040920,376,175,69,106,201,153,48
E33040921,655,317,158,159,338,280,58
E33040922,396,130,30,100,266,210,56
E33040923,300,105,51,54,195,135,60
E33040924,374,104,42,62,270,212,58
E33040925,439,166,65,101,273,195,78
E33040926,556,186,62,124,370,274,96
E33040927,341,136,63,73,205,150,55
E33040928,792,198,87,111,594,495,99
E33040929,809,294,107,187,515,350,165
E33040930,428,181,91,90,247,179,68
E33040931,287,125,57,68,162,130,32
E33040932,248,91,34,57,157,125,32
E33040933,481,173,59,114,308,249,59
E33040934,477,236,56,180,241,191,50
E33040935,402,156,53,103,246,188,58
E33040936,270,124,47,77,146,100,46
E33040937,511,208,74,134,303,230,73
E33040938,467,206,77,129,261,197,64
E33040939,339,178,104,74,161,121,40
E33040940,386,126,63,63,260,197,63
E33040941,581,202,72,130,379,289,90
E33040942,1202,526,132,394,676,586,90
E33040943,272,112,39,73,160,130,30
E33040944,292,110,34,76,182,152,30
E33040945,322,142,73,69,180,143,37
E33040946,1199,537,166,371,662,508,154
E33040947,369,169,70,99,200,142,58
E33040948,386,125,45,80,261,222,39
E33040949,278,107,41,66,171,151,20
E33040950,301,137,52,85,164,122,42
E33040951,475,88,28,60,387,317,70
E33040952,301,110,33,77,191,162,29
E33040953,326,119,54,65,207,177,30
E33040954,262,107,35,72,155,134,21
E33040955,321,132,49,83,189,168,21
E33040956,507,97,26,71,410,360,50
E33040957,333,121,42,79,212,161,51
E33040958,351,103,33,70,248,176,72
E33040959,705,269,91,178,436,304,132
E33040960,4642,1380,712,668,3262,2582,680
E33040961,314,118,50,68,196,160,36
E33040962,312,126,65,61,186,143,43
E33040963,394,125,39,86,269,203,66
E33040964,316,83,28,55,233,188,45
E33040965,620,236,70,166,384,319,65
E33040966,564,255,85,170,309,240,69
E33040967,322,150,62,88,172,117,55
E33040968,279,93,33,60,186,136,50
E33040969,225,92,47,45,133,106,27
E33040970,437,157,67,90,280,213,67
E33040971,362,150,38,112,212,161,51
E33040972,372,108,44,64,264,180,84
E33040973,832,181,88,93,651,526,125
E33040974,454,179,45,134,275,222,53
E33040975,467,229,76,153,238,168,70
E33040976,419,177,75,102,242,206,36
E33040977,330,146,69,77,184,147,37
E33040978,282,97,47,50,185,141,44
E33040979,405,139,54,85,266,208,58
E33040980,638,152,44,108,486,367,119
E33040981,327,96,28,68,231,192,39
E33040982,524,187,56,131,337,256,81
E33040983,270,85,30,55,185,146,39
E33040984,787,409,170,239,378,323,55
E33040985,416,121,38,83,295,244,51
E33040986,420,95,28,67,325,255,70
E33040987,822,294,46,248,528,488,40
E33040988,361,171,50,121,190,157,33
E33040989,307,136,52,84,171,129,42
E33040990,465,200,71,129,265,197,68
E33040991,545,242,87,155,303,257,46
E33040992,334,141,43,98,193,154,39
E33040993,263,99,44,55,164,130,34
E33040994,358,140,56,84,218,184,34
E33040995,480,127,46,81,353,288,65
E33040996,430,227,131,96,203,180,23
E33040997,690,230,94,136,460,367,93
E33040998,903,311,107,204,592,439,153
E33040999,310,129,34,95,181,140,41
E33041000,233,89,35,54,144,106,38
E33041001,739,219,48,171,520,412,108
E33041002,381,146,65,81,235,179,56
E33041003,318,119,41,78,199,152,47
E33041004,270,74,22,52,196,168,28
E33041005,327,122,37,85,205,170,35
E33041006,453,162,71,91,291,234,57
E33041007,401,106,39,67,295,234,61
E33041008,402,109,27,82,293,222,71
E33041009,306,89,33,56,217,177,40
E33041010,271,120,38,82,151,120,31
E33041011,340,97,30,67,243,191,52
E33041012,749,188,38,150,561,497,64
E33041013,459,152,60,92,307,227,80
E33041014,583,137,60,77,446,378,68
E33041015,1116,364,94,270,752,691,61
E33041016,391,94,32,62,297,239,58
E33041017,265,154,58,96,111,82,29
E33041018,738,175,34,141,563,531,32
E33041019,342,105,46,59,237,186,51
E33041020,441,137,51,86,304,250,54
E33041021,366,180,66,114,186,168,18
E33041022,284,130,65,65,154,130,24
E33041023,354,157,65,92,197,148,49
E33041024,375,125,43,82,250,176,74
E33041025,393,103,42,61,290,205,85
E33041026,332,155,53,102,177,130,47
E33041027,398,183,64,119,215,160,55
E33041028,438,186,56,130,252,209,43
E33041029,345,141,44,97,204,151,53
E33041030,548,185,65,120,363,290,73
E33041031,471,149,48,101,322,222,100
E33041032,440,121,44,77,319,243,76
E33041033,292,119,33,86,173,134,39
E33041034,387,143,43,100,244,182,62
E33041035,329,77,18,59,252,219,33
E33041036,907,221,64,157,686,516,170
E33041037,503,123,45,78,380,290,90
E33041038,365,142,50,92,223,153,70
E33041039,640,291,147,144,349,302,47
E33041040,861,104,44,60,757,589,168
E33041041,421,135,32,103,286,256,30
E33041042,960,102,38,64,858,700,158
E33041043,1000,192,58,134,808,679,129
E33041044,277,111,57,54,166,113,53
E33041045,499,113,40,73,386,332,54
E33041046,567,104,34,70,463,391,72
E33041047,478,145,35,110,333,300,33
E33041048,408,167,64,103,241,174,67
E33041049,300,65,29,36,235,184,51
E33041050,589,111,25,86,478,437,41
E33041051,397,115,39,76,282,241,41
E33041052,316,78,37,41,238,191,47
E33041053,642,157,50,107,485,386,99
E33041054,288,60,23,37,228,187,41
E33041055,376,118,42,76,258,183,75
E33041056,286,116,32,84,170,130,40
E33041057,519,194,79,115,325,255,70
E33041058,330,109,30,79,221,156,65
E33041059,354,170,45,125,184,139,45
E33041060,426,152,45,107,274,222,52
E33041061,336,134,50,84,202,149,53
E33041062,452,205,62,143,247,207,40
E33041063,462,163,61,102,299,237,62
E33041064,291,117,34,83,174,140,34
E33041065,375,65,23,42,310,263,47
E33041066,276,103,31,72,173,154,19
E33041067,502,154,33,121,348,296,52
E33041068,273,105,30,75,168,116,52
E33041069,299,118,48,70,181,126,55
E33041070,364,133,51,82,231,185,46
E33041071,283,118,44,74,165,125,40
E33041072,285,126,42,84,159,131,28
E33041073,313,128,43,85,185,139,46
E33041074,526,247,110,137,279,211,68
E33041075,530,175,41,134,355,307,48
E33041076,274,135,34,101,139,109,30
E33041077,472,149,42,107,323,268,55
E33041078,259,89,29,60,170,144,26
E33041079,319,104,27,77,215,177,38
E33041080,244,106,27,79,138,112,26
E33041081,344,101,29,72,243,205,38
E33041082,229,93,27,66,136,108,28
E33041083,465,231,70,161,234,200,34
E33041084,305,96,25,71,209,161,48
E33041085,251,90,39,51,161,130,31
E33041086,293,131,47,84,162,124,38
E33041087,296,74,22,52,222,193,29
E33041088,545,243,92,151,302,237,65
E33041089,331,140,48,92,191,148,43
E33041090,365,127,31,96,238,209,29
E33041091,282,131,25,106,151,112,39
E33041092,281,94,35,59,187,149,38
E33041093,308,131,50,81,177,127,50
E33041094,312,72,20,52,240,209,31
E33041095,270,113,33,80,157,131,26
E33041096,553,111,35,76,442,400,42
E33041097,407,190,60,130,217,183,34
E33041098,359,128,31,97,231,216,15
E33041099,726,303,95,208,423,364,59
E33041100,337,133,45,88,204,187,17
E33041101,404,199,58,141,205,176,29
E33041102,419,72,13,59,347,305,42
E33041103,364,112,29,83,252,229,23
E33041104,3367,1163,204,959,2204,2004,200
E33041105,904,208,50,158,696,639,57
E33041106,294,115,41,74,179,156,23
E33041107,454,214,55,159,240,211,29
E33041108,396,153,45,108,243,207,36
E33041109,343,136,48,88,207,159,48
E33041110,374,141,50,91,233,179,54
E33041111,248,112,48,64,136,104,32
E33041112,489,216,88,128,273,204,69
E33041113,331,99,40,59,232,181,51
E33041114,272,54,24,30,218,177,41
E33041115,243,108,31,77,135,116,19
E33041116,300,120,34,86,180,156,24
E33041117,449,145,50,95,304,242,62
E33041118,621,234,86,148,387,307,80
E33041119,556,249,83,166,307,279,28
E33041120,280,123,41,82,157,129,28
E33041121,421,88,30,58,333,280,53
E33041122,503,104,29,75,399,332,67
E33041123,465,182,50,132,283,242,41
E33041124,371,183,58,125,188,151,37
E33041125,484,239,76,163,245,205,40
E33041126,322,150,58,92,172,134,38
E33041127,246,112,28,84,134,106,28
E33041128,283,114,38,76,169,136,33
E33041129,552,231,77,154,321,260,61
E33041130,301,125,49,76,176,120,56
E33041131,271,97,29,68,174,131,43
E33041132,441,169,44,125,272,223,49
E33041133,391,142,42,100,249,179,70
E33041134,337,150,53,97,187,164,23
E33041135,521,148,50,98,373,300,73
E33041136,513,236,78,158,277,219,58
E33041137,602,230,67,163,372,291,81
E33041138,623,293,89,204,330,235,95
E33041139,383,183,71,112,200,153,47
E33041140,481,208,53,155,273,227,46
E33041141,299,119,46,73,180,131,49
E33041142,641,229,60,169,412,342,70
E33041143,558,191,59,132,367,277,90
E33041144,281,108,45,63,173,131,42
E33041145,312,130,52,78,182,136,46
E33041146,320,144,37,107,176,139,37
E33041147,394,146,40,106,248,186,62
E33041148,262,118,40,78,144,114,30
E33041149,316,136,41,95,180,128,52
E33041150,338,133,46,87,205,146,59
E33041151,331,137,35,102,194,154,40
E33041152,421,174,44,130,247,169,78
E33041153,607,237,92,145,370,273,97
E33041154,420,171,73,98,249,178,71
E33041155,399,169,73,96,230,155,75
E33041156,286,118,51,67,168,123,45
E33041157,537,233,67,166,304,240,64
E33041158,237,81,36,45,156,106,50
E33041159,304,139,59,80,165,114,51
E33041160,327,139,42,97,188,142,46
E33041161,366,145,48,97,221,177,44
E33041162,255,70,29,41,185,117,68
E33041163,355,117,44,73,238,185,53
E33041164,583,95,44,51,488,384,104
E33041165,736,254,87,167,482,298,184
E33041166,569,102,33,69,467,340,127
E33041167,262,76,37,39,186,129,57
E33041168,335,110,34,76,225,178,47
E33041169,419,146,66,80,273,201,72
E33041170,521,201,87,114,320,220,100
E33041171,650,223,79,144,427,346,81
E33041172,295,89,26,63,206,158,48
E33041173,266,79,30,49,187,122,65
E33041174,635,192,93,99,443,273,170
E33041175,285,103,47,56,182,126,56
E33041176,444,124,50,74,320,200,120
E33041177,551,102,37,65,449,315,134
E33041178,386,143,61,82,243,167,76
E33041179,361,89,31,58,272,159,113
E33041180,289,84,30,54,205,121,84
E33041181,614,304,169,135,310,249,61
E33041182,375,148,63,85,227,168,59
E33041183,396,136,59,77,260,181,79
E33041184,380,62,24,38,318,158,160
E33041185,261,79,41,38,182,124,58
E33041186,294,136,51,85,158,111,47
E33041187,352,127,48,79,225,164,61
E33041188,327,114,39,75,213,143,70
E33041189,280,106,52,54,174,116,58
E33041190,264,107,46,61,157,104,53
E33041191,393,135,60,75,258,183,75
E33041192,396,93,35,58,303,231,72
E33041193,366,114,61,53,252,160,92
E33041194,564,208,108,100,356,192,164
E33041195,507,172,67,105,335,256,79
E33041196,248,90,35,55,158,95,63
E33041197,630,250,77,173,380,283,97
E33041198,241,83,37,46,158,115,43
E33041199,462,131,56,75,331,216,115
E33041200,273,87,28,59,186,151,35
E33041201,303,87,25,62,216,157,59
E33041202,304,99,39,60,205,149,56
E33041203,469,116,48,68,353,271,82
E33041204,415,141,54,87,274,213,61
E33041205,331,101,37,64,230,162,68
E33041206,344,110,45,65,234,159,75
E33041207,368,119,48,71,249,179,70
E33041208,357,117,47,70,240,160,80
E33041209,372,165,66,99,207,129,78
E33041210,487,123,54,69,364,249,115
E33041211,410,130,61,69,280,188,92
E33041212,261,88,36,52,173,120,53
E33041213,295,134,59,75,161,122,39
E33041214,320,95,30,65,225,146,79
E33041215,379,92,35,57,287,208,79
E33041216,261,107,41,66,154,109,45
E33041217,713,96,35,61,617,432,185
E33041218,428,123,53,70,305,200,105
E33041219,643,169,85,84,474,394,80
E33041220,350,108,41,67,242,196,46
E33041221,549,198,76,122,351,264,87
E33041222,632,236,65,171,396,299,97
E33041223,416,136,38,98,280,203,77
E33041224,704,281,58,223,423,379,44
E33041225,625,231,85,146,394,301,93
E33041226,690,209,61,148,481,406,75
E33041227,720,237,105,132,483,415,68
E33041228,471,186,59,127,285,223,62
E33041229,571,162,49,113,409,346,63
E33041230,506,219,98,121,287,228,59
E33041231,393,79,18,61,314,289,25
E33041232,251,82,28,54,169,144,25
E33041233,915,184,27,157,731,660,71
E33041234,565,114,29,85,451,374,77
E33041235,351,134,46,88,217,172,45
E33041236,605,208,76,132,397,308,89
E33041237,822,144,43,101,678,568,110
E33041238,313,76,29,47,237,179,58
E33041239,290,97,22,75,193,157,36
E33041240,269,103,40,63,166,136,30
E33041241,440,183,79,104,257,199,58
E33041242,311,112,44,68,199,136,63
E33041243,419,182,80,102,237,174,63
E33041244,356,128,40,88,228,159,69
E33041245,723,263,61,202,460,364,96
E33041246,337,91,34,57,246,186,60
E33041247,404,141,45,96,263,200,63
E33041248,371,96,39,57,275,211,64
E33041249,3533,1141,266,875,2392,2118,274
E33041250,296,95,25,70,201,163,38
E33041251,242,88,25,63,154,117,37
E33041252,606,194,55,139,412,321,91
E33041253,430,169,62,107,261,191,70
E33041254,265,82,22,60,183,142,41
E33041255,351,144,61,83,207,153,54
E33041256,708,143,50,93,565,457,108
E33041257,289,117,39,78,172,126,46
E33041258,617,123,45,78,494,381,113
E33041259,253,98,40,58,155,109,46
E33041260,293,115,50,65,178,124,54
E33041261,237,75,28,47,162,130,32
E33041262,250,90,30,60,160,129,31
E33041263,1053,147,61,86,906,767,139
E33041264,347,116,51,65,231,150,81
E33041265,673,190,63,127,483,340,143
E33041266,365,167,58,109,198,141,57
E33041267,260,85,35,50,175,122,53
E33041268,388,164,61,103,224,164,60
E33041269,581,179,76,103,402,297,105
E33041270,275,108,52,56,167,122,45
E33041271,249,89,47,42,160,112,48
E33041272,325,79,23,56,246,189,57
E33041273,246,87,36,51,159,105,54
E33041274,374,150,56,94,224,178,46
E33041275,286,84,31,53,202,153,49
E33041276,282,73,28,45,209,156,53
E33041277,545,261,87,174,284,237,47
E33041278,612,256,106,150,356,274,82
E33041279,435,179,56,123,256,190,66
E33041280,413,155,81,74,258,168,90
E33041281,309,115,59,56,194,130,64
E33041282,338,114,55,59,224,159,65
E33041283,355,124,58,66,231,157,74
E33041284,310,118,57,61,192,126,66
E33041285,359,166,68,98,193,136,57
E33041286,521,206,102,104,315,233,82
E33041287,299,75,27,48,224,176,48
E33041288,397,125,43,82,272,200,72
E33041289,415,193,81,112,222,167,55
E33041290,301,64,32,32,237,190,47
E33041291,672,178,68,110,494,384,110
E33041292,289,112,45,67,177,141,36
E33041293,285,109,52,57,176,125,51
E33041294,440,184,93,91,256,185,71
E33041295,254,84,37,47,170,133,37
E33041296,241,92,30,62,149,126,23
E33041297,457,153,50,103,304,233,71
E33041298,455,124,39,85,331,256,75
E33041299,319,108,47,61,211,174,37
E33041300,308,125,50,75,183,146,37
E33041301,292,93,38,55,199,158,41
E33041302,431,110,40,70,321,219,102
E33041303,355,122,51,71,233,149,84
E33041304,386,179,69,110,207,158,49
E33041305,391,172,64,108,219,158,61
E33041306,331,112,55,57,219,166,53
E33041307,283,120,52,68,163,119,44
E33041308,287,126,60,66,161,104,57
E33041309,422,181,99,82,241,187,54
E33041310,257,131,63,68,126,88,38
E33041311,371,164,65,99,207,150,57
E33041312,336,124,42,82,212,167,45
E33041313,272,122,51,71,150,96,54
E33041314,265,88,49,39,177,140,37
E33041315,223,98,54,44,125,92,33
E33041316,249,108,50,58,141,97,44
E33041317,258,112,45,67,146,113,33
E33041318,296,130,55,75,166,119,47
E33041319,491,177,67,110,314,253,61
E33041320,1103,435,96,339,668,592,76
E33041321,428,85,38,47,343,287,56
E33041322,610,166,83,83,444,305,139
E33041323,315,133,68,65,182,139,43
E33041324,325,139,52,87,186,136,50
E33041325,523,98,31,67,425,357,68
E33041326,365,81,41,40,284,217,67
E33041327,256,117,50,67,139,99,40
E33041328,334,123,55,68,211,134,77
E33041329,327,124,53,71,203,169,34
E33041330,597,118,44,74,479,376,103
E33041331,514,206,97,109,308,224,84
E33041332,458,164,71,93,294,219,75
E33041333,570,223,82,141,347,264,83
E33041334,494,114,46,68,380,321,59
E33041335,286,72,35,37,214,143,71
E33041336,300,117,54,63,183,143,40
E33041337,566,173,44,129,393,348,45
E33041338,299,112,42,70,187,135,52
E33041339,263,84,26,58,179,138,41
E33041340,316,87,38,49,229,174,55
E33041341,465,177,62,115,288,214,74
E33041342,633,132,52,80,501,390,111
E33041343,240,115,57,58,125,78,47
E33041344,622,287,86,201,335,233,102
E33041345,278,127,65,62,151,111,40
E33041346,506,114,42,72,392,298,94
E33041347,487,215,85,130,272,176,96
E33041348,264,119,44,75,145,96,49
E33041349,348,84,35,49,264,191,73
E33041350,639,115,39,76,524,431,93
E33041351,212,95,45,50,117,91,26
E33041352,314,114,48,66,200,135,65
E33041353,429,117,34,83,312,257,55
E33041354,312,103,45,58,209,139,70
E33041355,423,147,65,82,276,187,89
E33041356,228,43,22,21,185,142,43
E33041357,527,178,73,105,349,263,86
E33041358,511,200,87,113,311,220,91
E33041359,649,78,19,59,571,478,93
E33041360,286,78,30,48,208,161,47
E33041361,782,59,27,32,723,676,47
E33041362,333,103,46,57,230,178,52
E33041363,1447,139,45,94,1308,991,317
E33041364,363,119,39,80,244,185,59
E33041365,468,132,37,95,336,236,100
E33041366,250,92,37,55,158,116,42
E33041367,331,131,43,88,200,140,60
E33041368,224,81,43,38,143,102,41
E33041369,404,147,59,88,257,182,75
E33041370,497,203,76,127,294,191,103
E33041371,255,79,32,47,176,127,49
E33041372,331,116,45,71,215,149,66
E33041373,506,186,67,119,320,272,48
E33041374,409,104,38,66,305,242,63
E33041375,580,89,32,57,491,358,133
E33041376,515,142,58,84,373,297,76
E33041377,269,80,33,47,189,145,44
E33041378,519,134,60,74,385,300,85
E33041379,261,80,33,47,181,132,49
E33041380,690,259,105,154,431,370,61
E33041381,330,109,45,64,221,151,70
E33041382,467,170,75,95,297,221,76
E33041383,460,151,42,109,309,251,58
E33041384,661,152,55,97,509,376,133
E33041385,581,200,61,139,381,298,83
E33041386,419,103,42,61,316,226,90
E33041387,340,115,40,75,225,180,45
E33041388,303,101,37,64,202,149,53
E33041389,354,114,40,74,240,184,56
E33041390,278,82,36,46,196,132,64
E33041391,333,68,22,46,265,192,73
E33041392,448,130,47,83,318,238,80
E33041393,319,94,35,59,225,173,52
E33041394,429,137,50,87,292,232,60
E33041395,543,76,19,57,467,408,59
E33041396,325,159,68,91,166,138,28
E33041397,338,138,48,90,200,156,44
E33041398,322,121,58,63,201,161,40
E33041399,344,148,42,106,196,148,48
E33041400,265,118,50,68,147,108,39
E33041401,556,141,58,83,415,359,56
E33041402,256,109,49,60,147,101,46
E33041403,321,103,36,67,218,149,69
E33041404,251,83,34,49,168,110,58
E33041405,350,127,60,67,223,158,65
E33041406,463,152,70,82,311,223,88
E33041407,358,119,52,67,239,188,51
E33041408,293,106,52,54,187,131,56
E33041409,428,170,86,84,258,186,72
E33041410,355,122,57,65,233,186,47
E33041411,253,72,31,41,181,118,63
E33041412,650,220,81,139,430,302,128
E33041413,306,68,30,38,238,200,38
E33041414,235,93,42,51,142,84,58
E33041415,388,131,59,72,257,197,60
E33041416,237,77,38,39,160,127,33
E33041417,476,134,53,81,342,234,108
E33041418,489,190,82,108,299,245,54
E33041419,524,234,92,142,290,233,57
E33041420,385,127,64,63,258,194,64
E33041421,435,111,38,73,324,249,75
E33041422,423,159,71,88,264,202,62
E33041423,248,101,51,50,147,100,47
E33041424,269,102,47,55,167,101,66
E33041425,542,148,50,98,394,297,97
E33041426,2493,253,73,180,2240,1707,533
E33041427,463,163,72,91,300,226,74
E33041428,230,79,34,45,151,112,39
E33041429,282,110,49,61,172,112,60
E33041430,352,110,52,58,242,184,58
E33041431,431,174,64,110,257,204,53
E33041432,425,110,41,69,315,239,76
E33041433,477,172,48,124,305,255,50
E33041434,504,195,88,107,309,203,106
E33041435,472,123,45,78,349,280,69
E33041436,381,145,69,76,236,182,54
E33041437,520,185,82,103,335,265,70
E33041438,313,119,60,59,194,140,54
E33041439,457,176,66,110,281,203,78
E33041440,311,41,12,29,270,216,54
E33041441,644,154,70,84,490,422,68
E33041442,357,132,52,80,225,165,60
E33041443,633,235,74,161,398,290,108
E33041444,303,76,32,44,227,181,46
E33041445,389,125,42,83,264,216,48
E33041446,756,255,85,170,501,405,96
E33041447,341,133,48,85,208,177,31
E33041448,522,120,43,77,402,320,82
E33041449,313,93,27,66,220,185,35
E33041450,380,191,62,129,189,146,43
E33041451,370,82,23,59,288,241,47
E33041452,780,226,89,137,554,448,106
E33041453,267,71,20,51,196,161,35
E33041454,523,164,58,106,359,256,103
E33041455,449,146,53,93,303,253,50
E33041456,397,104,35,69,293,217,76
E33041457,285,115,39,76,170,118,52
E33041458,447,78,28,50,369,290,79
E33041459,496,161,56,105,335,250,85
E33041460,555,75,31,44,480,389,91
E33041461,309,77,22,55,232,170,62
E33041462,604,114,44,70,490,400,90
E33041463,248,68,25,43,180,133,47
E33041464,282,49,15,34,233,192,41
E33041465,328,63,29,34,265,206,59
E33041466,326,58,25,33,268,225,43
E33041467,336,74,24,50,262,211,51
E33041468,338,127,46,81,211,160,51
E33041469,283,100,44,56,183,140,43
E33041470,262,82,39,43,180,139,41
E33041471,606,246,90,156,360,293,67
E33041472,307,107,36,71,200,155,45
E33041473,258,114,52,62,144,105,39
E33041474,412,192,87,105,220,152,68
E33041475,308,112,37,75,196,147,49
E33041476,295,45,15,30,250,164,86
E33041477,293,52,19,33,241,180,61
E33041478,331,77,20,57,254,190,64
E33041479,609,108,25,83,501,381,120
E33041480,629,119,46,73,510,440,70
E33041481,725,166,52,114,559,484,75
E33041482,291,120,42,78,171,120,51
E33041483,299,54,20,34,245,194,51
E33041484,627,118,30,88,509,407,102
E33041485,307,120,46,74,187,123,64
E33041486,362,130,51,79,232,163,69
E33041487,413,118,51,67,295,223,72
E33041488,261,105,53,52,156,112,44
E33041489,325,107,34,73,218,176,42
E33041490,720,218,81,137,502,397,105
E33041491,270,83,29,54,187,144,43
E33041492,310,135,65,70,175,120,55
E33041493,421,130,39,91,291,240,51
E33041494,353,133,48,85,220,150,70
E33041495,521,128,29,99,393,299,94
E33041496,282,98,40,58,184,136,48
E33041497,542,197,96,101,345,282,63
E33041498,267,115,49,66,152,99,53
E33041499,305,94,45,49,211,131,80
E33041500,354,159,51,108,195,153,42
E33041501,692,214,93,121,478,359,119
E33041502,422,166,37,129,256,200,56
E33041503,579,119,50,69,460,373,87
E33041504,380,207,74,133,173,153,20
E33041505,295,128,35,93,167,133,34
E33041506,385,134,31,103,251,194,57
E33041507,566,246,66,180,320,256,64
E33041508,752,278,97,181,474,350,124
E33041509,363,112,54,58,251,181,70
E33041510,510,188,55,133,322,246,76
E33041511,604,210,53,157,394,313,81
E33041512,503,240,73,167,263,216,47
E33041513,358,117,43,74,241,186,55
E33041514,456,152,50,102,304,228,76
E33041515,327,139,45,94,188,141,47
E33041516,443,204,67,137,239,171,68
E33041517,380,146,60,86,234,182,52
E33041518,446,163,55,108,283,216,67
E33041519,307,103,37,66,204,159,45
E33041520,246,61,17,44,185,146,39
E33041521,356,127,32,95,229,177,52
E33041522,389,117,42,75,272,207,65
E33041523,443,138,46,92,305,231,74
E33041524,310,99,30,69,211,174,37
E33041525,475,175,50,125,300,241,59
E33041526,310,127,37,90,183,137,46
E33041527,322,127,40,87,195,166,29
E33041528,301,121,35,86,180,146,34
E33041529,293,108,44,64,185,140,45
E33041530,259,82,20,62,177,149,28
E33041531,349,147,56,91,202,159,43
E33041532,273,112,31,81,161,126,35
E33041533,391,118,26,92,273,247,26
E33041534,341,130,41,89,211,164,47
E33041535,392,139,45,94,253,189,64
E33041536,411,155,53,102,256,200,56
E33041537,285,83,24,59,202,149,53
E33041538,229,52,19,33,177,153,24
E33041539,478,236,93,143,242,187,55
E33041540,250,92,28,64,158,125,33
E33041541,242,94,40,54,148,125,23
E33041542,287,103,32,71,184,147,37
E33041543,683,249,81,168,434,328,106
E33041544,478,126,31,95,352,296,56
E33041545,444,174,43,131,270,211,59
E33041546,343,114,36,78,229,201,28
E33041547,405,115,31,84,290,249,41
E33041548,406,150,55,95,256,196,60
E33041549,408,162,61,101,246,166,80
E33041550,542,205,88,117,337,235,102
E33041551,275,119,50,69,156,122,34
E33041552,306,109,29,80,197,160,37
E33041553,230,92,41,51,138,113,25
E33041554,275,122,38,84,153,122,31
E33041555,345,166,77,89,179,141,38
E33041556,336,139,41,98,197,172,25
E33041557,363,152,40,112,211,168,43
E33041558,299,99,37,62,200,134,66
E33041559,645,202,41,161,443,390,53
E33041560,381,120,47,73,261,212,49
E33041561,474,170,65,105,304,225,79
E33041562,463,180,43,137,283,240,43
E33041563,265,128,55,73,137,95,42
E33041564,296,88,44,44,208,167,41
E33041565,593,221,56,165,372,307,65
E33041566,269,87,23,64,182,145,37
E33041567,304,130,42,88,174,136,38
E33041568,637,173,50,123,464,362,102
E33041569,264,88,20,68,176,144,32
E33041570,334,136,48,88,198,133,65
E33041571,314,110,45,65,204,165,39
E33041572,771,302,95,207,469,367,102
E33041573,316,130,30,100,186,146,40
E33041574,500,192,58,134,308,222,86
E33041575,1224,440,140,300,784,621,163
E33041576,353,160,49,111,193,152,41
E33041577,404,95,26,69,309,256,53
E33041578,400,165,50,115,235,177,58
E33041579,391,168,59,109,223,165,58
E33041580,285,68,13,55,217,175,42
E33041581,257,102,44,58,155,128,27
E33041582,241,99,39,60,142,99,43
E33041583,357,129,26,103,228,164,64
E33041584,464,209,60,149,255,180,75
E33041585,325,110,35,75,215,173,42
E33041586,519,211,72,139,308,211,97
E33041587,837,196,69,127,641,534,107
E33041588,528,179,36,143,349,315,34
E33041589,365,132,42,90,233,170,63
E33041590,433,158,51,107,275,211,64
E33041591,445,178,56,122,267,209,58
E33041592,249,84,26,58,165,143,22
E33041593,313,112,39,73,201,159,42
E33041594,348,155,62,93,193,155,38
E33041595,830,314,105,209,516,446,70
E33041596,290,128,48,80,162,136,26
E33041597,708,265,55,210,443,376,67
E33041598,492,130,30,100,362,329,33
E33041599,569,201,48,153,368,271,97
E33041600,470,173,54,119,297,214,83
E33041601,417,91,32,59,326,252,74
E33041602,388,164,50,114,224,190,34
E33041603,337,123,33,90,214,176,38
E33041604,283,92,43,49,191,138,53
E33041605,340,135,44,91,205,142,63
E33041606,369,144,38,106,225,188,37
E33041607,294,114,27,87,180,160,20
E33041608,278,122,50,72,156,118,38
E33041609,296,92,30,62,204,166,38
E33041610,780,267,62,205,513,456,57
E33041611,350,160,27,133,190,164,26
E33041612,238,88,23,65,150,125,25
E33041613,275,104,26,78,171,108,63
E33041614,806,357,118,239,449,354,95
E33041615,298,119,53,66,179,109,70
E33041616,266,81,40,41,185,126,59
E33041617,314,129,48,81,185,138,47
E33041618,269,105,42,63,164,118,46
E33041619,387,116,59,57,271,203,68
E33041620,351,103,30,73,248,180,68
E33041621,294,105,38,67,189,135,54
E33041622,258,108,46,62,150,95,55
E33041623,249,122,49,73,127,88,39
E33041624,434,142,63,79,292,216,76
E33041625,384,114,40,74,270,190,80
E33041626,318,142,63,79,176,115,61
E33041627,277,125,66,59,152,106,46
E33041628,368,121,50,71,247,176,71
E33041629,587,125,36,89,462,398,64
E33041630,354,144,55,89,210,164,46
E33041631,623,226,88,138,397,340,57
E33041632,368,143,47,96,225,190,35
E33041633,435,132,39,93,303,244,59
E33041634,609,159,42,117,450,383,67
E33041635,422,185,71,114,237,188,49
E33041636,375,131,53,78,244,208,36
E33041637,311,85,47,38,226,167,59
E33041638,304,73,25,48,231,167,64
E33041639,272,90,31,59,182,136,46
E33041640,300,114,38,76,186,135,51
E33041641,309,95,36,59,214,158,56
E33041642,238,102,56,46,136,97,39
E33041643,645,138,43,95,507,351,156
E33041644,254,103,36,67,151,122,29
E33041645,237,97,48,49,140,109,31
E33041646,654,263,81,182,391,341,50
E33041647,418,203,72,131,215,189,26
E33041648,843,323,136,187,520,362,158
E33041649,509,197,78,119,312,232,80
E33041650,284,79,28,51,205,159,46
E33041651,362,135,42,93,227,155,72
E33041652,500,201,60,141,299,227,72
E33041653,350,139,45,94,211,172,39
E33041654,273,95,42,53,178,136,42
E33041655,322,111,32,79,211,169,42
E33041656,452,213,76,137,239,186,53
E33041657,399,160,43,117,239,188,51
E33041658,338,94,24,70,244,188,56
E33041659,536,202,52,150,334,266,68
E33041660,420,136,47,89,284,208,76
E33041661,304,94,33,61,210,153,57
E33041662,342,111,31,80,231,176,55
E33041663,421,152,55,97,269,222,47
E33041664,329,139,52,87,190,148,42
E33041665,557,213,70,143,344,251,93
E33041666,352,135,67,68,217,163,54
E33041667,517,165,62,103,352,276,76
E33041668,614,246,88,158,368,280,88
E33041669,348,134,45,89,214,162,52
E33041670,273,105,55,50,168,124,44
E33041671,528,231,91,140,297,242,55
E33041672,263,122,36,86,141,104,37
E33041673,340,149,42,107,191,173,18
E33041674,293,132,43,89,161,132,29
E33041675,242,95,40,55,147,111,36
E33041676,438,128,42,86,310,216,94
E33041677,406,162,66,96,244,191,53
E33041678,264,85,38,47,179,122,57
E33041679,442,133,41,92,309,225,84
E33041680,392,134,57,77,258,168,90
E33041681,266,96,36,60,170,123,47
E33041682,380,130,42,88,250,171,79
E33041683,382,119,37,82,263,208,55
E33041684,445,177,66,111,268,185,83
E33041685,414,152,74,78,262,186,76
E33041686,352,105,41,64,247,182,65
E33041687,303,148,55,93,155,124,31
E33041688,296,79,30,49,217,160,57
E33041689,257,105,29,76,152,118,34
E33041690,379,142,58,84,237,164,73
E33041691,330,121,40,81,209,160,49
E33041692,536,130,42,88,406,316,90
E33041693,259,95,33,62,164,119,45
E33041694,226,73,35,38,153,106,47
E33041695,367,164,59,105,203,143,60
E33041696,304,120,45,75,184,121,63
E33041697,454,146,69,77,308,233,75
E33041698,341,114,54,60,227,166,61
E33041699,391,155,69,86,236,181,55
E33041700,272,113,40,73,159,115,44
E33041701,722,167,57,110,555,399,156
E33041702,411,140,46,94,271,203,68
E33041703,268,77,25,52,191,145,46
E33041704,401,159,41,118,242,161,81
E33041705,539,198,73,125,341,227,114
E33041706,463,181,71,110,282,198,84
E33041707,292,125,50,75,167,123,44
E33041708,421,94,34,60,327,267,60
E33041709,250,100,33,67,150,111,39
E33041710,254,72,23,49,182,130,52
E33041711,312,118,43,75,194,130,64
E33041712,424,157,54,103,267,182,85
E33041713,225,102,47,55,123,94,29
E33041714,296,123,50,73,173,116,57
E33041715,276,70,16,54,206,174,32
E33041716,360,106,39,67,254,194,60
E33041717,523,204,57,147,319,224,95
E33041718,226,77,23,54,149,124,25
E33041719,259,69,24,45,190,158,32
E33041720,348,118,34,84,230,169,61
E33041721,402,147,54,93,255,195,60
E33041722,271,101,34,67,170,130,40
E33041723,353,147,51,96,206,165,41
E33041724,334,129,40,89,205,150,55
E33041725,814,295,83,212,519,468,51
E33041726,373,104,38,66,269,212,57
E33041727,313,118,32,86,195,166,29
E33041728,278,129,35,94,149,119,30
E33041729,1006,514,207,307,492,430,62
E33041730,313,135,48,87,178,141,37
E33041731,290,118,48,70,172,122,50
E33041732,482,199,53,146,283,218,65
E33041733,327,122,45,77,205,145,60
E33041734,285,104,39,65,181,129,52
E33041735,395,113,43,70,282,189,93
E33041736,381,119,43,76,262,209,53
E33041737,1189,231,67,164,958,870,88
E33041738,285,81,32,49,204,172,32
E33041739,488,210,95,115,278,203,75
E33041740,372,147,50,97,225,171,54
E33041741,290,102,30,72,188,141,47
E33041742,380,142,44,98,238,182,56
E33041743,324,112,32,80,212,169,43
E33041744,434,197,81,116,237,195,42
E33041745,274,125,26,99,149,126,23
E33041746,268,119,40,79,149,123,26
E33041747,265,102,33,69,163,109,54
E33041748,744,167,47,120,577,437,140
E33041749,226,95,28,67,131,117,14
E33041750,395,132,56,76,263,202,61
E33041751,277,104,48,56,173,138,35
E33041752,258,103,49,54,155,96,59
E33041753,324,153,55,98,171,138,33
E33041754,381,125,39,86,256,159,97
E33041755,638,270,101,169,368,296,72
E33041756,354,107,50,57,247,172,75
E33041757,241,87,38,49,154,89,65
E33041758,390,220,113,107,170,147,23
E33041759,252,97,42,55,155,109,46
E33041760,297,135,64,71,162,103,59
E33041761,455,174,75,99,281,204,77
E33041762,457,165,59,106,292,242,50
E33041763,424,122,41,81,302,203,99
E33041764,455,183,69,114,272,197,75
E33041765,356,73,30,43,283,219,64
E33041766,292,111,49,62,181,129,52
E33041767,293,106,42,64,187,139,48
E33041768,470,156,64,92,314,265,49
E33041769,242,81,44,37,161,120,41
E33041770,282,78,32,46,204,151,53
E33041771,397,154,64,90,243,183,60
E33041772,300,112,52,60,188,147,41
E33041773,668,300,94,206,368,296,72
E33041774,241,83,24,59,158,109,49
E33041775,535,211,90,121,324,213,111
E33041776,558,214,89,125,344,270,74
E33041777,437,148,56,92,289,212,77
E33041778,328,128,64,64,200,129,71
E33041779,373,124,46,78,249,200,49
E33041780,374,149,53,96,225,169,56
E33041781,796,212,90,122,584,455,129
E33041782,829,250,87,163,579,431,148
E33041783,384,60,21,39,324,266,58
E33041784,248,106,39,67,142,107,35
E33041785,382,118,42,76,264,182,82
E33041786,369,100,42,58,269,222,47
E33041787,311,129,53,76,182,127,55
E33041788,390,144,55,89,246,159,87
E33041789,322,101,43,58,221,164,57
E33041790,294,99,43,56,195,148,47
E33041791,258,99,39,60,159,106,53
E33041792,357,135,59,76,222,146,76
E33041793,354,125,59,66,229,155,74
E33041794,238,54,24,30,184,145,39
E33041795,393,127,51,76,266,202,64
E33041796,308,112,58,54,196,153,43
E33041797,340,139,80,59,201,154,47
E33041798,410,186,85,101,224,150,74
E33041799,1378,421,178,243,957,749,208
E33041800,396,126,41,85,270,223,47
E33041801,537,207,68,139,330,239,91
E33041802,344,128,64,64,216,154,62
E33041803,365,157,55,102,208,173,35
E33041804,406,182,76,106,224,159,65
E33041805,316,113,47,66,203,148,55
E33041806,390,118,46,72,272,220,52
E33041807,557,152,60,92,405,333,72
E33041808,588,232,94,138,356,258,98
E33041809,488,163,59,104,325,230,95
E33041810,336,125,48,77,211,153,58
E33041811,261,83,37,46,178,118,60
E33041812,512,167,56,111,345,233,112
E33041813,378,105,43,62,273,208,65
E33041814,389,129,47,82,260,182,78
E33041815,519,219,76,143,300,260,40
E33041816,412,112,51,61,300,235,65
E33041817,395,127,46,81,268,213,55
E33041818,348,113,39,74,235,166,69
E33041819,594,195,72,123,399,286,113
E33041820,332,111,61,50,221,154,67
E33041821,572,183,57,126,389,289,100
E33041822,480,185,70,115,295,220,75
E33041823,325,124,60,64,201,114,87
E33041824,288,116,30,86,172,123,49
E33041825,336,130,49,81,206,141,65
E33041826,433,127,55,72,306,229,77
E33041827,299,99,43,56,200,119,81
E33041828,485,173,59,114,312,215,97
E33041829,278,117,44,73,161,118,43
E33041830,352,113,34,79,239,201,38
E33041831,350,121,35,86,229,190,39
E33041832,264,72,32,40,192,153,39
E33041833,342,81,20,61,261,207,54
E33041834,546,104,30,74,442,322,120
E33041835,482,187,51,136,295,234,61
E33041836,289,101,38,63,188,137,51
E33041837,296,102,26,76,194,147,47
E33041838,275,98,35,63,177,134,43
E33041839,280,143,41,102,137,111,26
E33041840,364,79,28,51,285,240,45
E33041841,493,186,94,92,307,233,74
E33041842,346,123,48,75,223,161,62
E33041843,291,102,46,56,189,139,50
E33041844,511,168,68,100,343,254,89
E33041845,665,189,61,128,476,405,71
E33041846,404,149,60,89,255,170,85
E33041847,300,141,66,75,159,106,53
E33041848,255,104,43,61,151,125,26
E33041849,442,89,32,57,353,282,71
E33041850,352,123,26,97,229,184,45
E33041851,359,168,59,109,191,159,32
E33041852,344,133,43,90,211,168,43
E33041853,304,125,57,68,179,124,55
E33041854,327,110,48,62,217,180,37
E33041855,263,109,36,73,154,107,47
E33041856,570,118,44,74,452,347,105
E33041857,263,101,38,63,162,103,59
E33041858,446,151,63,88,295,231,64
E33041859,354,121,46,75,233,163,70
E33041860,285,117,40,77,168,121,47
E33041861,402,186,83,103,216,173,43
E33041862,372,149,50,99,223,172,51
E33041863,288,118,60,58,170,122,48
E33041864,404,138,60,78,266,200,66
E33041865,546,92,36,56,454,352,102
E33041866,289,134,50,84,155,119,36
E33041867,324,136,59,77,188,147,41
E33041868,359,102,36,66,257,208,49
E33041869,306,96,37,59,210,164,46
E33041870,272,118,51,67,154,118,36
E33041871,338,105,47,58,233,149,84
E33041872,309,107,54,53,202,144,58
E33041873,372,105,44,61,267,177,90
E33041874,376,117,60,57,259,161,98
E33041875,270,74,33,41,196,126,70
E33041876,286,117,52,65,169,122,47
E33041877,393,127,59,68,266,178,88
E33041878,256,78,31,47,178,115,63
E33041879,324,112,47,65,212,167,45
E33041880,256,102,41,61,154,108,46
E33041881,307,98,37,61,209,157,52
E33041882,266,107,58,49,159,103,56
E33041883,406,111,54,57,295,213,82
E33041884,286,117,48,69,169,135,34
E33041885,308,106,46,60,202,137,65
E33041886,332,131,46,85,201,144,57
E33041887,509,135,49,86,374,231,143
E33041888,307,71,27,44,236,170,66
E33041889,394,130,53,77,264,203,61
E33041890,272,81,39,42,191,130,61
E33041891,548,166,60,106,382,305,77
E33041892,374,84,28,56,290,240,50
E33041893,262,79,22,57,183,137,46
E33041894,327,112,43,69,215,173,42
E33041895,228,77,26,51,151,102,49
E33041896,299,74,31,43,225,166,59
E33041897,334,86,30,56,248,172,76
E33041898,328,91,39,52,237,175,62
E33041899,278,103,36,67,175,133,42
E33041900,1080,179,52,127,901,732,169
E33041901,980,113,24,89,867,686,181
E33041902,277,117,47,70,160,114,46
E33041903,298,112,34,78,186,142,44
E33041904,294,102,23,79,192,148,44
E33041905,345,113,42,71,232,191,41
E33041906,397,52,19,33,345,290,55
E33041907,325,42,8,34,283,202,81
E33041908,1098,469,201,268,629,512,117
E33041909,539,180,43,137,359,304,55
E33041910,482,84,31,53,398,324,74
E33041911,936,124,42,82,812,688,124
E33041912,331,121,31,90,210,168,42
E33041913,313,123,45,78,190,138,52
E33041914,395,86,32,54,309,270,39
E33041915,321,128,33,95,193,141,52
E33041916,302,70,27,43,232,190,42
E33041917,384,151,56,95,233,182,51
E33041918,504,84,21,63,420,335,85
E33041919,354,107,42,65,247,175,72
E33041920,336,115,37,78,221,187,34
E33041921,334,105,35,70,229,194,35
E33041922,778,171,58,113,607,543,64
E33041923,273,70,24,46,203,171,32
E33041924,319,113,46,67,206,161,45
E33041925,343,108,34,74,235,189,46
E33041926,1995,247,63,184,1748,1486,262
E33041927,877,117,34,83,760,686,74
E33041928,269,87,36,51,182,153,29
E33041929,662,260,98,162,402,354,48
E33041930,409,165,62,103,244,183,61
E33041931,719,288,117,171,431,350,81
E33041932,325,107,38,69,218,160,58
E33041933,469,119,42,77,350,284,66
E33041934,357,123,37,86,234,192,42
E33041935,387,161,42,119,226,170,56
E33041936,378,167,44,123,211,170,41
E33041937,343,108,39,69,235,188,47
E33041938,363,84,34,50,279,207,72
E33041939,430,181,80,101,249,180,69
E33041940,296,119,54,65,177,119,58
E33041941,294,98,54,44,196,148,48
E33041942,508,161,72,89,347,267,80
E33041943,469,153,54,99,316,242,74
E33041944,2557,187,58,129,2370,1926,444
E33041945,675,150,46,104,525,450,75
E33041946,392,117,49,68,275,194,81
E33041947,531,166,69,97,365,258,107
E33041948,309,101,43,58,208,135,73
E33041949,473,176,84,92,297,199,98
E33041950,354,90,42,48,264,202,62
E33041951,264,66,40,26,198,146,52
E33041952,325,73,29,44,252,199,53
E33041953,341,107,41,66,234,163,71
E33041954,260,96,40,56,164,127,37
E33041955,301,100,53,47,201,143,58
E33041956,707,247,118,129,460,327,133
E33041957,366,105,46,59,261,209,52
E33041958,542,231,70,161,311,251,60
E33041959,400,157,43,114,243,175,68
E33041960,275,66,28,38,209,152,57
E33041961,317,127,44,83,190,152,38
E33041962,287,102,54,48,185,117,68
E33041963,437,178,79,99,259,190,69
E33041964,820,129,46,83,691,593,98
E33041965,591,159,54,105,432,297,135
E33041966,415,120,48,72,295,209,86
E33041967,733,390,166,224,343,292,51
E33041968,458,196,78,118,262,175,87
E33041969,421,102,42,60,319,229,90
E33041970,320,98,37,61,222,172,50
E33041971,466,194,67,127,272,206,66
E33041972,545,110,42,68,435,293,142
E33041973,282,112,51,61,170,127,43
E33041974,352,135,68,67,217,158,59
E33041975,239,79,36,43,160,107,53
E33041976,563,184,74,110,379,299,80
E33041977,254,82,38,44,172,115,57
E33041978,896,329,113,216,567,461,106
E33041979,335,109,43,66,226,159,67
E33041980,218,72,23,49,146,128,18
E33041981,522,217,75,142,305,226,79
E33041982,393,153,61,92,240,180,60
E33041983,918,95,32,63,823,684,139
E33041984,417,157,54,103,260,203,57
E33041985,287,151,73,78,136,113,23
E33041986,701,91,31,60,610,502,108
E33041987,310,123,66,57,187,141,46
E33041988,531,212,78,134,319,289,30
E33041989,350,130,50,80,220,169,51
E33041990,323,106,49,57,217,157,60
E33041991,265,70,36,34,195,138,57
E33041992,368,130,53,77,238,185,53
E33041993,360,75,27,48,285,211,74
E33041994,398,126,62,64,272,196,76
E33041995,402,225,73,152,177,147,30
E33041996,371,59,18,41,312,239,73
E33041997,438,173,53,120,265,199,66
E33041998,537,180,76,104,357,295,62
E33041999,660,248,83,165,412,305,107
E33042000,527,189,73,116,338,234,104
E33042001,353,84,34,50,269,185,84
E33042002,454,146,45,101,308,233,75
E33042003,346,99,37,62,247,177,70
E33042004,252,80,25,55,172,130,42
E33042005,573,202,93,109,371,260,111
E33042006,266,116,54,62,150,100,50
E33042007,269,120,57,63,149,112,37
E33042008,271,107,47,60,164,100,64
E33042009,391,72,31,41,319,253,66
E33042010,488,92,44,48,396,300,96
E33042011,442,148,61,87,294,219,75
E33042012,361,109,44,65,252,203,49
E33042013,291,116,43,73,175,147,28
E33042014,351,115,37,78,236,174,62
E33042015,517,154,62,92,363,265,98
E33042016,430,118,52,66,312,230,82
E33042017,563,178,64,114,385,320,65
E33042018,323,134,56,78,189,128,61
E33042019,460,207,68,139,253,171,82
E33042020,443,180,75,105,263,179,84
E33042021,276,97,37,60,179,121,58
E33042022,262,95,28,67,167,131,36
E33042023,268,105,46,59,163,124,39
E33042024,282,96,42,54,186,128,58
E33042025,326,107,31,76,219,165,54
E33042026,375,133,58,75,242,191,51
E33042027,639,195,81,114,444,297,147
E33042028,260,59,26,33,201,123,78
E33042029,424,117,47,70,307,220,87
E33042030,273,104,52,52,169,134,35
E33042031,504,194,83,111,310,194,116
E33042032,400,145,56,89,255,175,80
E33042033,231,95,42,53,136,101,35
E33042034,363,147,65,82,216,149,67
E33042035,316,115,34,81,201,158,43
E33042036,641,232,97,135,409,377,32
E33042037,426,55,17,38,371,307,64
E33042038,773,415,212,203,358,319,39
E33042039,602,239,72,167,363,292,71
E33042040,259,101,40,61,158,119,39
E33042041,318,96,43,53,222,153,69
E33042042,783,141,45,96,642,530,112
E33042043,451,174,39,135,277,252,25
E33042044,1115,106,33,73,1009,911,98
E33042045,459,176,74,102,283,201,82
E33042046,268,93,43,50,175,121,54
E33042047,583,239,102,137,344,244,100
E33042048,264,90,33,57,174,127,47
E33042049,613,288,118,170,325,244,81
E33042050,298,75,27,48,223,176,47
E33042051,388,153,67,86,235,172,63
E33042052,711,287,101,186,424,333,91
E33042053,513,104,40,64,409,362,47
E33042054,424,199,91,108,225,169,56
E33042055,657,273,101,172,384,311,73
E33042056,314,140,63,77,174,128,46
E33042057,311,124,60,64,187,132,55
E33042058,375,147,59,88,228,166,62
E33042059,480,291,169,122,189,166,23
E33042060,498,209,76,133,289,222,67
E33042061,285,132,62,70,153,118,35
E33042062,323,94,35,59,229,181,48
E33042063,400,172,67,105,228,176,52
E33042064,315,70,22,48,245,194,51
E33042065,351,110,46,64,241,195,46
E33042066,368,144,48,96,224,149,75
E33042067,286,100,36,64,186,145,41
E33042068,363,121,34,87,242,195,47
E33042069,329,141,46,95,188,150,38
E33042070,697,155,51,104,542,422,120
E33042071,330,133,37,96,197,153,44
E33042072,443,154,57,97,289,223,66
E33042073,530,202,77,125,328,239,89
E33042074,526,161,65,96,365,287,78
E33042075,409,158,60,98,251,190,61
E33042076,401,85,35,50,316,244,72
E33042077,432,165,66,99,267,203,64
E33042078,489,170,48,122,319,266,53
E33042079,353,118,50,68,235,180,55
E33042080,431,171,48,123,260,206,54
E33042081,719,285,93,192,434,349,85
E33042082,494,242,92,150,252,213,39
E33042083,612,268,92,176,344,242,102
E33042084,450,121,55,66,329,231,98
E33042085,297,118,51,67,179,118,61
E33042086,310,126,59,67,184,143,41
E33042087,431,144,55,89,287,216,71
E33042088,367,138,64,74,229,190,39
E33042089,544,219,48,171,325,277,48
E33042090,277,106,36,70,171,144,27
E33042091,306,93,30,63,213,144,69
E33042092,404,149,55,94,255,193,62
E33042093,425,139,54,85,286,220,66
E33042094,470,136,62,74,334,233,101
E33042095,368,110,47,63,258,200,58
E33042096,260,68,39,29,192,138,54
E33042097,463,189,72,117,274,200,74
E33042098,735,225,86,139,510,393,117
E33042099,606,115,27,88,491,414,77
E33042100,379,126,44,82,253,195,58
E33042101,329,94,30,64,235,200,35
E33042102,429,151,54,97,278,230,48
E33042103,462,179,53,126,283,224,59
E33042104,419,188,80,108,231,162,69
E33042105,258,99,37,62,159,118,41
E33042106,381,101,35,66,280,204,76
E33042107,370,158,74,84,212,169,43
E33042108,397,158,51,107,239,195,44
E33042109,507,141,54,87,366,286,80
E33042110,327,161,50,111,166,121,45
E33042111,242,77,29,48,165,121,44
E33042112,309,100,47,53,209,152,57
E33042113,779,433,178,255,346,299,47
E33042114,341,111,40,71,230,161,69
E33042115,322,103,34,69,219,166,53
E33042116,511,191,63,128,320,250,70
E33042117,249,103,25,78,146,134,12
E33042118,325,88,30,58,237,176,61
E33042119,590,216,112,104,374,284,90
E33042120,1005,114,42,72,891,697,194
E33042121,500,105,29,76,395,298,97
E33042122,978,243,74,169,735,617,118
E33042123,351,114,42,72,237,181,56
E33042124,255,101,44,57,154,99,55
E33042125,520,128,57,71,392,296,96
E33042126,295,68,35,33,227,165,62
E33042127,294,113,41,72,181,128,53
E33042128,379,122,57,65,257,195,62
E33042129,342,150,58,92,192,143,49
E33042130,304,103,24,79,201,162,39
E33042131,343,132,47,85,211,163,48
E33042132,248,85,21,64,163,133,30
E33042133,634,254,96,158,380,313,67
E33042134,299,115,35,80,184,128,56
E33042135,352,181,82,99,171,131,40
E33042136,346,141,67,74,205,142,63
E33042137,665,250,86,164,415,316,99
E33042138,394,190,82,108,204,162,42
E33042139,381,139,60,79,242,195,47
E33042140,464,101,35,66,363,260,103
E33042141,596,132,27,105,464,395,69
E33042142,437,155,63,92,282,219,63
E33042143,344,114,39,75,230,171,59
E33042144,340,109,41,68,231,167,64
E33042145,394,169,74,95,225,143,82
E33042146,640,381,177,204,259,215,44
E33042147,321,100,46,54,221,152,69
E33042148,361,145,68,77,216,158,58
E33042149,659,223,73,150,436,353,83
E33042150,439,174,75,99,265,199,66
E33042151,432,177,65,112,255,204,51
E33042152,555,215,91,124,340,257,83
E33042153,348,133,50,83,215,167,48
E33042154,321,112,54,58,209,150,59
E33042155,578,228,84,144,350,253,97
E33042156,692,202,61,141,490,430,60
E33042157,703,149,49,100,554,437,117
E33042158,272,95,40,55,177,144,33
E33042159,479,256,98,158,223,178,45
E33042160,283,122,52,70,161,119,42
E33042161,425,93,27,66,332,294,38
E33042162,290,41,14,27,249,202,47
E33042163,312,112,47,65,200,162,38
E33042164,610,286,101,185,324,236,88
E33042165,275,80,29,51,195,148,47
E33042166,363,129,57,72,234,175,59
E33042167,353,139,48,91,214,165,49
E33042168,311,90,35,55,221,173,48
E33042169,496,188,72,116,308,210,98
E33042170,372,122,41,81,250,195,55
E33042171,534,124,27,97,410,344,66
E33042172,555,141,43,98,414,324,90
E33042173,265,70,20,50,195,153,42
E33042174,469,178,68,110,291,249,42
E33042175,631,235,80,155,396,313,83
E33042176,453,252,100,152,201,166,35
E33042177,388,116,57,59,272,196,76
E33042178,335,133,43,90,202,148,54
E33042179,361,155,49,106,206,143,63
E33042180,272,94,41,53,178,127,51
E33042181,530,262,118,144,268,210,58
E33042182,558,239,89,150,319,271,48
E33042183,455,173,78,95,282,188,94
E33042184,380,147,69,78,233,177,56
E33042185,314,180,75,105,134,97,37
E33042186,344,143,44,99,201,162,39
E33042187,439,170,55,115,269,201,68
E33042188,451,185,59,126,266,192,74
E33042189,481,56,15,41,425,346,79
E33042190,1334,95,33,62,1239,1056,183
E33042191,340,141,65,76,199,136,63
E33042192,339,122,47,75,217,158,59
E33042193,418,156,63,93,262,186,76
E33042194,409,92,33,59,317,234,83
E33042195,418,140,51,89,278,221,57
E33042196,365,147,49,98,218,177,41
E33042197,306,132,42,90,174,138,36
E33042198,435,142,49,93,293,206,87
E33042199,466,147,42,105,319,249,70
E33042200,484,170,77,93,314,230,84
E33042201,324,103,32,71,221,159,62
E33042202,330,158,63,95,172,125,47
E33042203,376,140,53,87,236,160,76
E33042204,320,172,63,109,148,109,39
E33042205,349,115,42,73,234,166,68
E33042206,446,115,40,75,331,263,68
E33042207,348,132,57,75,216,150,66
E33042208,266,49,13,36,217,183,34
E33042209,924,174,43,131,750,645,105
E33042210,240,99,29,70,141,113,28
E33042211,643,377,94,283,266,224,42
E33042212,414,169,59,110,245,197,48
E33042213,673,153,52,101,520,441,79
E33042214,579,221,72,149,358,289,69
E33042215,645,223,81,142,422,315,107
E33042216,369,126,44,82,243,207,36
E33042217,369,156,68,88,213,174,39
E33042218,241,48,15,33,193,136,57
E33042219,421,167,68,99,254,218,36
E33042220,442,186,72,114,256,220,36
E33042221,263,73,36,37,190,143,47
E33042222,292,148,64,84,144,117,27
E33042223,586,222,76,146,364,259,105
E33042224,301,136,46,90,165,115,50
E33042225,249,101,35,66,148,115,33
E33042226,318,119,51,68,199,140,59
E33042227,357,65,18,47,292,256,36
E33042228,560,288,63,225,272,249,23
E33042229,275,112,32,80,163,128,35
E33042230,677,134,45,89,543,463,80
E33042231,276,53,12,41,223,197,26
E33042232,454,184,83,101,270,191,79
E33042233,633,265,95,170,368,277,91
E33042234,442,167,73,94,275,202,73
E33042235,297,114,35,79,183,137,46
E33042236,315,97,44,53,218,158,60
E33042237,342,52,15,37,290,244,46
E33042238,466,171,67,104,295,193,102
E33042239,813,166,48,118,647,484,163
E33042240,301,58,22,36,243,190,53
E33042241,357,192,96,96,165,116,49
E33042242,640,283,125,158,357,236,121
E33042243,425,110,62,48,315,178,137
E33042244,284,88,32,56,196,139,57
E33042245,358,141,60,81,217,168,49
E33042246,1284,170,55,115,1114,849,265
E33042247,405,154,55,99,251,178,73
E33042248,435,135,51,84,300,224,76
E33042249,741,151,45,106,590,464,126
E33042250,669,205,69,136,464,364,100
E33042251,265,72,41,31,193,127,66
E33042252,447,213,98,115,234,157,77
E33042253,274,79,27,52,195,133,62
E33042254,664,164,56,108,500,385,115
E33042255,272,66,34,32,206,165,41
E33042256,520,146,47,99,374,303,71
E33042257,461,205,90,115,256,186,70
E33042258,558,226,91,135,332,271,61
E33042259,314,74,28,46,240,181,59
E33042260,363,146,67,79,217,152,65
E33042261,321,75,42,33,246,165,81
E33042262,317,90,49,41,227,166,61
E33042263,398,140,48,92,258,201,57
E33042264,250,105,47,58,145,104,41
E33042265,406,101,43,58,305,232,73
E33042266,368,160,81,79,208,148,60
E33042267,683,226,85,141,457,348,109
E33042268,440,158,67,91,282,206,76
E33042269,383,132,60,72,251,181,70
E33042270,425,210,61,149,215,186,29
E33042271,408,101,41,60,307,245,62
E33042272,317,163,79,84,154,111,43
E33042273,273,104,43,61,169,112,57
E33042274,296,52,19,33,244,192,52
E33042275,330,160,86,74,170,117,53
E33042276,401,166,67,99,235,162,73
E33042277,368,144,77,67,224,175,49
E33042278,354,161,78,83,193,133,60
E33042279,302,107,46,61,195,150,45
E33042280,368,129,56,73,239,153,86
E33042281,293,88,30,58,205,144,61
E33042282,621,209,91,118,412,311,101
E33042283,282,138,59,79,144,101,43
E33042284,308,120,47,73,188,109,79
E33042285,269,84,33,51,185,140,45
E33042286,266,91,42,49,175,122,53
E33042287,528,240,99,141,288,208,80
E33042288,266,54,24,30,212,154,58
E33042289,411,139,51,88,272,210,62
E33042290,470,153,48,105,317,237,80
E33042291,361,129,53,76,232,169,63
E33042292,272,107,40,67,165,112,53
E33042293,399,170,59,111,229,153,76
E33042294,349,109,51,58,240,175,65
E33042295,474,158,71,87,316,213,103
E33042296,478,198,66,132,280,208,72
E33042297,461,71,20,51,390,306,84
E33042298,305,96,23,73,209,167,42
E33042299,855,310,78,232,545,427,118
E33042300,341,109,57,52,232,149,83
E33042301,289,122,43,79,167,118,49
E33042302,528,210,76,134,318,213,105
E33042303,343,137,44,93,206,171,35
E33042304,784,339,114,225,445,356,89
E33042305,542,174,61,113,368,285,83
E33042306,420,106,40,66,314,253,61
E33042307,350,141,44,97,209,162,47
E33042308,350,129,33,96,221,184,37
E33042309,336,105,27,78,231,182,49
E33042310,462,183,43,140,279,216,63
E33042311,461,168,62,106,293,224,69
E33042312,1519,690,238,452,829,647,182
E33042313,370,144,56,88,226,162,64
E33042314,365,115,43,72,250,179,71
E33042315,460,159,54,105,301,238,63
E33042316,342,115,51,64,227,167,60
E33042317,403,152,54,98,251,193,58
E33042318,380,152,67,85,228,178,50
E33042319,532,240,79,161,292,232,60
E33042320,519,262,83,179,257,188,69
E33042321,250,100,42,58,150,110,40
E33042322,373,74,27,47,299,258,41
E33042323,468,100,35,65,368,311,57
E33042324,327,113,33,80,214,178,36
E33042325,513,177,57,120,336,264,72
E33042326,247,85,28,57,162,118,44
E33042327,472,160,52,108,312,254,58
E33042328,517,166,79,87,351,253,98
E33042329,648,267,111,156,381,287,94
E33042330,348,131,40,91,217,158,59
E33042331,454,199,73,126,255,195,60
E33042332,480,198,78,120,282,197,85
E33042333,374,137,45,92,237,190,47
E33042334,418,133,55,78,285,205,80
E33042335,427,147,46,101,280,192,88
E33042336,356,99,34,65,257,200,57
E33042337,340,133,47,86,207,159,48
E33042338,366,104,58,46,262,180,82
E33042339,322,127,59,68,195,110,85
E33042340,397,149,48,101,248,179,69
E33042341,243,104,42,62,139,94,45
E33042342,429,109,35,74,320,205,115
E33042343,262,117,62,55,145,95,50
E33042344,309,97,39,58,212,161,51
E33042345,307,137,67,70,170,133,37
E33042346,578,268,91,177,310,256,54
E33042347,333,156,74,82,177,132,45
E33042348,415,187,76,111,228,159,69
E33042349,568,253,77,176,315,241,74
E33042350,341,151,55,96,190,150,40
E33042351,353,112,34,78,241,195,46
E33042352,321,90,46,44,231,167,64
E33042353,487,255,121,134,232,199,33
E33042354,387,124,52,72,263,160,103
E33042355,400,150,62,88,250,189,61
E33042356,256,52,20,32,204,157,47
E33042357,307,92,34,58,215,165,50
E33042358,338,81,28,53,257,184,73
E33042359,414,72,24,48,342,167,175
E33042360,753,158,53,105,595,451,144
E33042361,497,215,80,135,282,191,91
E33042362,535,105,37,68,430,320,110
E33042363,395,152,42,110,243,204,39
E33042364,256,122,62,60,134,96,38
E33042365,360,117,40,77,243,187,56
E33042366,289,126,69,57,163,114,49
E33042367,495,183,80,103,312,242,70
E33042368,510,116,52,64,394,330,64
E33042369,458,174,74,100,284,196,88
E33042370,374,172,57,115,202,173,29
E33042371,528,235,98,137,293,227,66
E33042372,357,119,52,67,238,189,49
E33042373,461,91,36,55,370,286,84
E33042374,292,107,45,62,185,133,52
E33042375,537,207,84,123,330,228,102
E33042376,392,181,71,110,211,157,54
E33042377,513,252,94,158,261,203,58
E33042378,954,152,65,87,802,527,275
E33042379,402,140,46,94,262,180,82
E33042380,570,283,104,179,287,222,65
E33042381,293,110,21,89,183,147,36
E33042382,281,124,48,76,157,113,44
E33042383,293,149,54,95,144,126,18
E33042384,306,151,71,80,155,108,47
E33042385,346,141,56,85,205,133,72
E33042386,345,122,50,72,223,160,63
E33042387,326,148,67,81,178,133,45
E33042388,270,136,45,91,134,102,32
E33042389,329,113,38,75,216,164,52
E33042390,312,100,52,48,212,160,52
E33042391,319,85,36,49,234,169,65
E33042392,490,236,92,144,254,187,67
E33042393,264,99,33,66,165,122,43
E33042394,506,247,102,145,259,189,70
E33042395,394,138,50,88,256,222,34
E33042396,399,82,25,57,317,230,87
E33042397,326,124,45,79,202,170,32
E33042398,324,100,30,70,224,174,50
E33042399,336,100,36,64,236,185,51
E33042400,566,215,93,122,351,236,115
E33042401,280,147,42,105,133,111,22
E33042402,373,119,53,66,254,182,72
E33042403,635,237,94,143,398,287,111
E33042404,916,528,284,244,388,336,52
E33042405,490,105,37,68,385,306,79
E33042406,385,187,66,121,198,143,55
E33042407,2895,222,75,147,2673,2068,605
E33042408,292,107,48,59,185,134,51
E33042409,413,201,91,110,212,162,50
E33042410,501,146,59,87,355,295,60
E33042411,669,248,98,150,421,325,96
E33042412,253,91,35,56,162,131,31
E33042413,383,139,49,90,244,199,45
E33042414,478,214,90,124,264,208,56
E33042415,549,227,102,125,322,222,100
E33042416,354,154,75,79,200,139,61
E33042417,288,124,59,65,164,115,49
E33042418,329,114,43,71,215,148,67
E33042419,295,116,40,76,179,125,54
E33042420,535,209,78,131,326,248,78
E33042421,331,144,56,88,187,135,52
E33042422,474,251,118,133,223,197,26
E33042423,562,231,86,145,331,241,90
E33042424,411,136,69,67,275,205,70
E33042425,264,109,44,65,155,119,36
E33042426,274,108,42,66,166,131,35
E33042427,365,127,45,82,238,188,50
E33042428,373,133,61,72,240,192,48
E33042429,393,105,47,58,288,241,47
E33042430,346,126,50,76,220,174,46
E33042431,257,112,59,53,145,121,24
E33042432,322,130,58,72,192,146,46
E33042433,361,169,56,113,192,138,54
E33042434,315,90,39,51,225,183,42
E33042435,297,117,46,71,180,134,46
E33042436,312,128,53,75,184,149,35
E33042437,389,81,24,57,308,258,50
E33042438,407,84,38,46,323,246,77
E33042439,344,128,35,93,216,176,40
E33042440,396,53,14,39,343,270,73
E33042441,410,209,73,136,201,146,55
E33042442,356,127,60,67,229,168,61
E33042443,303,93,34,59,210,168,42
E33042444,408,132,38,94,276,217,59
E33042445,587,112,46,66,475,392,83
E33042446,423,139,43,96,284,212,72
E33042447,378,195,76,119,183,159,24
E33042448,301,133,41,92,168,141,27
E33042449,454,171,46,125,283,239,44
E33042450,548,279,125,154,269,243,26
E33042451,324,144,57,87,180,138,42
E33042452,425,172,73,99,253,212,41
E33042453,240,113,62,51,127,92,35
E33042454,306,132,60,72,174,127,47
E33042455,442,179,53,126,263,209,54
E33042456,306,137,54,83,169,118,51
E33042457,245,107,29,78,138,124,14
E33042458,302,132,51,81,170,139,31
E33042459,301,137,48,89,164,123,41
E33042460,301,147,71,76,154,108,46
E33042461,278,107,43,64,171,139,32
E33042462,253,114,54,60,139,109,30
E33042463,403,194,81,113,209,177,32
E33042464,372,140,40,100,232,173,59
E33042465,278,97,30,67,181,151,30
E33042466,637,172,60,112,465,374,91
E33042467,574,183,67,116,391,282,109
E33042468,453,133,36,97,320,240,80
E33042469,433,150,67,83,283,212,71
E33042470,327,123,53,70,204,148,56
E33042471,282,83,19,64,199,149,50
E33042472,473,133,47,86,340,244,96
E33042473,350,144,62,82,206,147,59
E33042474,707,374,222,152,333,270,63
E33042475,326,102,40,62,224,169,55
E33042476,392,125,42,83,267,196,71
E33042477,572,251,87,164,321,268,53
E33042478,381,134,57,77,247,199,48
E33042479,323,109,36,73,214,157,57
E33042480,2102,170,69,101,1932,1578,354
E33042481,427,87,36,51,340,273,67
E33042482,608,197,83,114,411,360,51
E33042483,326,107,29,78,219,152,67
E33042484,355,91,29,62,264,201,63
E33042485,261,82,36,46,179,139,40
E33042486,385,161,55,106,224,165,59
E33042487,405,77,13,64,328,287,41
E33042488,279,80,31,49,199,150,49
E33042489,948,55,25,30,893,482,411
E33042490,476,83,32,51,393,313,80
E33042491,455,152,57,95,303,216,87
E33042492,273,113,52,61,160,122,38
E33042493,451,131,40,91,320,257,63
E33042494,365,67,24,43,298,225,73
E33042495,391,112,42,70,279,199,80
E33042496,776,191,67,124,585,462,123
E33042497,573,175,57,118,398,350,48
E33042498,396,63,23,40,333,280,53
E33042499,933,91,43,48,842,558,284
E33042500,2529,382,123,259,2147,1701,446
E33042501,431,123,42,81,308,256,52
E33042502,253,59,26,33,194,174,20
E33042503,607,66,27,39,541,441,100
E33042504,850,350,86,264,500,448,52
E33042505,373,82,25,57,291,249,42
E33042506,341,59,18,41,282,197,85
E33042507,330,105,36,69,225,165,60
E33042508,469,82,27,55,387,326,61
E33042509,581,60,6,54,521,427,94
E33042510,282,110,43,67,172,125,47
E33042511,294,67,27,40,227,177,50
E33042512,408,164,48,116,244,181,63
E33042513,283,105,29,76,178,143,35
E33042514,728,252,94,158,476,396,80
E33042515,287,83,34,49,204,165,39
E33042516,296,80,28,52,216,157,59
E33042517,347,112,42,70,235,155,80
E33042518,402,133,44,89,269,205,64
E33042519,842,129,42,87,713,546,167
E33042520,608,130,44,86,478,368,110
E33042521,281,112,45,67,169,125,44
E33042522,442,196,57,139,246,209,37
E33042523,233,79,43,36,154,97,57
E33042524,285,61,25,36,224,197,27
E33042525,398,113,46,67,285,204,81
E33042526,426,155,59,96,271,178,93
E33042527,665,131,37,94,534,461,73
E33042528,348,132,46,86,216,166,50
E33042529,326,146,58,88,180,138,42
E33042530,305,115,32,83,190,154,36
E33042531,457,184,60,124,273,201,72
E33042532,368,151,47,104,217,167,50
E33042533,631,139,46,93,492,354,138
E33042534,382,105,32,73,277,228,49
E33042535,322,95,37,58,227,175,52
E33042536,317,112,31,81,205,143,62
E33042537,489,127,48,79,362,260,102
E33042538,351,86,32,54,265,202,63
E33042539,411,204,62,142,207,186,21
E33042540,304,71,32,39,233,143,90
E33042541,475,98,51,47,377,300,77
E33042542,553,178,61,117,375,261,114
E33042543,660,163,62,101,497,385,112
E33042544,427,164,63,101,263,182,81
E33042545,518,217,81,136,301,207,94
E33042546,536,148,39,109,388,341,47
E33042547,270,88,25,63,182,150,32
E33042548,366,113,46,67,253,194,59
E33042549,330,114,48,66,216,172,44
E33042550,582,93,36,57,489,321,168
E33042551,270,81,39,42,189,129,60
E33042552,285,98,51,47,187,137,50
E33042553,1383,168,73,95,1215,968,247
E33042554,354,84,40,44,270,207,63
E33042555,384,92,39,53,292,214,78
E33042556,341,83,24,59,258,189,69
E33042557,429,81,43,38,348,285,63
E33042558,561,165,49,116,396,301,95
E33042559,250,71,33,38,179,140,39
E33042560,362,81,39,42,281,201,80
E33042561,341,124,44,80,217,141,76
E33042562,333,124,44,80,209,144,65
E33042563,233,78,30,48,155,109,46
E33042564,243,89,32,57,154,101,53
E33042565,529,144,67,77,385,262,123
E33042566,276,87,38,49,189,130,59
E33042567,309,91,27,64,218,164,54
E33042568,302,107,37,70,195,129,66
E33042569,521,181,88,93,340,231,109
E33042570,718,271,125,146,447,298,149
E33042571,362,107,33,74,255,167,88
E33042572,291,150,43,107,141,100,41
E33042573,236,90,30,60,146,111,35
E33042574,279,124,55,69,155,101,54
E33042575,314,114,39,75,200,167,33
E33042576,327,139,34,105,188,157,31
E33042577,645,123,48,75,522,432,90
E33042578,499,187,38,149,312,269,43
E33042579,323,98,36,62,225,194,31
E33042580,488,213,87,126,275,225,50
E33042581,471,254,127,127,217,184,33
E33042582,290,126,69,57,164,126,38
E33042583,271,116,48,68,155,110,45
E33042584,346,142,45,97,204,154,50
E33042585,337,132,49,83,205,165,40
E33042586,418,136,65,71,282,202,80
E33042587,259,90,46,44,169,130,39
E33042588,833,199,67,132,634,493,141
E33042589,174,75,27,48,99,66,33
E33042590,230,68,29,39,162,112,50
E33042591,619,169,73,96,450,332,118
E33042592,790,148,55,93,642,584,58
E33042593,354,145,63,82,209,150,59
E33042594,318,95,42,53,223,151,72
E33042595,374,159,68,91,215,161,54
E33042596,417,166,75,91,251,173,78
E33042597,322,118,44,74,204,160,44
E33042598,390,150,61,89,240,196,44
E33042599,316,164,49,115,152,120,32
E33042600,412,147,60,87,265,205,60
E33042601,366,141,65,76,225,155,70
E33042602,424,188,56,132,236,186,50
E33042603,383,96,43,53,287,213,74
E33042604,217,51,26,25,166,111,55
E33042605,416,145,68,77,271,192,79
E33042606,307,112,52,60,195,123,72
E33042607,394,152,62,90,242,163,79
E33042608,423,153,64,89,270,187,83
E33042609,948,145,51,94,803,608,195
E33042610,214,64,22,42,150,117,33
E33042611,438,191,81,110,247,174,73
E33042612,574,156,67,89,418,333,85
E33042613,298,124,47,77,174,152,22
E33042614,1043,155,79,76,888,714,174
E33042615,369,136,70,66,233,178,55
E33042616,648,228,91,137,420,355,65
E33042617,538,158,57,101,380,295,85
E33042618,307,99,36,63,208,149,59
E33042619,283,128,55,73,155,102,53
E33042620,279,114,48,66,165,108,57
E33042621,333,117,50,67,216,154,62
E33042622,738,286,118,168,452,330,122
E33042623,321,145,64,81,176,153,23
E33042624,439,181,84,97,258,180,78
E33042625,291,105,47,58,186,127,59
E33042626,412,222,107,115,190,165,25
E33042627,277,112,53,59,165,119,46
E33042628,494,275,146,129,219,182,37
E33042629,448,136,49,87,312,220,92
E33042630,471,153,52,101,318,238,80
E33042631,281,110,49,61,171,136,35
E33042632,443,119,37,82,324,278,46
E33042633,377,80,24,56,297,221,76
E33042634,254,106,31,75,148,137,11
E33042635,436,171,54,117,265,239,26
E33042636,808,151,51,100,657,574,83
E33042637,317,120,39,81,197,162,35
E33042638,325,129,47,82,196,160,36
E33042639,341,125,43,82,216,161,55
E33042640,573,122,56,66,451,380,71
E33042641,333,168,103,65,165,131,34
E33042642,538,254,115,139,284,237,47
E33042643,422,142,49,93,280,229,51
E33042644,524,167,67,100,357,223,134
E33042645,1558,649,341,308,909,705,204
E33042646,249,104,49,55,145,109,36
E33042647,660,330,124,206,330,281,49
E33042648,1445,134,44,90,1311,1100,211
E33042649,794,278,97,181,516,428,88
E33042650,486,185,75,110,301,217,84
E33042651,305,106,37,69,199,149,50
E33042652,247,98,42,56,149,106,43
E33042653,353,153,45,108,200,144,56
E33042654,432,182,57,125,250,173,77
E33042655,688,165,59,106,523,437,86
E33042656,490,168,69,99,322,259,63
E33042657,409,120,41,79,289,217,72
E33042658,312,122,69,53,190,130,60
E33042659,478,142,53,89,336,248,88
E33042660,256,50,29,21,206,130,76
E33042661,517,196,97,99,321,223,98
E33042662,301,113,49,64,188,145,43
E33042663,263,117,46,71,146,92,54
E33042664,396,111,43,68,285,218,67
E33042665,399,104,39,65,295,219,76
E33042666,290,119,51,68,171,113,58
E33042667,337,136,64,72,201,141,60
E33042668,319,120,61,59,199,136,63
E33042669,451,178,72,106,273,187,86
E33042670,349,160,64,96,189,135,54
E33042671,390,113,37,76,277,196,81
E33042672,417,94,25,69,323,250,73
E33042673,261,97,47,50,164,116,48
E33042674,381,151,70,81,230,177,53
E33042675,596,261,101,160,335,296,39
E33042676,701,206,89,117,495,341,154
E33042677,432,109,50,59,323,231,92
E33042678,535,161,69,92,374,269,105
E33042679,232,115,37,78,117,75,42
E33042680,484,131,54,77,353,269,84
E33042681,381,101,45,56,280,234,46
E33042682,347,117,47,70,230,193,37
E33042683,696,342,169,173,354,272,82
E33042684,301,149,57,92,152,113,39
E33042685,248,85,26,59,163,119,44
E33042686,355,181,73,108,174,129,45
E33042687,759,133,49,84,626,488,138
E33042688,323,146,59,87,177,124,53
E33042689,751,91,41,50,660,510,150
E33042690,321,112,29,83,209,148,61
E33042691,568,192,74,118,376,265,111
E33042692,375,155,59,96,220,164,56
E33042693,262,83,33,50,179,121,58
E33042694,273,102,40,62,171,96,75
E33042695,383,105,41,64,278,205,73
E33042696,304,97,40,57,207,164,43
E33042697,273,87,34,53,186,124,62
E33042698,435,139,38,101,296,217,79
E33042699,285,126,57,69,159,101,58
E33042700,307,95,17,78,212,165,47
E33042701,540,153,78,75,387,251,136
E33042702,598,146,54,92,452,358,94
E33042703,436,138,53,85,298,189,109
E33042704,291,120,36,84,171,125,46
E33042705,380,135,53,82,245,174,71
E33042706,468,198,67,131,270,217,53
E33042707,382,127,48,79,255,185,70
E33042708,283,108,45,63,175,117,58
E33042709,695,96,35,61,599,537,62
E33042710,261,88,33,55,173,136,37
E33042711,844,166,33,133,678,603,75
E33042712,686,211,60,151,475,385,90
E33042713,713,104,33,71,609,445,164
E33042714,326,144,78,66,182,142,40
E33042715,776,292,81,211,484,395,89
E33042716,716,367,143,224,349,288,61
E33042717,435,75,23,52,360,283,77
E33042718,1183,345,112,233,838,707,131
E33042719,336,106,33,73,230,188,42
E33042720,697,92,28,64,605,513,92
E33042721,493,120,32,88,373,308,65
E33042722,566,176,43,133,390,355,35
E33042723,464,196,55,141,268,215,53
E33042724,635,184,58,126,451,352,99
E33042725,340,115,34,81,225,178,47
E33042726,484,228,73,155,256,178,78
E33042727,337,116,51,65,221,163,58
E33042728,321,136,37,99,185,147,38
E33042729,302,89,29,60,213,166,47
E33042730,667,303,102,201,364,267,97
E33042731,862,279,85,194,583,457,126
E33042732,442,123,43,80,319,262,57
E33042733,880,328,87,241,552,452,100
E33042734,428,118,52,66,310,239,71
E33042735,337,96,43,53,241,180,61
E33042736,485,74,34,40,411,294,117
E33042737,829,121,30,91,708,630,78
E33042738,374,105,36,69,269,184,85
E33042739,416,87,22,65,329,236,93
E33042740,660,298,110,188,362,306,56
E33042741,362,149,60,89,213,137,76
E33042742,316,115,42,73,201,133,68
E33042743,261,64,28,36,197,120,77
E33042744,316,122,52,70,194,122,72
E33042745,246,53,27,26,193,128,65
E33042746,259,110,54,56,149,105,44
E33042747,359,87,29,58,272,192,80
E33042748,697,181,58,123,516,412,104
E33042749,363,128,47,81,235,165,70
E33042750,470,181,69,112,289,184,105
E33042751,486,134,67,67,352,232,120
E33042752,261,87,28,59,174,112,62
E33042753,383,100,39,61,283,198,85
E33042754,400,104,42,62,296,196,100
E33042755,368,142,44,98,226,171,55
E33042756,339,96,42,54,243,192,51
E33042757,333,115,50,65,218,143,75
E33042758,266,104,43,61,162,117,45
E33042759,373,117,51,66,256,180,76
E33042760,293,113,42,71,180,128,52
E33042761,293,118,35,83,175,132,43
E33042762,287,110,39,71,177,132,45
E33042763,429,131,51,80,298,208,90
E33042764,266,93,45,48,173,120,53
E33042765,384,163,60,103,221,192,29
E33042766,276,76,33,43,200,147,53
E33042767,389,177,69,108,212,184,28
E33042768,457,196,58,138,261,212,49
E33042769,334,127,52,75,207,132,75
E33042770,320,105,32,73,215,144,71
E33042771,473,174,66,108,299,207,92
E33042772,409,132,66,66,277,208,69
E33042773,240,116,35,81,124,96,28
E33042774,266,86,24,62,180,139,41
E33042775,342,168,55,113,174,146,28
E33042776,277,109,33,76,168,129,39
E33042777,265,101,36,65,164,126,38
E33042778,267,107,24,83,160,130,30
E33042779,228,143,33,110,85,70,15
E33042780,245,103,42,61,142,99,43
E33042781,412,154,48,106,258,199,59
E33042782,308,126,50,76,182,128,54
E33042783,459,190,52,138,269,226,43
E33042784,287,101,22,79,186,140,46
E33042785,447,154,61,93,293,210,83
E33042786,290,132,41,91,158,111,47
E33042787,512,145,62,83,367,277,90
E33042788,539,161,65,96,378,280,98
E33042789,310,121,48,73,189,126,63
E33042790,259,129,45,84,130,80,50
E33042791,377,172,55,117,205,143,62
E33042792,794,182,70,112,612,481,131
E33042793,307,110,46,64,197,132,65
E33042794,378,57,15,42,321,277,44
E33042795,299,141,57,84,158,108,50
E33042796,341,156,50,106,185,156,29
E33042797,761,393,136,257,368,312,56
E33042798,591,226,59,167,365,317,48
E33042799,284,92,37,55,192,155,37
E33042800,347,98,35,63,249,189,60
E33042801,383,132,52,80,251,165,86
E33042802,269,131,46,85,138,96,42
E33042803,315,124,54,70,191,125,66
E33042804,511,260,120,140,251,182,69
E33042805,451,162,66,96,289,219,70
E33042806,395,142,45,97,253,214,39
E33042807,643,304,131,173,339,275,64
E33042808,362,152,50,102,210,164,46
E33042809,633,301,123,178,332,241,91
E33042810,264,91,22,69,173,145,28
E33042811,279,129,40,89,150,116,34
E33042812,501,210,76,134,291,216,75
E33042813,341,122,60,62,219,142,77
E33042814,316,124,52,72,192,132,60
E33042815,904,198,63,135,706,641,65
E33042816,1375,507,151,356,868,705,163
E33042817,260,85,32,53,175,124,51
E33042818,312,125,49,76,187,130,57
E33042819,326,127,53,74,199,142,57
E33042820,441,134,53,81,307,248,59
E33042821,416,165,83,82,251,210,41
E33042822,359,140,41,99,219,163,56
E33042823,732,242,87,155,490,342,148
E33042824,466,174,59,115,292,196,96
E33042825,320,110,36,74,210,160,50
E33042826,639,205,87,118,434,303,131
E33042827,674,232,84,148,442,341,101
E33042828,268,60,15,45,208,162,46
E33042829,427,198,106,92,229,182,47
E33042830,612,117,49,68,495,368,127
E33042831,471,194,87,107,277,205,72
E33042832,454,92,15,77,362,303,59
E33042833,644,68,26,42,576,168,408
E33042834,280,84,28,56,196,137,59
E33042835,669,196,51,145,473,438,35
E33042836,557,155,30,125,402,365,37
E33042837,734,345,126,219,389,335,54
E33042838,661,271,74,197,390,332,58
E33042839,263,136,53,83,127,98,29
E33042840,383,144,47,97,239,196,43
E33042841,458,116,40,76,342,281,61
E33042842,373,149,52,97,224,179,45
E33042843,306,97,37,60,209,185,24
E33042844,328,120,35,85,208,151,57
E33042845,576,178,45,133,398,357,41
E33042846,263,123,49,74,140,118,22
E33042847,507,101,32,69,406,307,99
E33042848,292,90,33,57,202,141,61
E33042849,294,115,60,55,179,138,41
E33042850,475,118,53,65,357,231,126
E33042851,408,104,50,54,304,239,65
E33042852,289,105,39,66,184,118,66
E33042853,495,153,40,113,342,275,67
E33042854,230,74,34,40,156,107,49
E33042855,289,123,45,78,166,128,38
E33042856,371,175,71,104,196,146,50
E33042857,292,120,58,62,172,140,32
E33042858,453,84,30,54,369,292,77
E33042859,287,123,32,91,164,128,36
E33042860,290,94,34,60,196,145,51
E33042861,438,66,15,51,372,319,53
E33042862,276,29,9,20,247,201,46
E33042863,430,101,39,62,329,250,79
E33042864,376,115,35,80,261,189,72
E33042865,328,72,23,49,256,215,41
E33042866,410,81,25,56,329,247,82
E33042867,666,136,55,81,530,361,169
E33042868,333,123,56,67,210,164,46
E33042869,443,133,47,86,310,257,53
E33042870,394,127,42,85,267,194,73
E33042871,596,223,91,132,373,256,117
E33042872,617,234,75,159,383,323,60
E33042873,529,115,34,81,414,310,104
E33042874,488,157,42,115,331,244,87
E33042875,484,187,58,129,297,233,64
E33042876,335,137,46,91,198,152,46
E33042877,362,116,33,83,246,183,63
E33042878,664,191,49,142,473,390,83
E33042879,489,164,49,115,325,239,86
E33042880,376,102,42,60,274,206,68
E33042881,392,102,29,73,290,228,62
E33042882,278,101,36,65,177,151,26
E33042883,376,105,39,66,271,204,67
E33042884,310,102,46,56,208,158,50
E33042885,408,129,56,73,279,216,63
E33042886,813,138,57,81,675,402,273
E33042887,343,101,32,69,242,164,78
E33042888,601,271,69,202,330,286,44
E33042889,278,110,26,84,168,138,30
E33042890,410,124,31,93,286,240,46
E33042891,2679,734,131,603,1945,1712,233
E33042892,403,83,30,53,320,236,84
E33042893,411,131,58,73,280,198,82
E33042894,246,72,25,47,174,124,50
E33042895,353,122,49,73,231,160,71
E33042896,329,153,54,99,176,131,45
E33042897,335,103,37,66,232,173,59
E33042898,308,91,35,56,217,158,59
E33042899,246,91,47,44,155,102,53
E33042900,482,135,44,91,347,260,87
E33042901,542,79,26,53,463,371,92
E33042902,531,149,57,92,382,291,91
E33042903,503,174,78,96,329,258,71
E33042904,511,198,79,119,313,242,71
E33042905,644,198,49,149,446,336,110
E33042906,275,114,54,60,161,110,51
E33042907,617,200,62,138,417,335,82
E33042908,223,53,20,33,170,109,61
E33042909,630,256,104,152,374,288,86
E33042910,976,382,148,234,594,430,164
E33042911,317,92,40,52,225,127,98
E33042912,498,186,63,123,312,245,67
E33042913,305,123,57,66,182,141,41
E33042914,282,59,32,27,223,142,81
E33042915,602,172,74,98,430,269,161
E33042916,262,68,24,44,194,139,55
E33042917,278,91,25,66,187,156,31
E33042918,674,257,72,185,417,347,70
E33042919,688,231,85,146,457,353,104
E33042920,490,120,41,79,370,278,92
E33042921,223,86,30,56,137,122,15
E33042922,370,154,52,102,216,165,51
E33042923,380,188,71,117,192,156,36
E33042924,250,114,47,67,136,95,41
E33042925,520,152,57,95,368,264,104
E33042926,528,218,61,157,310,272,38
E33042927,422,178,72,106,244,210,34
E33042928,245,110,43,67,135,81,54
E33042929,255,108,37,71,147,112,35
E33042930,369,150,53,97,219,164,55
E33042931,235,77,25,52,158,129,29
E33042932,249,94,40,54,155,129,26
E33042933,817,424,154,270,393,336,57
E33042934,553,207,77,130,346,244,102
E33042935,360,139,43,96,221,163,58
E33042936,380,154,62,92,226,147,79
E33042937,338,142,42,100,196,139,57
E33042938,307,57,18,39,250,167,83
E33042939,485,173,59,114,312,233,79
E33042940,324,76,20,56,248,149,99
E33042941,315,117,38,79,198,155,43
E33042942,554,220,77,143,334,259,75
E33042943,412,159,51,108,253,195,58
E33042944,262,94,26,68,168,148,20
E33042945,509,164,58,106,345,254,91
E33042946,412,158,69,89,254,192,62
E33042947,373,151,48,103,222,187,35
E33042948,401,169,60,109,232,181,51
E33042949,254,100,42,58,154,102,52
E33042950,229,59,19,40,170,126,44
E33042951,301,89,26,63,212,170,42
E33042952,252,102,37,65,150,113,37
E33042953,715,165,43,122,550,373,177
E33042954,442,167,40,127,275,241,34
E33042955,322,176,48,128,146,113,33
E33042956,712,260,81,179,452,394,58
E33042957,245,119,39,80,126,103,23
E33042958,306,121,41,80,185,141,44
E33042959,274,95,29,66,179,129,50
E33042960,289,76,29,47,213,174,39
E33042961,292,91,29,62,201,153,48
E33042962,453,148,34,114,305,242,63
E33042963,351,116,24,92,235,198,37
E33042964,330,104,46,58,226,157,69
E33042965,413,123,40,83,290,215,75
E33042966,532,125,39,86,407,355,52
E33042967,292,106,21,85,186,166,20
E33042968,429,188,43,145,241,221,20
E33042969,246,146,26,120,100,83,17
E33042970,508,170,44,126,338,284,54
E33042971,391,118,41,77,273,203,70
E33042972,314,159,44,115,155,116,39
E33042973,427,134,52,82,293,223,70
E33042974,279,110,43,67,169,129,40
E33042975,240,82,24,58,158,105,53
E33042976,788,158,20,138,630,531,99
E33042977,271,94,32,62,177,140,37
E33042978,455,79,15,64,376,335,41
E33042979,306,102,37,65,204,144,60
E33042980,2372,374,110,264,1998,1304,694
E33042981,471,180,74,106,291,216,75
E33042982,328,102,40,62,226,152,74
E33042983,371,108,42,66,263,152,111
E33042984,343,85,30,55,258,197,61
E33042985,309,114,37,77,195,140,55
E33042986,291,81,31,50,210,161,49
E33042987,397,76,25,51,321,252,69
E33042988,514,153,36,117,361,304,57
E33042989,253,85,22,63,168,109,59
E33042990,335,114,34,80,221,175,46
E33042991,588,122,37,85,466,333,133
E33042992,255,99,20,79,156,123,33
E33042993,291,112,44,68,179,129,50
E33042994,276,110,21,89,166,124,42
E33042995,399,184,57,127,215,192,23
E33042996,325,149,43,106,176,140,36
E33042997,398,65,22,43,333,243,90
E33042998,613,210,72,138,403,328,75
E33042999,559,209,74,135,350,255,95
E33043000,398,92,39,53,306,236,70
E33043001,331,128,44,84,203,161,42
E33043002,275,122,37,85,153,114,39
E33043003,289,77,33,44,212,161,51
E33043004,493,181,53,128,312,223,89
E33043005,356,129,50,79,227,162,65
E33043006,407,140,57,83,267,193,74
E33043007,415,138,40,98,277,203,74
E33043008,451,182,72,110,269,194,75
E33043009,299,107,45,62,192,150,42
E33043010,451,91,37,54,360,270,90
E33043011,292,98,15,83,194,159,35
E33043012,339,120,56,64,219,160,59
E33043013,307,146,44,102,161,132,29
E33043014,458,168,56,112,290,218,72
E33043015,905,312,96,216,593,453,140
E33043016,784,339,151,188,445,345,100
E33043017,404,152,57,95,252,180,72
E33043018,531,227,59,168,304,261,43
E33043019,230,127,40,87,103,74,29
E33043020,361,152,45,107,209,165,44
E33043021,365,113,41,72,252,218,34
E33043022,411,156,53,103,255,176,79
E33043023,260,94,38,56,166,107,59
E33043024,307,111,39,72,196,138,58
E33043025,430,140,53,87,290,225,65
E33043026,895,342,114,228,553,398,155
E33043027,385,153,59,94,232,171,61
E33043028,288,101,45,56,187,137,50
E33043029,401,159,56,103,242,166,76
E33043030,318,114,38,76,204,150,54
E33043031,422,172,75,97,250,180,70
E33043032,291,121,46,75,170,101,69
E33043033,372,130,60,70,242,180,62
E33043034,469,176,82,94,293,206,87
E33043035,251,103,55,48,148,114,34
E33043036,336,89,41,48,247,172,75
E33043037,531,194,80,114,337,249,88
E33043038,679,182,68,114,497,343,154
E33043039,404,117,43,74,287,210,77
E33043040,438,151,55,96,287,235,52
E33043041,351,125,56,69,226,166,60
E33043042,564,169,65,104,395,301,94
E33043043,451,204,92,112,247,207,40
E33043044,300,133,53,80,167,111,56
E33043045,356,130,59,71,226,161,65
E33043046,457,179,76,103,278,223,55
E33043047,301,116,48,68,185,135,50
E33043048,352,79,24,55,273,206,67
E33043049,868,112,44,68,756,507,249
E33043050,2186,509,109,400,1677,1531,146
E33043051,261,88,30,58,173,138,35
E33043052,370,92,30,62,278,217,61
E33043053,361,92,18,74,269,248,21
E33043054,398,105,33,72,293,247,46
E33043055,285,91,28,63,194,162,32
E33043056,313,146,58,88,167,125,42
E33043057,307,85,28,57,222,171,51
E33043058,279,102,51,51,177,125,52
E33043059,564,224,93,131,340,278,62
E33043060,484,266,102,164,218,183,35
E33043061,447,86,33,53,361,285,76
E33043062,370,127,37,90,243,188,55
E33043063,334,119,42,77,215,155,60
E33043064,364,113,43,70,251,184,67
E33043065,419,154,46,108,265,204,61
E33043066,511,222,97,125,289,239,50
E33043067,257,63,23,40,194,162,32
E33043068,284,105,33,72,179,130,49
E33043069,431,109,41,68,322,253,69
E33043070,338,148,56,92,190,157,33
E33043071,349,122,55,67,227,151,76
E33043072,537,205,84,121,332,244,88
E33043073,540,234,82,152,306,242,64
E33043074,341,120,60,60,221,152,69
E33043075,628,174,44,130,454,380,74
E33043076,330,130,43,87,200,144,56
E33043077,268,110,38,72,158,121,37
E33043078,337,115,44,71,222,175,47
E33043079,366,130,42,88,236,179,57
E33043080,618,159,62,97,459,364,95
E33043081,321,104,44,60,217,160,57
E33043082,310,100,34,66,210,163,47
E33043083,322,136,57,79,186,142,44
E33043084,327,127,60,67,200,151,49
E33043085,319,105,51,54,214,167,47
E33043086,469,140,45,95,329,262,67
E33043087,354,128,51,77,226,158,68
E33043088,311,103,32,71,208,148,60
E33043089,380,145,57,88,235,171,64
E33043090,531,117,44,73,414,301,113
E33043091,236,52,20,32,184,144,40
E33043092,251,81,25,56,170,115,55
E33043093,386,134,51,83,252,172,80
E33043094,231,60,20,40,171,106,65
E33043095,597,72,31,41,525,353,172
E33043096,215,104,40,64,111,78,33
E33043097,323,79,24,55,244,177,67
E33043098,525,137,53,84,388,306,82
E33043099,254,108,42,66,146,110,36
E33043100,573,118,54,64,455,365,90
E33043101,583,105,34,71,478,391,87
E33043102,519,155,70,85,364,296,68
E33043103,542,195,67,128,347,274,73
E33043104,285,111,34,77,174,125,49
E33043105,542,219,78,141,323,261,62
E33043106,312,103,28,75,209,173,36
E33043107,305,119,31,88,186,152,34
E33043108,281,130,33,97,151,116,35
E33043109,291,127,47,80,164,127,37
E33043110,370,102,47,55,268,187,81
E33043111,273,75,24,51,198,151,47
E33043112,309,142,61,81,167,121,46
E33043113,723,208,79,129,515,365,150
E33043114,322,118,54,64,204,138,66
E33043115,471,148,38,110,323,241,82
E33043116,376,114,47,67,262,189,73
E33043117,348,88,37,51,260,181,79
E33043118,2727,543,142,401,2184,1966,218
E33043119,303,83,21,62,220,187,33
E33043120,481,224,93,131,257,190,67
E33043121,595,182,71,111,413,306,107
E33043122,339,103,43,60,236,161,75
E33043123,356,111,29,82,245,199,46
E33043124,660,214,66,148,446,360,86
E33043125,388,104,28,76,284,198,86
E33043126,441,206,70,136,235,169,66
E33043127,255,74,22,52,181,128,53
E33043128,431,186,66,120,245,193,52
E33043129,259,84,42,42,175,141,34
E33043130,636,137,45,92,499,322,177
E33043131,267,77,31,46,190,117,73
E33043132,299,82,40,42,217,160,57
E33043133,398,136,37,99,262,166,96
E33043134,323,91,43,48,232,176,56
E33043135,281,122,46,76,159,122,37
E33043136,347,96,33,63,251,161,90
E33043137,302,104,32,72,198,151,47
E33043138,269,92,33,59,177,120,57
E33043139,362,90,33,57,272,191,81
E33043140,309,95,36,59,214,151,63
E33043141,393,118,47,71,275,228,47
E33043142,255,123,43,80,132,96,36
E33043143,559,123,43,80,436,363,73
E33043144,290,119,48,71,171,120,51
E33043145,249,88,29,59,161,120,41
E33043146,301,119,52,67,182,127,55
E33043147,353,116,37,79,237,191,46
E33043148,321,130,63,67,191,143,48
E33043149,418,175,48,127,243,190,53
E33043150,330,92,28,64,238,174,64
E33043151,776,416,117,299,360,313,47
E33043152,472,196,86,110,276,222,54
E33043153,832,251,77,174,581,499,82
E33043154,395,160,54,106,235,188,47
E33043155,658,169,47,122,489,364,125
E33043156,328,60,26,34,268,215,53
E33043157,445,166,70,96,279,204,75
E33043158,451,190,69,121,261,201,60
E33043159,736,334,121,213,402,294,108
E33043160,299,73,31,42,226,183,43
E33043161,412,103,37,66,309,253,56
E33043162,265,116,56,60,149,113,36
E33043163,249,92,33,59,157,117,40
E33043164,286,92,44,48,194,135,59
E33043165,355,163,80,83,192,143,49
E33043166,267,122,43,79,145,89,56
E33043167,274,79,34,45,195,146,49
E33043168,322,104,42,62,218,154,64
E33043169,309,94,22,72,215,146,69
E33043170,586,238,101,137,348,259,89
E33043171,579,216,110,106,363,265,98
E33043172,546,136,47,89,410,319,91
E33043173,329,157,78,79,172,133,39
E33043174,333,120,36,84,213,147,66
E33043175,786,305,129,176,481,391,90
E33043176,250,89,31,58,161,126,35
E33043177,345,139,59,80,206,155,51
E33043178,606,231,98,133,375,256,119
E33043179,1057,192,63,129,865,776,89
E33043180,747,184,76,108,563,422,141
E33043181,513,209,91,118,304,242,62
E33043182,1066,271,124,147,795,626,169
E33043183,394,176,71,105,218,150,68
E33043184,281,121,50,71,160,116,44
E33043185,431,93,34,59,338,271,67
E33043186,371,131,53,78,240,197,43
E33043187,335,167,69,98,168,124,44
E33043188,539,252,71,181,287,233,54
E33043189,306,88,35,53,218,166,52
E33043190,276,77,28,49,199,168,31
E33043191,252,78,23,55,174,124,50
E33043192,331,117,43,74,214,148,66
E33043193,214,97,50,47,117,85,32
E33043194,337,170,75,95,167,129,38
E33043195,344,161,83,78,183,140,43
E33043196,298,138,47,91,160,109,51
E33043197,302,119,40,79,183,118,65
E33043198,427,117,44,73,310,225,85
E33043199,1123,219,62,157,904,775,129
E33043200,400,143,71,72,257,201,56
E33043201,270,77,28,49,193,147,46
E33043202,386,149,53,96,237,195,42
E33043203,574,182,71,111,392,243,149
E33043204,482,169,64,105,313,252,61
E33043205,365,176,81,95,189,147,42
E33043206,381,141,48,93,240,172,68
E33043207,266,109,49,60,157,108,49
E33043208,623,207,76,131,416,347,69
E33043209,263,74,20,54,189,142,47
E33043210,355,110,37,73,245,179,66
E33043211,707,149,34,115,558,451,107
E33043212,546,218,83,135,328,236,92
E33043213,499,203,62,141,296,247,49
E33043214,314,107,46,61,207,148,59
E33043215,263,82,41,41,181,132,49
E33043216,591,115,58,57,476,367,109
E33043217,385,99,35,64,286,218,68
E33043218,415,187,75,112,228,186,42
E33043219,495,140,46,94,355,270,85
E33043220,327,113,51,62,214,171,43
E33043221,323,117,47,70,206,159,47
E33043222,308,113,59,54,195,148,47
E33043223,510,78,25,53,432,331,101
E33043224,470,173,77,96,297,234,63
E33043225,258,86,35,51,172,127,45
E33043226,517,175,61,114,342,243,99
E33043227,254,72,33,39,182,144,38
E33043228,322,135,68,67,187,113,74
E33043229,417,138,51,87,279,198,81
E33043230,277,78,42,36,199,133,66
E33043231,269,111,46,65,158,115,43
E33043232,530,229,79,150,301,229,72
E33043233,320,93,31,62,227,176,51
E33043234,399,148,74,74,251,152,99
E33043235,568,168,81,87,400,276,124
E33043236,359,120,56,64,239,152,87
E33043237,420,131,36,95,289,243,46
E33043238,453,169,60,109,284,194,90
E33043239,292,129,49,80,163,105,58
E33043240,327,87,27,60,240,203,37
E33043241,283,60,18,42,223,149,74
E33043242,283,114,42,72,169,120,49
E33043243,723,141,39,102,582,458,124
E33043244,294,108,33,75,186,137,49
E33043245,288,105,39,66,183,151,32
E33043246,283,77,33,44,206,158,48
E33043247,323,131,36,95,192,133,59
E33043248,460,180,48,132,280,227,53
E33043249,786,361,129,232,425,339,86
E33043250,577,126,36,90,451,298,153
E33043251,287,102,30,72,185,145,40
E33043252,288,108,33,75,180,142,38
E33043253,668,313,92,221,355,292,63
E33043254,495,218,60,158,277,238,39
E33043255,238,73,35,38,165,114,51
E33043256,374,143,57,86,231,173,58
E33043257,579,312,123,189,267,230,37
E33043258,358,115,58,57,243,192,51
E33043259,762,172,38,134,590,530,60
E33043260,471,170,59,111,301,214,87
E33043261,500,205,61,144,295,256,39
E33043262,317,120,41,79,197,154,43
E33043263,308,86,38,48,222,171,51
E33043264,440,162,54,108,278,194,84
E33043265,370,133,53,80,237,189,48
E33043266,543,158,55,103,385,294,91
E33043267,244,92,34,58,152,131,21
E33043268,767,140,55,85,627,407,220
E33043269,592,137,41,96,455,378,77
E33043270,447,141,54,87,306,209,97
E33043271,286,154,62,92,132,112,20
E33043272,396,178,58,120,218,155,63
E33043273,482,93,39,54,389,336,53
E33043274,357,104,24,80,253,203,50
E33043275,467,234,104,130,233,182,51
E33043276,311,110,40,70,201,131,70
E33043277,344,90,27,63,254,187,67
E33043278,221,98,31,67,123,101,22
E33043279,277,104,32,72,173,127,46
E33043280,244,58,20,38,186,123,63
E33043281,306,105,32,73,201,138,63
E33043282,350,90,30,60,260,212,48
E33043283,401,195,60,135,206,167,39
E33043284,518,246,106,140,272,209,63
E33043285,541,217,81,136,324,254,70
E33043286,134,61,27,34,73,58,15
E33043287,292,93,34,59,199,144,55
E33043288,351,135,50,85,216,140,76
E33043289,324,119,37,82,205,151,54
E33043290,426,76,41,35,350,275,75
E33043291,314,85,30,55,229,171,58
E33043292,277,137,39,98,140,104,36
E33043293,450,172,59,113,278,206,72
E33043294,603,277,99,178,326,256,70
E33043295,297,108,39,69,189,126,63
E33043296,339,133,46,87,206,148,58
E33043297,509,250,70,180,259,213,46
E33043298,366,156,52,104,210,149,61
E33043299,312,121,56,65,191,132,59
E33043300,428,148,59,89,280,195,85
E33043301,486,184,62,122,302,222,80
E33043302,359,94,33,61,265,194,71
E33043303,467,170,53,117,297,250,47
E33043304,390,170,68,102,220,144,76
E33043305,901,167,51,116,734,636,98
E33043306,321,122,44,78,199,124,75
E33043307,641,94,30,64,547,391,156
E33043308,299,104,43,61,195,142,53
E33043309,1148,276,91,185,872,734,138
E33043310,450,145,47,98,305,185,120
E33043311,384,153,45,108,231,163,68
E33043312,345,145,39,106,200,152,48
E33043313,387,88,40,48,299,204,95
E33043314,943,139,38,101,804,593,211
E33043315,443,142,36,106,301,217,84
E33043316,1310,119,44,75,1191,820,371
E33043317,379,92,30,62,287,196,91
E33043318,414,158,58,100,256,178,78
E33043319,942,135,51,84,807,693,114
E33043320,385,139,53,86,246,183,63
E33043321,257,115,61,54,142,103,39
E33043322,502,161,62,99,341,272,69
E33043323,627,226,79,147,401,283,118
E33043324,483,190,61,129,293,227,66
E33043325,339,79,22,57,260,212,48
E33043326,577,169,77,92,408,304,104
E33043327,463,89,27,62,374,255,119
E33043328,282,103,29,74,179,121,58
E33043329,754,251,71,180,503,445,58
E33043330,465,113,25,88,352,296,56
E33043331,322,111,34,77,211,192,19
E33043332,269,81,24,57,188,160,28
E33043333,324,128,47,81,196,148,48
E33043334,453,122,44,78,331,237,94
E33043335,603,115,32,83,488,376,112
E33043336,645,222,76,146,423,312,111
E33043337,503,175,62,113,328,230,98
E33043338,343,144,67,77,199,156,43
E33043339,293,136,47,89,157,123,34
E33043340,310,97,33,64,213,160,53
E33043341,343,113,48,65,230,165,65
E33043342,248,79,33,46,169,96,73
E33043343,320,67,22,45,253,195,58
E33043344,304,137,51,86,167,115,52
E33043345,377,90,38,52,287,218,69
E33043346,382,144,62,82,238,170,68
E33043347,620,318,124,194,302,261,41
E33043348,594,278,81,197,316,271,45
E33043349,513,156,55,101,357,270,87
E33043350,368,128,38,90,240,183,57
E33043351,400,144,60,84,256,188,68
E33043352,800,235,77,158,565,444,121
E33043353,646,209,67,142,437,361,76
E33043354,266,93,32,61,173,125,48
E33043355,364,114,43,71,250,187,63
E33043356,452,158,55,103,294,217,77
E33043357,260,87,35,52,173,141,32
E33043358,623,304,111,193,319,264,55
E33043359,405,88,30,58,317,188,129
E33043360,317,134,57,77,183,134,49
E33043361,303,122,41,81,181,120,61
E33043362,417,130,41,89,287,212,75
E33043363,276,110,50,60,166,114,52
E33043364,352,133,57,76,219,174,45
E33043365,435,151,53,98,284,191,93
E33043366,381,163,69,94,218,148,70
E33043367,299,123,47,76,176,128,48
E33043368,212,54,25,29,158,111,47
E33043369,603,159,69,90,444,286,158
E33043370,368,84,26,58,284,222,62
E33043371,253,111,29,82,142,107,35
E33043372,530,109,38,71,421,376,45
E33043373,287,106,20,86,181,154,27
E33043374,240,76,15,61,164,138,26
E33043375,304,103,32,71,201,150,51
E33043376,357,124,20,104,233,194,39
E33043377,294,166,54,112,128,107,21
E33043378,357,130,47,83,227,189,38
E33043379,413,190,61,129,223,181,42
E33043380,390,149,57,92,241,171,70
E33043381,311,125,28,97,186,144,42
E33043382,257,104,39,65,153,118,35
E33043383,498,194,72,122,304,239,65
E33043384,294,134,42,92,160,134,26
E33043385,331,122,42,80,209,143,66
E33043386,243,95,19,76,148,118,30
E33043387,720,196,52,144,524,458,66
E33043388,483,156,36,120,327,248,79
E33043389,294,144,37,107,150,123,27
E33043390,300,103,42,61,197,149,48
E33043391,426,110,46,64,316,266,50
E33043392,427,158,37,121,269,230,39
E33043393,410,91,22,69,319,261,58
E33043394,301,97,40,57,204,141,63
E33043395,428,148,40,108,280,214,66
E33043396,459,175,56,119,284,197,87
E33043397,289,118,37,81,171,138,33
E33043398,891,261,82,179,630,532,98
E33043399,287,107,34,73,180,138,42
E33043400,254,113,34,79,141,107,34
E33043401,441,166,53,113,275,225,50
E33043402,591,226,75,151,365,283,82
E33043403,330,116,26,90,214,173,41
E33043404,369,133,48,85,236,175,61
E33043405,478,150,61,89,328,270,58
E33043406,305,149,43,106,156,126,30
E33043407,318,119,53,66,199,141,58
E33043408,333,126,33,93,207,160,47
E33043409,674,290,116,174,384,311,73
E33043410,275,109,44,65,166,122,44
E33043411,588,284,75,209,304,262,42
E33043412,361,165,50,115,196,153,43
E33043413,256,121,36,85,135,104,31
E33043414,346,145,39,106,201,165,36
E33043415,332,155,57,98,177,111,66
E33043416,237,128,38,90,109,86,23
E33043417,406,141,53,88,265,227,38
E33043418,402,156,57,99,246,191,55
E33043419,225,92,26,66,133,107,26
E33043420,356,163,57,106,193,153,40
E33043421,567,252,64,188,315,262,53
E33043422,381,166,58,108,215,152,63
E33043423,369,135,23,112,234,187,47
E33043424,358,93,21,72,265,216,49
E33043425,424,166,46,120,258,191,67
E33043426,282,125,43,82,157,107,50
E33043427,604,138,41,97,466,393,73
E33043428,246,87,32,55,159,130,29
E33043429,445,187,55,132,258,201,57
E33043430,404,161,52,109,243,186,57
E33043431,326,108,33,75,218,176,42
E33043432,297,122,27,95,175,133,42
E33043433,417,89,25,64,328,249,79
E33043434,592,180,48,132,412,340,72
E33043435,348,169,59,110,179,133,46
E33043436,270,80,30,50,190,136,54
E33043437,523,127,30,97,396,287,109
E33043438,451,130,46,84,321,239,82
E33043439,457,137,46,91,320,235,85
E33043440,403,198,57,141,205,155,50
E33043441,331,80,22,58,251,212,39
E33043442,495,149,48,101,346,262,84
E33043443,549,90,24,66,459,403,56
E33043444,313,111,17,94,202,127,75
E33043445,377,131,37,94,246,179,67
E33043446,285,106,34,72,179,136,43
E33043447,287,119,33,86,168,129,39
E33043448,482,129,25,104,353,321,32
E33043449,273,92,24,68,181,147,34
E33043450,341,100,32,68,241,189,52
E33043451,501,243,87,156,258,197,61
E33043452,415,184,55,129,231,184,47
E33043453,410,174,53,121,236,191,45
E33043454,335,118,42,76,217,159,58
E33043455,348,126,40,86,222,154,68
E33043456,469,157,56,101,312,202,110
E33043457,327,95,31,64,232,187,45
E33043458,506,215,89,126,291,196,95
E33043459,378,83,24,59,295,209,86
E33043460,483,132,29,103,351,259,92
E33043461,272,87,43,44,185,132,53
E33043462,285,127,54,73,158,107,51
E33043463,420,132,60,72,288,206,82
E33043464,375,71,27,44,304,208,96
E33043465,324,112,27,85,212,148,64
E33043466,233,89,19,70,144,104,40
E33043467,940,142,33,109,798,651,147
E33043468,289,97,32,65,192,141,51
E33043469,405,152,42,110,253,188,65
E33043470,442,81,21,60,361,303,58
E33043471,312,110,45,65,202,149,53
E33043472,560,122,35,87,438,356,82
E33043473,441,145,56,89,296,228,68
E33043474,840,407,142,265,433,369,64
E33043475,381,155,55,100,226,170,56
E33043476,476,192,62,130,284,215,69
E33043477,408,88,17,71,320,228,92
E33043478,454,167,54,113,287,214,73
E33043479,530,48,15,33,482,371,111
E33043480,1892,604,191,413,1288,1059,229
E33043481,815,147,51,96,668,593,75
E33043482,393,112,41,71,281,227,54
E33043483,557,147,51,96,410,335,75
E33043484,242,107,57,50,135,85,50
E33043485,265,112,57,55,153,100,53
E33043486,364,139,49,90,225,189,36
E33043487,479,162,59,103,317,240,77
E33043488,215,83,25,58,132,93,39
E33043489,403,70,28,42,333,233,100
E33043490,575,243,100,143,332,260,72
E33043491,286,69,26,43,217,160,57
E33043492,281,96,31,65,185,130,55
E33043493,301,101,38,63,200,144,56
E33043494,567,274,105,169,293,254,39
E33043495,438,175,57,118,263,209,54
E33043496,921,289,125,164,632,492,140
E33043497,474,146,62,84,328,241,87
E33043498,358,99,39,60,259,183,76
E33043499,607,206,75,131,401,316,85
E33043500,292,112,46,66,180,126,54
E33043501,405,163,62,101,242,199,43
E33043502,360,102,46,56,258,177,81
E33043503,702,125,45,80,577,453,124
E33043504,278,112,50,62,166,130,36
E33043505,440,153,47,106,287,217,70
E33043506,304,121,44,77,183,149,34
E33043507,400,144,57,87,256,178,78
E33043508,751,136,29,107,615,524,91
E33043509,606,236,95,141,370,275,95
E33043510,279,128,48,80,151,112,39
E33043511,282,108,46,62,174,132,42
E33043512,355,143,70,73,212,156,56
E33043513,416,139,58,81,277,194,83
E33043514,553,284,103,181,269,198,71
E33043515,262,94,28,66,168,130,38
E33043516,695,171,46,125,524,421,103
E33043517,528,155,39,116,373,314,59
E33043518,388,131,51,80,257,192,65
E33043519,471,148,65,83,323,255,68
E33043520,927,331,116,215,596,429,167
E33043521,302,119,51,68,183,136,47
E33043522,420,141,41,100,279,211,68
E33043523,392,66,24,42,326,237,89
E33043524,392,164,51,113,228,194,34
E33043525,397,119,41,78,278,195,83
E33043526,469,163,69,94,306,232,74
E33043527,660,127,46,81,533,452,81
E33043528,340,120,47,73,220,154,66
E33043529,399,164,71,93,235,185,50
E33043530,425,121,45,76,304,224,80
E33043531,271,119,58,61,152,110,42
E33043532,342,78,44,34,264,186,78
E33043533,835,203,95,108,632,530,102
E33043534,756,197,69,128,559,447,112
E33043535,326,73,28,45,253,194,59
E33043536,308,116,48,68,192,140,52
E33043537,584,200,72,128,384,283,101
E33043538,494,188,70,118,306,247,59
E33043539,466,161,59,102,305,206,99
E33043540,318,104,41,63,214,161,53
E33043541,253,118,51,67,135,109,26
E33043542,484,63,19,44,421,320,101
E33043543,1300,231,94,137,1069,906,163
E33043544,242,96,31,65,146,109,37
E33043545,543,225,125,100,318,254,64
E33043546,294,106,48,58,188,132,56
E33043547,995,276,109,167,719,593,126
E33043548,306,115,41,74,191,139,52
E33043549,343,138,41,97,205,133,72
E33043550,300,115,44,71,185,160,25
E33043551,334,120,55,65,214,155,59
E33043552,438,150,67,83,288,214,74
E33043553,622,229,63,166,393,311,82
E33043554,333,113,50,63,220,176,44
E33043555,1099,143,44,99,956,773,183
E33043556,554,219,61,158,335,245,90
E33043557,599,245,82,163,354,260,94
E33043558,258,123,57,66,135,96,39
E33043559,267,104,50,54,163,106,57
E33043560,315,139,56,83,176,132,44
E33043561,396,159,80,79,237,169,68
E33043562,280,106,40,66,174,128,46
E33043563,375,121,43,78,254,203,51
E33043564,474,140,48,92,334,243,91
E33043565,492,133,42,91,359,280,79
E33043566,547,101,33,68,446,388,58
E33043567,468,173,54,119,295,198,97
E33043568,490,146,58,88,344,301,43
E33043569,264,112,38,74,152,122,30
E33043570,269,125,36,89,144,117,27
E33043571,337,80,20,60,257,219,38
E33043572,290,94,28,66,196,162,34
E33043573,547,182,54,128,365,318,47
E33043574,441,196,93,103,245,197,48
E33043575,366,136,42,94,230,182,48
E33043576,814,185,62,123,629,522,107
E33043577,270,57,25,32,213,172,41
E33043578,549,190,81,109,359,299,60
E33043579,273,89,12,77,184,173,11
E33043580,323,106,41,65,217,159,58
E33043581,261,98,33,65,163,127,36
E33043582,271,104,40,64,167,129,38
E33043583,503,207,77,130,296,245,51
E33043584,411,142,54,88,269,196,73
E33043585,328,111,47,64,217,159,58
E33043586,303,119,40,79,184,146,38
E33043587,346,142,56,86,204,159,45
E33043588,510,97,29,68,413,348,65
E33043589,472,144,46,98,328,242,86
E33043590,367,150,53,97,217,152,65
E33043591,284,84,33,51,200,143,57
E33043592,321,107,46,61,214,178,36
E33043593,354,139,52,87,215,158,57
E33043594,534,212,92,120,322,226,96
E33043595,398,100,38,62,298,225,73
E33043596,458,139,52,87,319,259,60
E33043597,362,135,66,69,227,175,52
E33043598,717,264,118,146,453,326,127
E33043599,263,127,71,56,136,85,51
E33043600,444,171,83,88,273,199,74
E33043601,557,158,53,105,399,301,98
E33043602,278,92,43,49,186,139,47
E33043603,638,259,95,164,379,277,102
E33043604,269,111,54,57,158,128,30
E33043605,232,76,28,48,156,114,42
E33043606,363,181,47,134,182,124,58
E33043607,432,110,49,61,322,265,57
E33043608,317,136,49,87,181,123,58
E33043609,364,127,47,80,237,174,63
E33043610,411,145,44,101,266,212,54
E33043611,442,168,56,112,274,213,61
E33043612,359,129,45,84,230,160,70
E33043613,542,164,75,89,378,250,128
E33043614,381,159,66,93,222,140,82
E33043615,294,114,51,63,180,111,69
E33043616,429,129,61,68,300,206,94
E33043617,352,138,50,88,214,151,63
E33043618,258,79,30,49,179,124,55
E33043619,297,100,34,66,197,141,56
E33043620,418,102,33,69,316,250,66
E33043621,455,179,57,122,276,204,72
E33043622,388,120,47,73,268,182,86
E33043623,401,164,48,116,237,192,45
E33043624,1590,222,63,159,1368,1196,172
E33043625,378,45,17,28,333,292,41
E33043626,424,157,63,94,267,206,61
E33043627,310,77,21,56,233,203,30
E33043628,405,148,42,106,257,207,50
E33043629,281,70,28,42,211,163,48
E33043630,396,179,59,120,217,168,49
E33043631,355,125,46,79,230,171,59
E33043632,292,102,30,72,190,150,40
E33043633,617,213,58,155,404,327,77
E33043634,581,209,62,147,372,311,61
E33043635,234,83,33,50,151,115,36
E33043636,556,173,57,116,383,287,96
E33043637,338,149,39,110,189,135,54
E33043638,283,122,44,78,161,111,50
E33043639,762,375,122,253,387,344,43
E33043640,1320,493,105,388,827,725,102
E33043641,255,104,28,76,151,136,15
E33043642,694,267,79,188,427,302,125
E33043643,286,129,52,77,157,111,46
E33043644,484,115,34,81,369,307,62
E33043645,268,96,42,54,172,118,54
E33043646,358,164,71,93,194,148,46
E33043647,302,137,45,92,165,129,36
E33043648,504,151,66,85,353,239,114
E33043649,315,97,43,54,218,141,77
E33043650,606,205,78,127,401,259,142
E33043651,281,120,50,70,161,118,43
E33043652,566,157,54,103,409,312,97
E33043653,322,102,44,58,220,164,56
E33043654,305,111,44,67,194,150,44
E33043655,861,141,35,106,720,531,189
E33043656,325,102,39,63,223,151,72
E33043657,418,158,77,81,260,171,89
E33043658,295,112,43,69,183,111,72
E33043659,299,55,19,36,244,175,69
E33043660,442,119,48,71,323,244,79
E33043661,385,98,31,67,287,204,83
E33043662,1297,100,33,67,1197,741,456
E33043663,339,87,34,53,252,193,59
E33043664,293,87,26,61,206,144,62
E33043665,305,122,49,73,183,136,47
E33043666,333,119,63,56,214,129,85
E33043667,638,269,89,180,369,271,98
E33043668,428,120,47,73,308,230,78
E33043669,459,209,60,149,250,189,61
E33043670,589,99,29,70,490,394,96
E33043671,298,87,24,63,211,159,52
E33043672,453,122,42,80,331,282,49
E33043673,391,123,43,80,268,213,55
E33043674,337,100,41,59,237,191,46
E33043675,301,105,44,61,196,150,46
E33043676,271,100,22,78,171,133,38
E33043677,523,105,40,65,418,327,91
E33043678,532,244,69,175,288,223,65
E33043679,824,129,51,78,695,604,91
E33043680,490,171,65,106,319,239,80
E33043681,238,64,29,35,174,143,31
E33043682,230,60,17,43,170,118,52
E33043683,1499,258,71,187,1241,1092,149
E33043684,276,115,42,73,161,120,41
E33043685,365,115,36,79,250,176,74
E33043686,665,268,102,166,397,321,76
E33043687,514,103,38,65,411,335,76
E33043688,232,63,28,35,169,108,61
E33043689,277,59,28,31,218,151,67
E33043690,443,114,34,80,329,250,79
E33043691,677,232,75,157,445,373,72
E33043692,493,132,49,83,361,287,74
E33043693,346,133,60,73,213,151,62
E33043694,472,178,78,100,294,239,55
E33043695,391,124,51,73,267,224,43
E33043696,488,64,26,38,424,354,70
E33043697,1195,193,56,137,1002,850,152
E33043698,798,124,37,87,674,575,99
E33043699,303,122,60,62,181,145,36
E33043700,687,321,97,224,366,298,68
E33043701,522,101,35,66,421,351,70
E33043702,251,63,28,35,188,153,35
E33043703,263,91,34,57,172,133,39
E33043704,728,143,30,113,585,544,41
E33043705,261,109,47,62,152,114,38
E33043706,400,146,62,84,254,209,45
E33043707,255,109,37,72,146,113,33
E33043708,545,172,49,123,373,253,120
E33043709,303,101,41,60,202,149,53
E33043710,308,94,45,49,214,167,47
E33043711,379,149,58,91,230,190,40
E33043712,287,136,51,85,151,104,47
E33043713,203,88,30,58,115,93,22
E33043714,265,102,27,75,163,123,40
E33043715,706,266,91,175,440,313,127
E33043716,268,97,34,63,171,128,43
E33043717,293,110,31,79,183,156,27
E33043718,281,112,56,56,169,134,35
E33043719,378,178,71,107,200,161,39
E33043720,398,145,47,98,253,209,44
E33043721,445,159,47,112,286,235,51
E33043722,330,127,35,92,203,176,27
E33043723,632,249,111,138,383,266,117
E33043724,497,186,65,121,311,283,28
E33043725,300,131,39,92,169,113,56
E33043726,367,161,75,86,206,173,33
E33043727,414,138,37,101,276,223,53
E33043728,392,150,56,94,242,205,37
E33043729,611,221,97,124,390,312,78
E33043730,275,66,32,34,209,146,63
E33043731,286,115,50,65,171,131,40
E33043732,417,162,54,108,255,195,60
E33043733,419,191,74,117,228,183,45
E33043734,669,172,61,111,497,445,52
E33043735,283,91,32,59,192,131,61
E33043736,479,116,51,65,363,230,133
E33043737,257,52,21,31,205,168,37
E33043738,394,178,76,102,216,195,21
E33043739,490,144,55,89,346,287,59
E33043740,347,135,54,81,212,165,47
E33043741,418,139,75,64,279,224,55
E33043742,709,217,71,146,492,404,88
E33043743,2143,490,87,403,1653,1460,193
E33043744,317,122,35,87,195,165,30
E33043745,1979,643,257,386,1336,1087,249
E33043746,381,155,73,82,226,183,43
E33043747,372,159,40,119,213,181,32
E33043748,543,235,85,150,308,272,36
E33043749,477,172,80,92,305,255,50
E33043750,471,152,69,83,319,262,57
E33043751,340,163,73,90,177,147,30
E33043752,262,110,45,65,152,120,32
E33043753,304,127,61,66,177,151,26
E33043754,314,71,23,48,243,175,68
E33043755,372,163,71,92,209,158,51
E33043756,304,156,65,91,148,114,34
E33043757,328,105,39,66,223,178,45
E33043758,438,84,28,56,354,320,34
E33043759,484,133,35,98,351,295,56
E33043760,439,125,45,80,314,272,42
E33043761,454,195,66,129,259,218,41
E33043762,333,124,41,83,209,146,63
E33043763,369,99,22,77,270,223,47
E33043764,423,88,32,56,335,282,53
E33043765,450,217,64,153,233,190,43
E33043766,313,113,65,48,200,144,56
E33043767,475,163,53,110,312,239,73
E33043768,294,134,33,101,160,136,24
E33043769,359,207,93,114,152,130,22
E33043770,300,95,34,61,205,163,42
E33043771,638,255,86,169,383,338,45
E33043772,299,113,44,69,186,150,36
E33043773,350,135,45,90,215,184,31
E33043774,574,225,56,169,349,304,45
E33043775,606,135,30,105,471,362,109
E33043776,465,214,73,141,251,205,46
E33043777,370,117,45,72,253,214,39
E33043778,643,225,64,161,418,355,63
E33043779,495,187,57,130,308,256,52
E33043780,447,203,56,147,244,211,33
E33043781,677,276,109,167,401,311,90
E33043782,540,137,49,88,403,312,91
E33043783,314,112,39,73,202,151,51
E33043784,427,132,53,79,295,244,51
E33043785,282,85,43,42,197,139,58
E33043786,355,125,49,76,230,170,60
E33043787,941,306,126,180,635,481,154
E33043788,503,118,42,76,385,305,80
E33043789,523,236,66,170,287,232,55
E33043790,384,112,36,76,272,199,73
E33043791,656,255,101,154,401,326,75
E33043792,318,140,44,96,178,146,32
E33043793,446,70,28,42,376,275,101
E33043794,458,123,44,79,335,272,63
E33043795,426,99,35,64,327,241,86
E33043796,261,136,52,84,125,95,30
E33043797,231,92,26,66,139,113,26
E33043798,337,69,19,50,268,159,109
E33043799,459,164,65,99,295,237,58
E33043800,376,79,40,39,297,229,68
E33043801,391,148,74,74,243,168,75
E33043802,421,160,70,90,261,172,89
E33043803,362,149,69,80,213,145,68
E33043804,301,97,42,55,204,143,61
E33043805,503,158,65,93,345,272,73
E33043806,351,126,62,64,225,161,64
E33043807,287,100,45,55,187,139,48
E33043808,384,130,61,69,254,194,60
E33043809,638,217,80,137,421,309,112
E33043810,341,124,40,84,217,169,48
E33043811,430,91,39,52,339,277,62
E33043812,348,113,51,62,235,157,78
E33043813,415,151,72,79,264,198,66
E33043814,421,148,57,91,273,190,83
E33043815,315,94,43,51,221,161,60
E33043816,313,140,55,85,173,130,43
E33043817,502,179,51,128,323,236,87
E33043818,332,117,51,66,215,153,62
E33043819,511,188,76,112,323,248,75
E33043820,426,138,65,73,288,208,80
E33043821,923,347,124,223,576,473,103
E33043822,313,121,57,64,192,146,46
E33043823,408,78,41,37,330,246,84
E33043824,414,155,44,111,259,217,42
E33043825,285,95,39,56,190,170,20
E33043826,311,133,49,84,178,146,32
E33043827,517,118,35,83,399,345,54
E33043828,423,173,63,110,250,198,52
E33043829,3337,299,111,188,3038,2479,559
E33043830,265,86,29,57,179,132,47
E33043831,214,33,12,21,181,143,38
E33043832,430,106,28,78,324,273,51
E33043833,244,87,42,45,157,119,38
E33043834,405,137,54,83,268,200,68
E33043835,425,148,52,96,277,228,49
E33043836,268,95,39,56,173,136,37
E33043837,448,123,41,82,325,270,55
E33043838,287,137,58,79,150,109,41
E33043839,329,159,46,113,170,144,26
E33043840,372,108,45,63,264,213,51
E33043841,676,186,74,112,490,378,112
E33043842,372,134,55,79,238,166,72
E33043843,373,139,46,93,234,166,68
E33043844,306,130,56,74,176,129,47
E33043845,288,126,59,67,162,112,50
E33043846,303,137,56,81,166,119,47
E33043847,252,47,15,32,205,164,41
E33043848,426,165,64,101,261,185,76
E33043849,693,221,91,130,472,317,155
E33043850,360,124,58,66,236,165,71
E33043851,246,82,37,45,164,111,53
E33043852,276,93,43,50,183,144,39
E33043853,334,152,46,106,182,140,42
E33043854,336,154,63,91,182,145,37
E33043855,423,172,59,113,251,200,51
E33043856,277,124,53,71,153,119,34
E33043857,671,174,56,118,497,388,109
E33043858,354,158,67,91,196,134,62
E33043859,450,170,57,113,280,214,66
E33043860,635,228,87,141,407,265,142
E33043861,350,99,42,57,251,169,82
E33043862,613,107,41,66,506,389,117
E33043863,286,112,53,59,174,130,44
E33043864,232,101,39,62,131,82,49
E33043865,422,151,69,82,271,191,80
E33043866,634,252,111,141,382,305,77
E33043867,524,136,49,87,388,313,75
E33043868,252,80,31,49,172,121,51
E33043869,342,126,49,77,216,157,59
E33043870,285,89,44,45,196,137,59
E33043871,236,73,32,41,163,118,45
E33043872,293,92,46,46,201,128,73
E33043873,311,138,59,79,173,119,54
E33043874,526,243,105,138,283,216,67
E33043875,512,218,82,136,294,223,71
E33043876,286,85,39,46,201,146,55
E33043877,399,136,45,91,263,184,79
E33043878,355,132,64,68,223,155,68
E33043879,343,54,23,31,289,242,47
E33043880,352,63,23,40,289,237,52
E33043881,279,90,42,48,189,137,52
E33043882,283,119,53,66,164,126,38
E33043883,323,87,37,50,236,188,48
E33043884,340,140,52,88,200,163,37
E33043885,244,85,32,53,159,129,30
E33043886,304,78,34,44,226,177,49
E33043887,239,73,24,49,166,129,37
E33043888,489,175,61,114,314,236,78
E33043889,521,198,87,111,323,248,75
E33043890,299,86,33,53,213,151,62
E33043891,561,129,53,76,432,317,115
E33043892,1924,167,62,105,1757,1193,564
E33043893,499,197,46,151,302,171,131
E33043894,432,90,29,61,342,278,64
E33043895,572,180,62,118,392,318,74
E33043896,235,103,35,68,132,96,36
E33043897,436,160,67,93,276,198,78
E33043898,308,110,38,72,198,166,32
E33043899,546,191,72,119,355,282,73
E33043900,560,197,76,121,363,287,76
E33043901,352,163,64,99,189,154,35
E33043902,352,164,82,82,188,155,33
E33043903,398,127,44,83,271,213,58
E33043904,353,160,50,110,193,127,66
E33043905,515,193,63,130,322,262,60
E33043906,415,132,48,84,283,223,60
E33043907,471,208,78,130,263,219,44
E33043908,429,150,52,98,279,212,67
E33043909,398,137,37,100,261,182,79
E33043910,544,232,135,97,312,277,35
E33043911,420,148,45,103,272,179,93
E33043912,720,156,65,91,564,421,143
E33043913,324,111,48,63,213,140,73
E33043914,625,201,87,114,424,292,132
E33043915,663,227,112,115,436,340,96
E33043916,458,140,55,85,318,218,100
E33043917,344,113,42,71,231,174,57
E33043918,751,347,111,236,404,356,48
E33043919,451,161,52,109,290,214,76
E33043920,626,149,49,100,477,362,115
E33043921,559,145,62,83,414,323,91
E33043922,239,65,32,33,174,114,60
E33043923,284,91,26,65,193,149,44
E33043924,394,154,65,89,240,170,70
E33043925,378,172,76,96,206,165,41
E33043926,293,115,36,79,178,139,39
E33043927,256,74,24,50,182,145,37
E33043928,374,115,56,59,259,196,63
E33043929,411,45,20,25,366,320,46
E33043930,287,59,21,38,228,148,80
E33043931,319,90,35,55,229,183,46
E33043932,296,108,43,65,188,127,61
E33043933,2078,222,43,179,1856,1652,204
E33043934,344,88,33,55,256,208,48
E33043935,725,323,138,185,402,303,99
E33043936,420,165,40,125,255,180,75
E33043937,450,84,40,44,366,311,55
E33043938,365,138,56,82,227,154,73
E33043939,318,132,55,77,186,137,49
E33043940,488,195,68,127,293,228,65
E33043941,698,330,110,220,368,311,57
E33043942,267,108,40,68,159,121,38
E33043943,333,160,53,107,173,149,24
E33043944,462,171,73,98,291,196,95
E33043945,1036,156,31,125,880,809,71
E33043946,891,116,35,81,775,660,115
E33043947,295,102,45,57,193,145,48
E33043948,2097,240,78,162,1857,1695,162
E33043949,529,159,59,100,370,298,72
E33043950,402,109,45,64,293,219,74
E33043951,365,136,31,105,229,179,50
E33043952,717,306,109,197,411,342,69
E33043953,590,141,38,103,449,371,78
E33043954,530,215,63,152,315,245,70
E33043955,524,190,64,126,334,279,55
E33043956,280,68,33,35,212,141,71
E33043957,291,88,36,52,203,135,68
E33043958,267,77,37,40,190,134,56
E33043959,524,144,58,86,380,252,128
E33043960,262,99,47,52,163,104,59
E33043961,260,79,30,49,181,134,47
E33043962,356,122,37,85,234,155,79
E33043963,274,99,50,49,175,129,46
E33043964,331,109,33,76,222,173,49
E33043965,368,104,48,56,264,195,69
E33043966,307,124,55,69,183,139,44
E33043967,312,89,43,46,223,165,58
E33043968,520,181,66,115,339,256,83
E33043969,562,242,104,138,320,249,71
E33043970,478,170,78,92,308,224,84
E33043971,256,88,30,58,168,127,41
E33043972,486,200,71,129,286,209,77
E33043973,489,173,83,90,316,245,71
E33043974,471,77,34,43,394,320,74
E33043975,264,84,28,56,180,132,48
E33043976,449,161,68,93,288,193,95
E33043977,263,120,43,77,143,101,42
E33043978,405,124,47,77,281,224,57
E33043979,248,102,42,60,146,124,22
E33043980,315,128,55,73,187,133,54
E33043981,559,171,63,108,388,328,60
E33043982,359,133,57,76,226,161,65
E33043983,284,72,27,45,212,173,39
E33043984,369,117,51,66,252,173,79
E33043985,343,81,32,49,262,209,53
E33043986,280,81,35,46,199,143,56
E33043987,325,113,55,58,212,150,62
E33043988,423,104,40,64,319,253,66
E33043989,364,127,49,78,237,170,67
E33043990,303,121,41,80,182,143,39
E33043991,341,100,40,60,241,178,63
E33043992,389,156,54,102,233,162,71
E33043993,300,103,35,68,197,171,26
E33043994,291,108,39,69,183,143,40
E33043995,314,107,40,67,207,172,35
E33043996,371,120,40,80,251,180,71
E33043997,345,154,51,103,191,143,48
E33043998,699,229,78,151,470,363,107
E33043999,315,117,52,65,198,151,47
E33044000,355,138,48,90,217,173,44
E33044001,417,124,37,87,293,259,34
E33044002,403,158,50,108,245,184,61
E33044003,408,138,45,93,270,226,44
E33044004,228,69,22,47,159,130,29
E33044005,714,364,157,207,350,309,41
E33044006,507,232,70,162,275,239,36
E33044007,336,138,60,78,198,163,35
E33044008,420,172,69,103,248,184,64
E33044009,382,160,72,88,222,174,48
E33044010,491,116,50,66,375,238,137
E33044011,418,151,60,91,267,201,66
E33044012,318,76,35,41,242,185,57
E33044013,436,143,46,97,293,256,37
E33044014,420,102,49,53,318,207,111
E33044015,634,233,107,126,401,261,140
E33044016,421,134,44,90,287,220,67
E33044017,374,110,38,72,264,206,58
E33044018,320,76,29,47,244,205,39
E33044019,408,137,40,97,271,216,55
E33044020,466,202,85,117,264,210,54
E33044021,5024,366,143,223,4658,3433,1225
E33044022,359,146,46,100,213,169,44
E33044023,386,94,37,57,292,208,84
E33044024,395,131,49,82,264,182,82
E33044025,284,122,46,76,162,123,39
E33044026,591,188,67,121,403,289,114
E33044027,224,81,37,44,143,94,49
E33044028,277,80,34,46,197,146,51
E33044029,241,83,36,47,158,108,50
E33044030,310,130,45,85,180,132,48
E33044031,417,184,85,99,233,182,51
E33044032,292,130,38,92,162,132,30
E33044033,417,134,58,76,283,212,71
E33044034,240,123,48,75,117,92,25
E33044035,322,121,48,73,201,143,58
E33044036,281,117,57,60,164,118,46
E33044037,671,249,90,159,422,314,108
E33044038,258,60,30,30,198,147,51
E33044039,443,163,57,106,280,200,80
E33044040,472,106,38,68,366,281,85
E33044041,421,142,60,82,279,226,53
E33044042,429,185,68,117,244,192,52
E33044043,410,118,54,64,292,217,75
E33044044,343,100,35,65,243,182,61
E33044045,267,102,61,41,165,132,33
E33044046,330,83,31,52,247,188,59
E33044047,239,56,22,34,183,149,34
E33044048,564,264,95,169,300,222,78
E33044049,468,106,42,64,362,292,70
E33044050,801,242,73,169,559,457,102
E33044051,480,154,64,90,326,254,72
E33044052,223,79,30,49,144,92,52
E33044053,285,103,36,67,182,135,47
E33044054,306,94,45,49,212,172,40
E33044055,362,133,60,73,229,159,70
E33044056,261,90,50,40,171,130,41
E33044057,314,61,28,33,253,176,77
E33044058,298,53,21,32,245,164,81
E33044059,271,106,56,50,165,131,34
E33044060,379,133,51,82,246,177,69
E33044061,406,136,44,92,270,227,43
E33044062,276,112,35,77,164,128,36
E33044063,1084,424,218,206,660,559,101
E33044064,281,110,36,74,171,125,46
E33044065,267,104,55,49,163,124,39
E33044066,329,99,37,62,230,153,77
E33044067,373,168,56,112,205,169,36
E33044068,367,137,63,74,230,163,67
E33044069,234,122,48,74,112,68,44
E33044070,480,191,75,116,289,207,82
E33044071,359,146,61,85,213,150,63
E33044072,299,125,57,68,174,116,58
E33044073,252,111,46,65,141,116,25
E33044074,239,88,31,57,151,127,24
E33044075,483,166,49,117,317,219,98
E33044076,264,97,30,67,167,123,44
E33044077,333,130,60,70,203,155,48
E33044078,618,175,67,108,443,359,84
E33044079,316,127,57,70,189,133,56
E33044080,274,117,50,67,157,104,53
E33044081,385,141,59,82,244,175,69
E33044082,497,152,85,67,345,266,79
E33044083,286,84,34,50,202,125,77
E33044084,606,172,41,131,434,364,70
E33044085,469,91,37,54,378,277,101
E33044086,266,98,34,64,168,131,37
E33044087,274,90,42,48,184,120,64
E33044088,575,194,74,120,381,323,58
E33044089,385,159,53,106,226,181,45
E33044090,321,89,33,56,232,160,72
E33044091,371,143,47,96,228,167,61
E33044092,443,197,62,135,246,209,37
E33044093,315,147,56,91,168,119,49
E33044094,637,63,23,40,574,458,116
E33044095,280,134,83,51,146,114,32
E33044096,652,223,94,129,429,296,133
E33044097,372,159,64,95,213,162,51
E33044098,282,113,63,50,169,113,56
E33044099,284,110,49,61,174,122,52
E33044100,680,233,101,132,447,368,79
E33044101,644,199,70,129,445,324,121
E33044102,590,209,76,133,381,291,90
E33044103,280,121,57,64,159,114,45
E33044104,571,231,92,139,340,247,93
E33044105,318,123,52,71,195,149,46
E33044106,645,95,34,61,550,422,128
E33044107,427,170,61,109,257,164,93
E33044108,246,75,42,33,171,126,45
E33044109,545,107,41,66,438,353,85
E33044110,342,61,25,36,281,205,76
E33044111,240,101,34,67,139,110,29
E33044112,478,142,53,89,336,257,79
E33044113,479,96,37,59,383,270,113
E33044114,349,123,58,65,226,162,64
E33044115,316,108,48,60,208,116,92
E33044116,438,126,59,67,312,225,87
E33044117,529,225,91,134,304,246,58
E33044118,238,101,48,53,137,90,47
E33044119,289,113,50,63,176,132,44
E33044120,357,167,49,118,190,152,38
E33044121,598,194,87,107,404,282,122
E33044122,315,124,49,75,191,138,53
E33044123,273,110,52,58,163,108,55
E33044124,269,136,63,73,133,85,48
E33044125,548,188,78,110,360,245,115
E33044126,368,89,35,54,279,187,92
E33044127,605,209,88,121,396,293,103
E33044128,363,140,54,86,223,171,52
E33044129,476,181,62,119,295,214,81
E33044130,431,155,60,95,276,204,72
E33044131,553,179,64,115,374,274,100
E33044132,352,158,77,81,194,128,66
E33044133,315,146,65,81,169,120,49
E33044134,364,121,39,82,243,183,60
E33044135,334,123,62,61,211,151,60
E33044136,507,221,91,130,286,219,67
E33044137,428,151,74,77,277,213,64
E33044138,331,120,42,78,211,161,50
E33044139,372,136,56,80,236,176,60
E33044140,468,165,80,85,303,222,81
E33044141,321,87,33,54,234,212,22
E33044142,528,113,25,88,415,268,147
E33044143,511,167,44,123,344,276,68
E33044144,482,157,60,97,325,238,87
E33044145,1260,538,266,272,722,595,127
E33044146,507,122,30,92,385,312,73
E33044147,395,79,29,50,316,253,63
E33044148,326,121,55,66,205,155,50
E33044149,330,116,53,63,214,149,65
E33044150,394,133,54,79,261,218,43
E33044151,474,113,43,70,361,271,90
E33044152,556,158,54,104,398,291,107
E33044153,261,84,31,53,177,149,28
E33044154,297,147,53,94,150,109,41
E33044155,424,147,39,108,277,231,46
E33044156,2169,677,151,526,1492,1263,229
E33044157,405,138,53,85,267,223,44
E33044158,371,133,56,77,238,167,71
E33044159,538,183,74,109,355,220,135
E33044160,307,122,50,72,185,123,62
E33044161,529,166,46,120,363,330,33
E33044162,246,100,44,56,146,101,45
E33044163,255,104,45,59,151,105,46
E33044164,526,156,49,107,370,308,62
E33044165,454,187,77,110,267,199,68
E33044166,290,119,38,81,171,118,53
E33044167,306,94,38,56,212,157,55
E33044168,330,88,33,55,242,184,58
E33044169,238,76,33,43,162,113,49
E33044170,298,90,33,57,208,155,53
E33044171,238,74,35,39,164,109,55
E33044172,307,84,36,48,223,171,52
E33044173,380,83,35,48,297,224,73
E33044174,596,98,35,63,498,393,105
E33044175,282,119,45,74,163,112,51
E33044176,339,117,35,82,222,180,42
E33044177,400,138,60,78,262,177,85
E33044178,281,90,35,55,191,124,67
E33044179,355,168,69,99,187,116,71
E33044180,268,106,54,52,162,123,39
E33044181,282,98,36,62,184,142,42
E33044182,438,183,72,111,255,176,79
E33044183,515,180,83,97,335,226,109
E33044184,260,89,41,48,171,116,55
E33044185,241,67,32,35,174,111,63
E33044186,377,136,62,74,241,188,53
E33044187,639,101,36,65,538,417,121
E33044188,401,143,50,93,258,203,55
E33044189,353,117,43,74,236,173,63
E33044190,585,56,19,37,529,433,96
E33044191,564,192,83,109,372,270,102
E33044192,520,61,30,31,459,416,43
E33044193,268,117,45,72,151,108,43
E33044194,255,75,33,42,180,98,82
E33044195,308,75,35,40,233,183,50
E33044196,289,124,50,74,165,116,49
E33044197,344,92,34,58,252,171,81
E33044198,363,114,54,60,249,198,51
E33044199,322,127,53,74,195,134,61
E33044200,311,122,42,80,189,153,36
E33044201,637,173,79,94,464,367,97
E33044202,566,185,65,120,381,298,83
E33044203,479,198,54,144,281,242,39
E33044204,480,111,36,75,369,304,65
E33044205,588,308,124,184,280,255,25
E33044206,393,128,58,70,265,215,50
E33044207,436,159,55,104,277,222,55
E33044208,357,173,65,108,184,140,44
E33044209,345,119,53,66,226,173,53
E33044210,376,128,52,76,248,197,51
E33044211,258,109,49,60,149,114,35
E33044212,376,125,45,80,251,194,57
E33044213,576,200,77,123,376,287,89
E33044214,254,102,54,48,152,107,45
E33044215,441,141,57,84,300,220,80
E33044216,344,118,51,67,226,168,58
E33044217,316,107,43,64,209,170,39
E33044218,302,125,46,79,177,128,49
E33044219,279,138,61,77,141,108,33
E33044220,228,94,43,51,134,93,41
E33044221,476,261,125,136,215,182,33
E33044222,581,211,77,134,370,276,94
E33044223,504,218,101,117,286,236,50
E33044224,341,107,44,63,234,191,43
E33044225,253,81,44,37,172,127,45
E33044226,331,146,74,72,185,131,54
E33044227,454,202,62,140,252,234,18
E33044228,475,186,84,102,289,218,71
E33044229,1648,322,133,189,1326,1140,186
E33044230,333,71,19,52,262,212,50
E33044231,519,91,27,64,428,356,72
E33044232,489,91,37,54,398,298,100
E33044233,659,157,46,111,502,390,112
E33044234,257,110,36,74,147,118,29
E33044235,513,127,33,94,386,297,89
E33044236,301,97,48,49,204,161,43
E33044237,357,146,46,100,211,151,60
E33044238,422,130,39,91,292,223,69
E33044239,465,166,57,109,299,201,98
E33044240,246,111,47,64,135,101,34
E33044241,270,121,69,52,149,116,33
E33044242,290,109,54,55,181,130,51
E33044243,291,115,42,73,176,136,40
E33044244,369,183,83,100,186,134,52
E33044245,256,91,45,46,165,134,31
E33044246,227,106,57,49,121,86,35
E33044247,272,86,35,51,186,121,65
E33044248,436,112,45,67,324,248,76
E33044249,293,119,46,73,174,130,44
E33044250,300,82,39,43,218,161,57
E33044251,244,80,34,46,164,119,45
E33044252,421,143,55,88,278,182,96
E33044253,427,68,28,40,359,313,46
E33044254,417,120,62,58,297,213,84
E33044255,383,127,55,72,256,186,70
E33044256,396,117,72,45,279,196,83
E33044257,429,186,106,80,243,178,65
E33044258,233,79,23,56,154,120,34
E33044259,250,86,40,46,164,124,40
E33044260,370,153,55,98,217,184,33
E33044261,510,204,81,123,306,223,83
E33044262,340,113,43,70,227,148,79
E33044263,268,104,42,62,164,121,43
E33044264,384,147,53,94,237,170,67
E33044265,590,243,111,132,347,253,94
E33044266,344,116,55,61,228,177,51
E33044267,266,107,50,57,159,122,37
E33044268,604,199,76,123,405,308,97
E33044269,648,93,33,60,555,426,129
E33044270,2855,198,49,149,2657,2290,367
E33044271,437,74,29,45,363,282,81
E33044272,660,156,45,111,504,395,109
E33044273,221,112,84,28,109,82,27
E33044274,301,96,41,55,205,121,84
E33044275,310,110,46,64,200,155,45
E33044276,503,248,68,180,255,226,29
E33044277,417,198,78,120,219,158,61
E33044278,1231,117,30,87,1114,849,265
E33044279,288,133,60,73,155,108,47
E33044280,256,81,38,43,175,120,55
E33044281,279,132,56,76,147,88,59
E33044282,307,82,46,36,225,176,49
E33044283,527,196,95,101,331,247,84
E33044284,272,111,46,65,161,118,43
E33044285,422,185,92,93,237,182,55
E33044286,251,132,57,75,119,92,27
E33044287,299,154,58,96,145,95,50
E33044288,516,102,39,63,414,317,97
E33044289,456,168,73,95,288,213,75
E33044290,298,107,43,64,191,142,49
E33044291,378,164,70,94,214,166,48
E33044292,301,84,37,47,217,161,56
E33044293,394,164,68,96,230,149,81
E33044294,289,101,40,61,188,130,58
E33044295,263,90,48,42,173,116,57
E33044296,376,158,82,76,218,161,57
E33044297,649,130,51,79,519,431,88
E33044298,449,202,78,124,247,179,68
E33044299,462,170,57,113,292,242,50
E33044300,237,87,35,52,150,118,32
E33044301,554,148,51,97,406,278,128
E33044302,265,81,33,48,184,151,33
E33044303,632,187,69,118,445,360,85
E33044304,367,109,50,59,258,208,50
E33044305,519,163,51,112,356,299,57
E33044306,298,118,43,75,180,131,49
E33044307,351,139,46,93,212,173,39
E33044308,556,170,59,111,386,321,65
E33044309,302,123,44,79,179,123,56
E33044310,422,161,57,104,261,209,52
E33044311,288,88,34,54,200,152,48
E33044312,433,152,61,91,281,216,65
E33044313,254,80,35,45,174,119,55
E33044314,297,113,51,62,184,138,46
E33044315,265,105,39,66,160,120,40
E33044316,354,128,58,70,226,150,76
E33044317,238,67,33,34,171,131,40
E33044318,381,121,58,63,260,177,83
E33044319,352,118,52,66,234,150,84
E33044320,238,116,45,71,122,76,46
E33044321,274,83,38,45,191,137,54
E33044322,253,96,45,51,157,108,49
E33044323,287,90,38,52,197,140,57
E33044324,682,185,76,109,497,375,122
E33044325,279,95,48,47,184,102,82
E33044326,481,104,29,75,377,295,82
E33044327,370,94,33,61,276,199,77
E33044328,314,128,60,68,186,126,60
E33044329,381,158,64,94,223,161,62
E33044330,278,94,42,52,184,130,54
E33044331,309,121,50,71,188,141,47
E33044332,367,152,51,101,215,163,52
E33044333,364,194,108,86,170,154,16
E33044334,436,148,70,78,288,228,60
E33044335,441,162,65,97,279,189,90
E33044336,646,294,91,203,352,286,66
E33044337,472,184,74,110,288,214,74
E33044338,322,94,35,59,228,174,54
E33044339,771,113,46,67,658,517,141
E33044340,269,90,34,56,179,141,38
E33044341,298,118,43,75,180,136,44
E33044342,314,112,42,70,202,173,29
E33044343,571,219,98,121,352,251,101
E33044344,393,123,55,68,270,190,80
E33044345,504,151,49,102,353,284,69
E33044346,453,163,70,93,290,225,65
E33044347,275,134,51,83,141,95,46
E33044348,288,133,60,73,155,113,42
E33044349,266,95,43,52,171,120,51
E33044350,770,266,74,192,504,456,48
E33044351,226,74,29,45,152,119,33
E33044352,894,489,152,337,405,325,80
E33044353,337,140,59,81,197,149,48
E33044354,267,85,32,53,182,125,57
E33044355,2303,347,78,269,1956,1739,217
E33044356,493,165,58,107,328,232,96
E33044357,394,146,41,105,248,192,56
E33044358,322,107,52,55,215,160,55
E33044359,355,136,40,96,219,166,53
E33044360,320,97,40,57,223,147,76
E33044361,460,145,44,101,315,240,75
E33044362,217,52,18,34,165,138,27
E33044363,544,166,71,95,378,307,71
E33044364,220,78,27,51,142,109,33
E33044365,273,63,16,47,210,162,48
E33044366,227,85,35,50,142,119,23
E33044367,423,95,31,64,328,264,64
E33044368,555,186,81,105,369,234,135
E33044369,395,118,36,82,277,196,81
E33044370,298,87,34,53,211,158,53
E33044371,266,135,64,71,131,98,33
E33044372,279,68,21,47,211,149,62
E33044373,466,210,74,136,256,170,86
E33044374,350,109,42,67,241,212,29
E33044375,443,178,69,109,265,199,66
E33044376,354,152,58,94,202,156,46
E33044377,544,113,35,78,431,392,39
E33044378,317,109,40,69,208,164,44
E33044379,329,97,37,60,232,198,34
E33044380,203,49,11,38,154,122,32
E33044381,271,99,32,67,172,137,35
E33044382,401,141,65,76,260,214,46
E33044383,325,110,30,80,215,147,68
E33044384,319,73,24,49,246,196,50
E33044385,498,123,48,75,375,318,57
E33044386,371,65,21,44,306,280,26
E33044387,433,81,29,52,352,270,82
E33044388,359,109,37,72,250,208,42
E33044389,350,113,49,64,237,180,57
E33044390,428,59,17,42,369,262,107
E33044391,699,130,39,91,569,470,99
E33044392,368,141,45,96,227,185,42
E33044393,843,132,38,94,711,623,88
E33044394,265,95,28,67,170,132,38
E33044395,266,107,52,55,159,106,53
E33044396,1116,189,59,130,927,795,132
E33044397,290,82,39,43,208,142,66
E33044398,391,158,61,97,233,178,55
E33044399,289,112,37,75,177,114,63
E33044400,574,216,63,153,358,324,34
E33044401,396,159,69,90,237,175,62
E33044402,294,114,43,71,180,129,51
E33044403,462,101,36,65,361,306,55
E33044404,258,107,37,70,151,99,52
E33044405,301,113,54,59,188,144,44
E33044406,259,78,39,39,181,134,47
E33044407,519,137,51,86,382,252,130
E33044408,356,137,51,86,219,171,48
E33044409,728,117,39,78,611,465,146
E33044410,251,95,48,47,156,109,47
E33044411,434,147,59,88,287,216,71
E33044412,415,168,64,104,247,178,69
E33044413,413,126,57,69,287,189,98
E33044414,394,110,53,57,284,199,85
E33044415,746,262,91,171,484,407,77
E33044416,370,111,37,74,259,201,58
E33044417,365,89,33,56,276,227,49
E33044418,459,129,41,88,330,234,96
E33044419,349,152,53,99,197,139,58
E33044420,1018,142,52,90,876,760,116
E33044421,676,180,79,101,496,370,126
E33044422,586,156,57,99,430,352,78
E33044423,629,77,31,46,552,376,176
E33044424,512,57,23,34,455,336,119
E33044425,591,200,97,103,391,291,100
E33044426,367,147,57,90,220,143,77
E33044427,2076,744,455,289,1332,1063,269
E33044428,236,91,55,36,145,106,39
E33044429,483,185,81,104,298,237,61
E33044430,293,80,35,45,213,175,38
E33044431,789,125,48,77,664,489,175
E33044432,489,182,50,132,307,206,101
E33044433,372,106,36,70,266,212,54
E33044434,1367,452,223,229,915,720,195
E33044435,666,99,28,71,567,410,157
E33044436,466,161,56,105,305,229,76
E33044437,484,120,39,81,364,268,96
E33044438,539,136,34,102,403,331,72
E33044439,496,154,68,86,342,279,63
E33044440,330,141,39,102,189,141,48
E33044441,294,78,24,54,216,145,71
E33044442,315,99,45,54,216,144,72
E33044443,383,127,56,71,256,215,41
E33044444,577,99,28,71,478,378,100
E33044445,496,211,76,135,285,230,55
E33044446,479,99,42,57,380,279,101
E33044447,538,187,75,112,351,286,65
E33044448,432,93,30,63,339,285,54
E33044449,369,86,29,57,283,217,66
E33044450,657,96,33,63,561,418,143
E33044451,379,113,46,67,266,177,89
E33044452,734,191,56,135,543,429,114
E33044453,313,110,39,71,203,171,32
E33044454,456,187,67,120,269,205,64
E33044455,585,179,53,126,406,290,116
E33044456,1224,144,34,110,1080,781,299
E33044457,671,71,23,48,600,461,139
E33044458,258,80,22,58,178,136,42
E33044459,367,115,46,69,252,197,55
E33044460,290,112,45,67,178,116,62
E33044461,322,120,54,66,202,145,57
E33044462,361,83,32,51,278,208,70
E33044463,401,129,43,86,272,195,77
E33044464,374,142,55,87,232,176,56
E33044465,463,160,68,92,303,227,76
E33044466,268,58,31,27,210,165,45
E33044467,242,100,34,66,142,102,40
E33044468,370,113,54,59,257,171,86
E33044469,376,158,66,92,218,161,57
E33044470,268,92,35,57,176,122,54
E33044471,298,76,27,49,222,170,52
E33044472,324,82,39,43,242,187,55
E33044473,331,103,45,58,228,184,44
E33044474,535,90,31,59,445,334,111
E33044475,323,96,32,64,227,174,53
E33044476,696,166,55,111,530,369,161
E33044477,629,88,18,70,541,406,135
E33044478,373,154,50,104,219,195,24
E33044479,266,83,16,67,183,142,41
E33044480,335,99,28,71,236,174,62
E33044481,361,86,32,54,275,210,65
E33044482,1164,418,114,304,746,619,127
E33044483,623,162,56,106,461,399,62
E33044484,312,106,33,73,206,161,45
E33044485,638,177,54,123,461,351,110
E33044486,393,185,59,126,208,156,52
E33044487,524,62,16,46,462,349,113
E33044488,1129,246,55,191,883,762,121
E33044489,399,97,38,59,302,247,55
E33044490,521,176,65,111,345,278,67
E33044491,683,138,45,93,545,460,85
E33044492,665,136,52,84,529,369,160
E33044493,755,326,103,223,429,363,66
E33044494,391,110,42,68,281,209,72
E33044495,426,113,40,73,313,250,63
E33044496,338,115,47,68,223,174,49
E33044497,535,204,75,129,331,242,89
E33044498,377,129,36,93,248,185,63
E33044499,314,108,42,66,206,159,47
E33044500,372,84,21,63,288,229,59
E33044501,710,100,38,62,610,480,130
E33044502,332,86,35,51,246,203,43
E33044503,319,125,64,61,194,137,57
E33044504,481,174,62,112,307,242,65
E33044505,311,61,18,43,250,206,44
E33044506,356,89,38,51,267,213,54
E33044507,377,159,44,115,218,156,62
E33044508,1159,376,143,233,783,644,139
E33044509,358,147,73,74,211,164,47
E33044510,309,116,45,71,193,153,40
E33044511,378,135,57,78,243,187,56
E33044512,384,167,63,104,217,152,65
E33044513,275,100,39,61,175,130,45
E33044514,230,89,40,49,141,93,48
E33044515,301,93,37,56,208,156,52
E33044516,361,91,33,58,270,207,63
E33044517,237,106,56,50,131,94,37
E33044518,270,70,23,47,200,160,40
E33044519,400,111,40,71,289,243,46
E33044520,408,179,66,113,229,163,66
E33044521,447,140,34,106,307,211,96
E33044522,299,121,48,73,178,133,45
E33044523,720,177,73,104,543,390,153
E33044524,1206,200,71,129,1006,584,422
E33044525,346,134,44,90,212,165,47
E33044526,156,54,28,26,102,70,32
E33044527,421,132,52,80,289,220,69
E33044528,255,98,48,50,157,100,57
E33044529,393,131,50,81,262,191,71
E33044530,263,111,30,81,152,110,42
E33044531,358,88,36,52,270,211,59
E33044532,625,147,58,89,478,395,83
E33044533,335,149,56,93,186,129,57
E33044534,234,97,31,66,137,107,30
E33044535,253,88,41,47,165,114,51
E33044536,487,87,25,62,400,328,72
E33044537,328,102,45,57,226,174,52
E33044538,710,190,72,118,520,399,121
E33044539,646,202,69,133,444,337,107
E33044540,251,89,41,48,162,124,38
E33044541,260,80,35,45,180,115,65
E33044542,413,91,48,43,322,258,64
E33044543,732,235,77,158,497,373,124
E33044544,280,66,23,43,214,165,49
E33044545,383,160,71,89,223,156,67
E33044546,286,96,58,38,190,127,63
E33044547,298,112,47,65,186,144,42
E33044548,341,136,62,74,205,159,46
E33044549,713,242,102,140,471,380,91
E33044550,334,89,33,56,245,179,66
E33044551,423,131,34,97,292,217,75
E33044552,574,181,68,113,393,292,101
E33044553,693,206,64,142,487,417,70
E33044554,434,125,56,69,309,220,89
E33044555,436,159,79,80,277,176,101
E33044556,242,91,42,49,151,108,43
E33044557,326,160,54,106,166,125,41
E33044558,531,110,48,62,421,371,50
E33044559,321,148,60,88,173,117,56
E33044560,256,62,22,40,194,159,35
E33044561,690,217,75,142,473,411,62
E33044562,341,109,43,66,232,166,66
E33044563,424,113,50,63,311,194,117
E33044564,268,111,49,62,157,117,40
E33044565,325,130,51,79,195,126,69
E33044566,465,192,78,114,273,206,67
E33044567,316,89,37,52,227,175,52
E33044568,324,111,52,59,213,159,54
E33044569,595,280,104,176,315,289,26
E33044570,214,67,24,43,147,101,46
E33044571,618,204,95,109,414,350,64
E33044572,382,115,46,69,267,225,42
E33044573,522,162,51,111,360,258,102
E33044574,314,117,49,68,197,143,54
E33044575,440,189,82,107,251,194,57
E33044576,271,95,30,65,176,149,27
E33044577,418,159,73,86,259,191,68
E33044578,394,168,55,113,226,175,51
E33044579,314,143,58,85,171,123,48
E33044580,394,120,32,88,274,225,49
E33044581,1486,122,41,81,1364,1046,318
E33044582,398,140,36,104,258,204,54
E33044583,472,181,72,109,291,190,101
E33044584,600,326,145,181,274,213,61
E33044585,274,87,35,52,187,148,39
E33044586,324,120,39,81,204,152,52
E33044587,690,92,34,58,598,528,70
E33044588,341,121,44,77,220,181,39
E33044589,330,115,47,68,215,142,73
E33044590,341,87,42,45,254,202,52
E33044591,419,108,44,64,311,241,70
E33044592,410,137,41,96,273,208,65
E33044593,275,118,52,66,157,116,41
E33044594,535,237,77,160,298,217,81
E33044595,260,91,40,51,169,127,42
E33044596,324,84,31,53,240,150,90
E33044597,292,111,40,71,181,124,57
E33044598,378,85,30,55,293,232,61
E33044599,637,191,75,116,446,378,68
E33044600,601,243,107,136,358,257,101
E33044601,367,147,59,88,220,165,55
E33044602,500,149,50,99,351,299,52
E33044603,494,156,53,103,338,244,94
E33044604,352,107,36,71,245,176,69
E33044605,386,179,75,104,207,152,55
E33044606,412,125,61,64,287,249,38
E33044607,304,119,37,82,185,124,61
E33044608,450,146,68,78,304,199,105
E33044609,321,86,39,47,235,187,48
E33044610,372,98,42,56,274,188,86
E33044611,582,174,58,116,408,329,79
E33044612,485,214,63,151,271,215,56
E33044613,242,68,26,42,174,129,45
E33044614,366,174,89,85,192,139,53
E33044615,319,130,42,88,189,147,42
E33044616,590,181,59,122,409,327,82
E33044617,448,183,70,113,265,182,83
E33044618,411,164,70,94,247,179,68
E33044619,460,211,97,114,249,183,66
E33044620,398,147,58,89,251,203,48
E33044621,354,108,59,49,246,178,68
E33044622,636,231,63,168,405,365,40
E33044623,318,119,40,79,199,159,40
E33044624,477,186,97,89,291,250,41
E33044625,436,151,51,100,285,226,59
E33044626,298,91,38,53,207,137,70
E33044627,297,111,34,77,186,149,37
E33044628,372,167,72,95,205,160,45
E33044629,382,86,27,59,296,240,56
E33044630,353,156,64,92,197,138,59
E33044631,299,77,32,45,222,171,51
E33044632,275,119,43,76,156,113,43
E33044633,484,182,69,113,302,215,87
E33044634,261,61,23,38,200,150,50
E33044635,595,135,54,81,460,348,112
E33044636,299,80,38,42,219,178,41
E33044637,214,112,52,60,102,71,31
E33044638,311,94,39,55,217,148,69
E33044639,244,64,31,33,180,114,66
E33044640,253,77,31,46,176,128,48
E33044641,523,105,38,67,418,373,45
E33044642,268,98,31,67,170,144,26
E33044643,476,191,84,107,285,222,63
E33044644,315,93,37,56,222,171,51
E33044645,245,77,28,49,168,116,52
E33044646,338,111,53,58,227,169,58
E33044647,354,135,47,88,219,151,68
E33044648,341,144,64,80,197,132,65
E33044649,362,106,52,54,256,182,74
E33044650,396,138,50,88,258,188,70
E33044651,314,57,18,39,257,191,66
E33044652,298,63,32,31,235,186,49
E33044653,461,95,39,56,366,258,108
E33044654,280,129,53,76,151,108,43
E33044655,580,175,66,109,405,290,115
E33044656,339,115,49,66,224,158,66
E33044657,355,117,56,61,238,186,52
E33044658,641,190,85,105,451,339,112
E33044659,303,98,45,53,205,147,58
E33044660,442,186,82,104,256,189,67
E33044661,450,181,77,104,269,197,72
E33044662,525,111,46,65,414,308,106
E33044663,606,161,70,91,445,358,87
E33044664,297,93,44,49,204,155,49
E33044665,536,121,53,68,415,328,87
E33044666,394,115,37,78,279,231,48
E33044667,348,124,44,80,224,175,49
E33044668,548,252,88,164,296,255,41
E33044669,360,125,47,78,235,155,80
E33044670,369,176,59,117,193,131,62
E33044671,438,162,60,102,276,219,57
E33044672,308,141,61,80,167,117,50
E33044673,274,67,24,43,207,164,43
E33044674,297,115,39,76,182,144,38
E33044675,290,119,55,64,171,127,44
E33044676,343,126,38,88,217,174,43
E33044677,391,126,61,65,265,205,60
E33044678,308,102,46,56,206,154,52
E33044679,426,109,34,75,317,272,45
E33044680,404,166,87,79,238,183,55
E33044681,312,136,70,66,176,130,46
E33044682,578,203,69,134,375,228,147
E33044683,505,78,27,51,427,362,65
E33044684,259,84,35,49,175,128,47
E33044685,583,147,39,108,436,401,35
E33044686,368,129,57,72,239,180,59
E33044687,340,135,48,87,205,162,43
E33044688,1050,206,60,146,844,720,124
E33044689,331,152,61,91,179,107,72
E33044690,365,141,74,67,224,163,61
E33044691,367,129,53,76,238,167,71
E33044692,254,64,23,41,190,154,36
E33044693,698,237,89,148,461,323,138
E33044694,291,130,60,70,161,109,52
E33044695,336,121,40,81,215,139,76
E33044696,278,97,48,49,181,130,51
E33044697,397,130,49,81,267,198,69
E33044698,342,124,59,65,218,176,42
E33044699,685,250,87,163,435,325,110
E33044700,533,201,87,114,332,243,89
E33044701,421,92,33,59,329,258,71
E33044702,484,209,89,120,275,205,70
E33044703,309,106,50,56,203,149,54
E33044704,308,148,57,91,160,103,57
E33044705,281,101,41,60,180,121,59
E33044706,376,152,59,93,224,171,53
E33044707,233,96,46,50,137,95,42
E33044708,461,152,63,89,309,222,87
E33044709,585,164,67,97,421,315,106
E33044710,470,154,40,114,316,220,96
E33044711,268,119,45,74,149,100,49
E33044712,389,155,60,95,234,158,76
E33044713,522,176,55,121,346,292,54
E33044714,399,153,50,103,246,170,76
E33044715,293,120,44,76,173,121,52
E33044716,302,94,41,53,208,159,49
E33044717,328,110,44,66,218,170,48
E33044718,457,227,112,115,230,191,39
E33044719,626,153,69,84,473,298,175
E33044720,832,195,73,122,637,521,116
E33044721,306,124,57,67,182,148,34
E33044722,305,78,29,49,227,156,71
E33044723,342,119,54,65,223,166,57
E33044724,309,107,49,58,202,146,56
E33044725,339,134,58,76,205,156,49
E33044726,764,142,44,98,622,456,166
E33044727,291,101,41,60,190,141,49
E33044728,290,81,36,45,209,125,84
E33044729,438,124,47,77,314,233,81
E33044730,344,107,51,56,237,173,64
E33044731,265,78,38,40,187,149,38
E33044732,409,210,68,142,199,166,33
E33044733,320,130,54,76,190,131,59
E33044734,294,81,35,46,213,154,59
E33044735,267,110,47,63,157,121,36
E33044736,407,161,53,108,246,207,39
E33044737,389,120,51,69,269,223,46
E33044738,239,59,32,27,180,156,24
E33044739,328,113,41,72,215,176,39
E33044740,456,189,93,96,267,207,60
E33044741,483,180,70,110,303,218,85
E33044742,336,91,39,52,245,167,78
E33044743,275,71,24,47,204,166,38
E33044744,326,103,36,67,223,178,45
E33044745,381,127,51,76,254,186,68
E33044746,280,127,57,70,153,114,39
E33044747,465,131,55,76,334,234,100
E33044748,461,144,53,91,317,238,79
E33044749,527,141,49,92,386,300,86
E33044750,282,107,56,51,175,129,46
E33044751,438,124,54,70,314,264,50
E33044752,1831,127,53,74,1704,1079,625
E33044753,525,82,34,48,443,345,98
E33044754,260,93,37,56,167,127,40
E33044755,478,191,70,121,287,209,78
E33044756,270,117,54,63,153,108,45
E33044757,308,70,26,44,238,183,55
E33044758,358,158,43,115,200,170,30
E33044759,447,95,29,66,352,260,92
E33044760,420,110,47,63,310,233,77
E33044761,273,112,38,74,161,121,40
E33044762,294,97,25,72,197,161,36
E33044763,357,131,37,94,226,181,45
E33044764,435,94,32,62,341,280,61
E33044765,643,292,143,149,351,291,60
E33044766,575,190,72,118,385,308,77
E33044767,320,102,27,75,218,163,55
E33044768,439,177,87,90,262,199,63
E33044769,378,171,53,118,207,140,67
E33044770,395,105,30,75,290,249,41
E33044771,420,126,46,80,294,215,79
E33044772,530,229,110,119,301,236,65
E33044773,474,181,78,103,293,219,74
E33044774,379,135,54,81,244,182,62
E33044775,309,103,48,55,206,157,49
E33044776,664,339,163,176,325,251,74
E33044777,566,191,54,137,375,303,72
E33044778,793,251,49,202,542,501,41
E33044779,448,65,17,48,383,335,48
E33044780,267,64,32,32,203,163,40
E33044781,447,146,60,86,301,236,65
E33044782,548,245,61,184,303,272,31
E33044783,266,91,34,57,175,141,34
E33044784,713,171,65,106,542,462,80
E33044785,288,113,42,71,175,125,50
E33044786,501,167,48,119,334,236,98
E33044787,318,110,39,71,208,149,59
E33044788,476,157,71,86,319,255,64
E33044789,632,151,45,106,481,406,75
E33044790,296,112,52,60,184,132,52
E33044791,324,137,54,83,187,141,46
E33044792,351,124,53,71,227,171,56
E33044793,376,77,26,51,299,248,51
E33044794,283,95,45,50,188,130,58
E33044795,314,52,15,37,262,203,59
E33044796,331,143,62,81,188,145,43
E33044797,424,242,99,143,182,136,46
E33044798,432,87,35,52,345,279,66
E33044799,332,129,52,77,203,155,48
E33044800,415,167,56,111,248,197,51
E33044801,212,61,23,38,151,104,47
E33044802,289,64,30,34,225,162,63
E33044803,531,179,85,94,352,263,89
E33044804,254,85,45,40,169,132,37
E33044805,323,113,52,61,210,162,48
E33044806,407,142,53,89,265,203,62
E33044807,323,113,41,72,210,167,43
E33044808,453,152,64,88,301,238,63
E33044809,383,110,32,78,273,221,52
E33044810,337,148,59,89,189,151,38
E33044811,249,130,40,90,119,91,28
E33044812,471,171,74,97,300,208,92
E33044813,1545,866,303,563,679,610,69
E33044814,310,132,41,91,178,134,44
E33044815,502,187,67,120,315,205,110
E33044816,649,214,87,127,435,341,94
E33044817,365,182,61,121,183,154,29
E33044818,378,136,33,103,242,179,63
E33044819,578,110,42,68,468,376,92
E33044820,870,382,92,290,488,443,45
E33044821,290,98,25,73,192,149,43
E33044822,359,165,54,111,194,173,21
E33044823,316,92,40,52,224,187,37
E33044824,305,119,45,74,186,130,56
E33044825,304,94,33,61,210,161,49
E33044826,360,124,68,56,236,163,73
E33044827,314,134,59,75,180,128,52
E33044828,431,152,47,105,279,220,59
E33044829,250,98,35,63,152,122,30
E33044830,337,122,57,65,215,157,58
E33044831,288,110,41,69,178,120,58
E33044832,619,209,76,133,410,287,123
E33044833,583,213,62,151,370,293,77
E33044834,453,187,52,135,266,221,45
E33044835,325,137,45,92,188,155,33
E33044836,430,193,74,119,237,190,47
E33044837,374,156,47,109,218,175,43
E33044838,416,149,45,104,267,217,50
E33044839,612,103,40,63,509,375,134
E33044840,313,118,36,82,195,136,59
E33044841,240,84,32,52,156,110,46
E33044842,396,166,62,104,230,175,55
E33044843,314,127,68,59,187,130,57
E33044844,250,76,39,37,174,128,46
E33044845,360,127,45,82,233,191,42
E33044846,294,107,47,60,187,140,47
E33044847,519,182,68,114,337,244,93
E33044848,278,103,52,51,175,114,61
E33044849,452,148,48,100,304,230,74
E33044850,324,114,48,66,210,141,69
E33044851,432,162,64,98,270,180,90
E33044852,402,104,37,67,298,251,47
E33044853,286,122,48,74,164,104,60
E33044854,400,121,58,63,279,209,70
E33044855,299,115,47,68,184,135,49
E33044856,271,119,50,69,152,114,38
E33044857,352,108,42,66,244,193,51
E33044858,365,105,51,54,260,188,72
E33044859,483,105,52,53,378,303,75
E33044860,332,176,62,114,156,117,39
E33044861,505,101,33,68,404,323,81
E33044862,619,101,33,68,518,445,73
E33044863,380,60,14,46,320,280,40
E33044864,668,115,27,88,553,464,89
E33044865,303,77,24,53,226,173,53
E33044866,534,84,29,55,450,372,78
E33044867,621,181,81,100,440,337,103
E33044868,742,405,131,274,337,311,26
E33044869,353,143,58,85,210,158,52
E33044870,385,150,60,90,235,175,60
E33044871,292,131,37,94,161,139,22
E33044872,442,183,84,99,259,190,69
E33044873,1173,277,96,181,896,704,192
E33044874,552,226,71,155,326,253,73
E33044875,243,95,36,59,148,102,46
E33044876,525,105,37,68,420,324,96
E33044877,426,77,25,52,349,281,68
E33044878,338,149,49,100,189,134,55
E33044879,501,258,109,149,243,190,53
E33044880,429,137,51,86,292,213,79
E33044881,330,145,58,87,185,143,42
E33044882,284,143,63,80,141,102,39
E33044883,293,144,63,81,149,111,38
E33044884,261,147,72,75,114,91,23
E33044885,566,246,88,158,320,248,72
E33044886,332,143,65,78,189,140,49
E33044887,285,98,32,66,187,139,48
E33044888,301,124,40,84,177,139,38
E33044889,714,223,62,161,491,384,107
E33044890,789,260,56,204,529,492,37
E33044891,256,128,64,64,128,90,38
E33044892,228,116,42,74,112,85,27
E33044893,223,114,30,84,109,78,31
E33044894,591,277,111,166,314,260,54
E33044895,393,202,70,132,191,156,35
E33044896,284,135,46,89,149,117,32
E33044897,579,189,64,125,390,297,93
E33044898,399,163,56,107,236,189,47
E33044899,496,225,71,154,271,213,58
E33044900,306,134,43,91,172,136,36
E33044901,526,180,53,127,346,277,69
E33044902,373,151,53,98,222,174,48
E33044903,262,84,34,50,178,129,49
E33044904,306,137,46,91,169,111,58
E33044905,419,144,53,91,275,204,71
E33044906,459,191,89,102,268,193,75
E33044907,276,65,16,49,211,161,50
E33044908,623,273,71,202,350,297,53
E33044909,409,137,45,92,272,228,44
E33044910,646,251,59,192,395,327,68
E33044911,335,108,38,70,227,180,47
E33044912,463,238,105,133,225,152,73
E33044913,349,146,55,91,203,150,53
E33044914,368,136,56,80,232,183,49
E33044915,279,133,61,72,146,105,41
E33044916,390,169,69,100,221,173,48
E33044917,466,161,42,119,305,240,65
E33044918,711,295,106,189,416,305,111
E33044919,333,139,55,84,194,163,31
E33044920,499,160,46,114,339,295,44
E33044921,518,214,83,131,304,256,48
E33044922,349,145,50,95,204,159,45
E33044923,370,109,29,80,261,224,37
E33044924,812,394,141,253,418,355,63
E33044925,274,87,20,67,187,168,19
E33044926,251,117,29,88,134,104,30
E33044927,342,151,48,103,191,160,31
E33044928,412,167,56,111,245,203,42
E33044929,317,119,55,64,198,152,46
E33044930,295,115,45,70,180,151,29
E33044931,333,146,58,88,187,131,56
E33044932,302,131,63,68,171,126,45
E33044933,309,130,57,73,179,130,49
E33044934,322,134,45,89,188,142,46
E33044935,441,179,69,110,262,195,67
E33044936,384,160,67,93,224,165,59
E33044937,402,155,62,93,247,181,66
E33044938,359,129,68,61,230,153,77
E33044939,259,66,28,38,193,145,48
E33044940,390,146,49,97,244,171,73
E33044941,316,157,63,94,159,106,53
E33044942,283,89,40,49,194,137,57
E33044943,274,96,45,51,178,112,66
E33044944,311,152,73,79,159,108,51
E33044945,250,92,41,51,158,110,48
E33044946,275,92,27,65,183,128,55
E33044947,387,168,82,86,219,160,59
E33044948,289,101,48,53,188,141,47
E33044949,307,115,55,60,192,128,64
E33044950,377,125,49,76,252,178,74
E33044951,266,94,51,43,172,130,42
E33044952,285,142,43,99,143,115,28
E33044953,514,124,58,66,390,312,78
E33044954,364,126,50,76,238,173,65
E33044955,384,140,56,84,244,155,89
E33044956,234,82,41,41,152,110,42
E33044957,499,209,85,124,290,215,75
E33044958,420,130,52,78,290,213,77
E33044959,360,135,52,83,225,172,53
E33044960,352,131,52,79,221,139,82
E33044961,336,131,56,75,205,151,54
E33044962,535,215,95,120,320,222,98
E33044963,458,287,188,99,171,130,41
E33044964,350,111,64,47,239,178,61
E33044965,283,102,50,52,181,122,59
E33044966,496,177,63,114,319,260,59
E33044967,501,223,88,135,278,227,51
E33044968,526,193,65,128,333,236,97
E33044969,509,176,68,108,333,249,84
E33044970,235,95,34,61,140,103,37
E33044971,339,86,30,56,253,192,61
E33044972,237,117,42,75,120,89,31
E33044973,245,84,36,48,161,98,63
E33044974,273,103,47,56,170,117,53
E33044975,416,145,51,94,271,208,63
E33044976,342,140,64,76,202,136,66
E33044977,285,118,42,76,167,129,38
E33044978,3499,1206,271,935,2293,1981,312
E33044979,227,109,43,66,118,98,20
E33044980,512,218,80,138,294,252,42
E33044981,341,140,60,80,201,165,36
E33044982,345,123,38,85,222,164,58
E33044983,235,96,42,54,139,108,31
E33044984,349,135,43,92,214,174,40
E33044985,284,130,53,77,154,96,58
E33044986,401,148,63,85,253,184,69
E33044987,417,139,42,97,278,226,52
E33044988,1223,120,41,79,1103,674,429
E33044989,300,104,37,67,196,148,48
E33044990,572,246,78,168,326,255,71
E33044991,305,133,46,87,172,144,28
E33044992,500,182,58,124,318,266,52
E33044993,507,179,80,99,328,254,74
E33044994,346,128,41,87,218,167,51
E33044995,408,75,25,50,333,237,96
E33044996,674,151,36,115,523,492,31
E33044997,486,138,57,81,348,230,118
E33044998,248,134,55,79,114,85,29
E33044999,332,129,45,84,203,152,51
E33045000,357,131,48,83,226,171,55
E33045001,237,78,25,53,159,120,39
E33045002,341,182,65,117,159,138,21
E33045003,243,91,33,58,152,113,39
E33045004,325,106,32,74,219,169,50
E33045005,222,60,21,39,162,125,37
E33045006,465,94,31,63,371,321,50
E33045007,285,70,39,31,215,153,62
E33045008,413,113,37,76,300,225,75
E33045009,320,98,49,49,222,162,60
E33045010,457,104,24,80,353,274,79
E33045011,571,175,74,101,396,307,89
E33045012,337,111,35,76,226,162,64
E33045013,357,131,46,85,226,146,80
E33045014,565,233,89,144,332,258,74
E33045015,329,102,28,74,227,169,58
E33045016,278,117,62,55,161,116,45
E33045017,335,113,53,60,222,158,64
E33045018,347,110,45,65,237,162,75
E33045019,265,91,27,64,174,126,48
E33045020,367,96,44,52,271,227,44
E33045021,486,182,47,135,304,259,45
E33045022,380,157,58,99,223,152,71
E33045023,553,273,81,192,280,226,54
E33045024,451,192,72,120,259,207,52
E33045025,397,120,45,75,277,215,62
E33045026,315,107,34,73,208,169,39
E33045027,292,126,25,101,166,130,36
E33045028,613,292,142,150,321,286,35
E33045029,261,75,27,48,186,138,48
E33045030,430,166,75,91,264,193,71
E33045031,505,140,54,86,365,286,79
E33045032,748,316,115,201,432,371,61
E33045033,306,113,37,76,193,151,42
E33045034,280,92,26,66,188,150,38
E33045035,216,37,17,20,179,158,21
E33045036,399,154,50,104,245,198,47
E33045037,534,109,37,72,425,339,86
E33045038,839,269,97,172,570,495,75
E33045039,695,153,50,103,542,455,87
E33045040,242,118,49,69,124,86,38
E33045041,373,76,20,56,297,256,41
E33045042,305,132,34,98,173,134,39
E33045043,1186,398,143,255,788,685,103
E33045044,316,54,14,40,262,219,43
E33045045,346,159,61,98,187,128,59
E33045046,786,163,53,110,623,532,91
E33045047,420,121,36,85,299,244,55
E33045048,342,108,35,73,234,182,52
E33045049,295,102,24,78,193,149,44
E33045050,536,194,55,139,342,241,101
E33045051,299,118,39,79,181,138,43
E33045052,293,117,43,74,176,120,56
E33045053,1275,471,125,346,804,725,79
E33045054,327,79,20,59,248,205,43
E33045055,286,87,18,69,199,170,29
E33045056,382,93,22,71,289,240,49
E33045057,541,135,40,95,406,346,60
E33045058,646,233,58,175,413,359,54
E33045059,537,137,58,79,400,309,91
E33045060,484,195,60,135,289,225,64
E33045061,357,105,45,60,252,192,60
E33045062,352,121,48,73,231,171,60
E33045063,454,133,33,100,321,236,85
E33045064,489,214,93,121,275,238,37
E33045065,716,256,81,175,460,371,89
E33045066,360,137,49,88,223,179,44
E33045067,588,274,97,177,314,259,55
E33045068,298,118,41,77,180,140,40
E33045069,287,121,37,84,166,123,43
E33045070,680,237,77,160,443,332,111
E33045071,579,236,81,155,343,295,48
E33045072,426,112,29,83,314,241,73
E33045073,514,143,68,75,371,284,87
E33045074,477,145,44,101,332,225,107
E33045075,359,94,34,60,265,210,55
E33045076,498,158,71,87,340,243,97
E33045077,350,164,54,110,186,142,44
E33045078,306,171,95,76,135,111,24
E33045079,371,78,32,46,293,248,45
E33045080,1263,140,46,94,1123,989,134
E33045081,512,191,67,124,321,219,102
E33045082,469,189,84,105,280,218,62
E33045083,264,123,66,57,141,95,46
E33045084,264,87,33,54,177,147,30
E33045085,563,169,59,110,394,305,89
E33045086,251,129,43,86,122,87,35
E33045087,304,104,35,69,200,146,54
E33045088,377,156,65,91,221,162,59
E33045089,515,152,47,105,363,279,84
E33045090,335,107,48,59,228,167,61
E33045091,618,105,31,74,513,416,97
E33045092,342,51,16,35,291,233,58
E33045093,357,164,70,94,193,135,58
E33045094,709,222,80,142,487,350,137
E33045095,279,119,40,79,160,113,47
E33045096,299,108,50,58,191,132,59
E33045097,273,82,34,48,191,128,63
E33045098,530,107,43,64,423,329,94
E33045099,771,236,111,125,535,432,103
E33045100,394,145,59,86,249,177,72
E33045101,298,131,56,75,167,119,48
E33045102,583,121,51,70,462,361,101
E33045103,467,165,54,111,302,217,85
E33045104,346,104,46,58,242,194,48
E33045105,805,299,114,185,506,384,122
E33045106,257,116,63,53,141,110,31
E33045107,452,128,46,82,324,246,78
E33045108,523,171,76,95,352,234,118
E33045109,235,71,36,35,164,128,36
E33045110,471,163,73,90,308,212,96
E33045111,453,193,71,122,260,179,81
E33045112,517,174,90,84,343,212,131
E33045113,294,125,46,79,169,129,40
E33045114,411,134,57,77,277,196,81
E33045115,522,193,104,89,329,252,77
E33045116,1023,218,59,159,805,689,116
E33045117,415,76,33,43,339,267,72
E33045118,460,207,94,113,253,190,63
E33045119,322,139,54,85,183,148,35
E33045120,1006,319,129,190,687,506,181
E33045121,326,89,38,51,237,161,76
E33045122,285,116,45,71,169,135,34
E33045123,519,118,46,72,401,320,81
E33045124,342,121,53,68,221,168,53
E33045125,469,109,50,59,360,243,117
E33045126,383,140,64,76,243,187,56
E33045127,300,91,39,52,209,144,65
E33045128,231,79,35,44,152,117,35
E33045129,337,129,48,81,208,147,61
E33045130,725,144,50,94,581,445,136
E33045131,484,151,73,78,333,259,74
E33045132,375,131,56,75,244,159,85
E33045133,313,133,56,77,180,125,55
E33045134,306,117,61,56,189,112,77
E33045135,310,77,25,52,233,180,53
E33045136,267,83,43,40,184,125,59
E33045137,309,127,59,68,182,139,43
E33045138,380,140,41,99,240,183,57
E33045139,235,100,38,62,135,107,28
E33045140,518,248,93,155,270,209,61
E33045141,554,238,114,124,316,256,60
E33045142,299,136,54,82,163,97,66
E33045143,575,234,88,146,341,251,90
E33045144,371,91,29,62,280,192,88
E33045145,504,96,39,57,408,293,115
E33045146,642,202,78,124,440,344,96
E33045147,514,236,101,135,278,217,61
E33045148,834,307,129,178,527,363,164
E33045149,484,85,25,60,399,329,70
E33045150,618,85,36,49,533,403,130
E33045151,581,86,39,47,495,393,102
E33045152,344,107,47,60,237,163,74
E33045153,245,84,38,46,161,115,46
E33045154,272,84,38,46,188,144,44
E33045155,322,121,54,67,201,140,61
E33045156,336,94,47,47,242,155,87
E33045157,273,111,48,63,162,106,56
E33045158,336,116,41,75,220,155,65
E33045159,541,273,107,166,268,229,39
E33045160,244,94,48,46,150,110,40
E33045161,367,162,82,80,205,149,56
E33045162,379,170,70,100,209,156,53
E33045163,326,139,63,76,187,136,51
E33045164,278,49,19,30,229,195,34
E33045165,617,201,83,118,416,371,45
E33045166,464,156,54,102,308,256,52
E33045167,561,341,175,166,220,183,37
E33045168,601,155,55,100,446,359,87
E33045169,321,122,52,70,199,162,37
E33045170,365,137,55,82,228,187,41
E33045171,268,100,40,60,168,130,38
E33045172,501,214,92,122,287,219,68
E33045173,521,254,98,156,267,222,45
E33045174,279,88,21,67,191,149,42
E33045175,307,108,42,66,199,150,49
E33045176,429,134,64,70,295,202,93
E33045177,746,246,93,153,500,342,158
E33045178,462,160,70,90,302,217,85
E33045179,474,157,57,100,317,245,72
E33045180,284,92,47,45,192,144,48
E33045181,513,195,56,139,318,233,85
E33045182,419,130,47,83,289,218,71
E33045183,306,112,45,67,194,130,64
E33045184,567,185,70,115,382,286,96
E33045185,487,127,59,68,360,160,200
E33045186,322,128,58,70,194,139,55
E33045187,300,127,43,84,173,132,41
E33045188,208,54,22,32,154,116,38
E33045189,317,81,30,51,236,158,78
E33045190,304,81,31,50,223,168,55
E33045191,660,207,94,113,453,321,132
E33045192,394,161,75,86,233,151,82
E33045193,303,78,28,50,225,152,73
E33045194,266,98,41,57,168,115,53
E33045195,263,112,39,73,151,113,38
E33045196,301,107,40,67,194,142,52
E33045197,352,70,28,42,282,188,94
E33045198,304,91,41,50,213,159,54
E33045199,259,77,31,46,182,141,41
E33045200,373,152,64,88,221,162,59
E33045201,311,121,58,63,190,135,55
E33045202,279,95,45,50,184,116,68
E33045203,281,88,35,53,193,150,43
E33045204,527,188,71,117,339,256,83
E33045205,291,121,50,71,170,132,38
E33045206,405,227,116,111,178,132,46
E33045207,503,269,116,153,234,170,64
E33045208,250,102,43,59,148,107,41
E33045209,309,144,55,89,165,126,39
E33045210,964,202,85,117,762,661,101
E33045211,272,105,47,58,167,136,31
E33045212,625,144,54,90,481,406,75
E33045213,652,163,56,107,489,432,57
E33045214,270,80,31,49,190,142,48
E33045215,566,107,33,74,459,421,38
E33045216,802,311,107,204,491,440,51
E33045217,659,262,118,144,397,342,55
E33045218,304,94,37,57,210,166,44
E33045219,832,174,52,122,658,535,123
E33045220,579,173,61,112,406,345,61
E33045221,365,129,50,79,236,177,59
E33045222,385,179,62,117,206,148,58
E33045223,290,129,61,68,161,115,46
E33045224,403,154,52,102,249,188,61
E33045225,495,233,80,153,262,185,77
E33045226,332,116,47,69,216,162,54
E33045227,573,182,52,130,391,272,119
E33045228,513,231,102,129,282,223,59
E33045229,240,88,34,54,152,129,23
E33045230,328,144,65,79,184,132,52
E33045231,402,121,52,69,281,227,54
E33045232,336,154,92,62,182,152,30
E33045233,664,131,40,91,533,442,91
E33045234,347,139,42,97,208,153,55
E33045235,465,79,35,44,386,327,59
E33045236,645,189,75,114,456,335,121
E33045237,478,182,69,113,296,203,93
E33045238,322,138,54,84,184,128,56
E33045239,283,108,37,71,175,132,43
E33045240,282,109,35,74,173,121,52
E33045241,401,83,29,54,318,232,86
E33045242,1112,231,67,164,881,769,112
E33045243,370,189,72,117,181,150,31
E33045244,1004,225,81,144,779,614,165
E33045245,393,125,51,74,268,217,51
E33045246,472,71,31,40,401,332,69
E33045247,302,122,63,59,180,128,52
E33045248,815,398,135,263,417,304,113
E33045249,341,131,59,72,210,159,51
E33045250,503,198,75,123,305,240,65
E33045251,494,111,37,74,383,268,115
E33045252,738,201,86,115,537,396,141
E33045253,347,146,54,92,201,138,63
E33045254,745,161,58,103,584,461,123
E33045255,551,130,44,86,421,340,81
E33045256,418,171,64,107,247,211,36
E33045257,349,162,62,100,187,144,43
E33045258,280,133,59,74,147,110,37
E33045259,307,145,57,88,162,116,46
E33045260,310,141,62,79,169,126,43
E33045261,281,116,50,66,165,129,36
E33045262,255,88,37,51,167,124,43
E33045263,306,127,61,66,179,125,54
E33045264,311,100,52,48,211,140,71
E33045265,262,104,35,69,158,116,42
E33045266,463,218,101,117,245,183,62
E33045267,292,107,25,82,185,138,47
E33045268,270,92,38,54,178,137,41
E33045269,288,127,42,85,161,123,38
E33045270,304,159,72,87,145,114,31
E33045271,422,148,58,90,274,222,52
E33045272,286,124,43,81,162,124,38
E33045273,245,109,36,73,136,112,24
E33045274,357,94,22,72,263,214,49
E33045275,293,116,35,81,177,145,32
E33045276,821,302,76,226,519,467,52
E33045277,513,212,99,113,301,233,68
E33045278,376,116,38,78,260,181,79
E33045279,802,323,124,199,479,364,115
E33045280,319,79,37,42,240,167,73
E33045281,309,94,37,57,215,159,56
E33045282,484,115,40,75,369,306,63
E33045283,439,172,51,121,267,195,72
E33045284,1583,171,52,119,1412,1287,125
E33045285,431,128,54,74,303,237,66
E33045286,467,135,50,85,332,253,79
E33045287,1106,421,119,302,685,576,109
E33045288,431,169,55,114,262,197,65
E33045289,279,123,36,87,156,119,37
E33045290,326,136,68,68,190,160,30
E33045291,277,93,25,68,184,148,36
E33045292,701,274,107,167,427,322,105
E33045293,298,108,39,69,190,169,21
E33045294,279,120,26,94,159,122,37
E33045295,393,139,54,85,254,192,62
E33045296,364,177,57,120,187,159,28
E33045297,291,82,29,53,209,154,55
E33045298,319,125,41,84,194,136,58
E33045299,462,74,27,47,388,334,54
E33045300,381,143,43,100,238,178,60
E33045301,419,70,21,49,349,280,69
E33045302,771,330,104,226,441,339,102
E33045303,281,94,25,69,187,142,45
E33045304,275,83,25,58,192,168,24
E33045305,261,100,32,68,161,126,35
E33045306,301,124,46,78,177,124,53
E33045307,260,115,42,73,145,122,23
E33045308,494,226,56,170,268,233,35
E33045309,465,135,36,99,330,289,41
E33045310,400,162,57,105,238,203,35
E33045311,474,161,37,124,313,246,67
E33045312,701,213,84,129,488,419,69
E33045313,555,191,72,119,364,323,41
E33045314,517,187,47,140,330,292,38
E33045315,615,228,80,148,387,310,77
E33045316,497,198,69,129,299,247,52
E33045317,625,249,96,153,376,307,69
E33045318,352,150,59,91,202,146,56
E33045319,290,125,47,78,165,133,32
E33045320,275,106,36,70,169,148,21
E33045321,339,135,40,95,204,152,52
E33045322,280,125,57,68,155,127,28
E33045323,307,114,49,65,193,150,43
E33045324,357,166,56,110,191,168,23
E33045325,227,85,35,50,142,110,32
E33045326,249,110,30,80,139,108,31
E33045327,344,106,49,57,238,200,38
E33045328,298,111,28,83,187,154,33
E33045329,464,223,76,147,241,216,25
E33045330,403,113,45,68,290,230,60
E33045331,301,90,46,44,211,156,55
E33045332,412,172,68,104,240,175,65
E33045333,339,125,62,63,214,152,62
E33045334,641,110,36,74,531,427,104
E33045335,305,90,37,53,215,161,54
E33045336,417,105,37,68,312,260,52
E33045337,326,117,40,77,209,164,45
E33045338,345,150,59,91,195,126,69
E33045339,520,189,62,127,331,268,63
E33045340,264,124,49,75,140,99,41
E33045341,271,125,28,97,146,108,38
E33045342,423,123,43,80,300,241,59
E33045343,213,93,40,53,120,82,38
E33045344,404,149,65,84,255,187,68
E33045345,427,125,52,73,302,216,86
E33045346,343,158,77,81,185,133,52
E33045347,560,229,99,130,331,247,84
E33045348,415,169,70,99,246,182,64
E33045349,313,107,50,57,206,148,58
E33045350,345,150,55,95,195,150,45
E33045351,401,147,56,91,254,202,52
E33045352,432,183,96,87,249,202,47
E33045353,412,141,59,82,271,193,78
E33045354,323,124,49,75,199,147,52
E33045355,355,121,58,63,234,177,57
E33045356,522,234,67,167,288,230,58
E33045357,269,112,61,51,157,115,42
E33045358,685,276,91,185,409,319,90
E33045359,910,335,94,241,575,444,131
E33045360,300,105,37,68,195,145,50
E33045361,282,104,49,55,178,142,36
E33045362,299,126,52,74,173,122,51
E33045363,342,119,38,81,223,181,42
E33045364,507,229,94,135,278,221,57
E33045365,326,86,31,55,240,176,64
E33045366,300,97,43,54,203,142,61
E33045367,609,182,65,117,427,323,104
E33045368,248,76,46,30,172,105,67
E33045369,344,162,59,103,182,141,41
E33045370,539,150,62,88,389,315,74
E33045371,465,124,51,73,341,275,66
E33045372,454,130,34,96,324,258,66
E33045373,421,147,52,95,274,211,63
E33045374,269,92,36,56,177,131,46
E33045375,304,120,50,70,184,135,49
E33045376,362,120,52,68,242,142,100
E33045377,693,229,86,143,464,361,103
E33045378,409,182,77,105,227,156,71
E33045379,468,201,95,106,267,175,92
E33045380,700,253,112,141,447,356,91
E33045381,453,167,75,92,286,208,78
E33045382,275,83,35,48,192,159,33
E33045383,261,114,49,65,147,113,34
E33045384,333,123,56,67,210,152,58
E33045385,427,163,74,89,264,187,77
E33045386,239,82,30,52,157,119,38
E33045387,273,93,41,52,180,130,50
E33045388,508,148,60,88,360,285,75
E33045389,478,132,48,84,346,282,64
E33045390,231,82,24,58,149,111,38
E33045391,333,103,47,56,230,179,51
E33045392,294,93,34,59,201,148,53
E33045393,311,120,58,62,191,127,64
E33045394,561,209,55,154,352,275,77
E33045395,375,141,67,74,234,176,58
E33045396,592,166,47,119,426,335,91
E33045397,270,152,64,88,118,92,26
E33045398,415,156,57,99,259,189,70
E33045399,528,187,63,124,341,279,62
E33045400,255,122,36,86,133,112,21
E33045401,341,72,29,43,269,210,59
E33045402,504,248,110,138,256,204,52
E33045403,531,216,89,127,315,259,56
E33045404,288,102,41,61,186,149,37
E33045405,648,236,76,160,412,269,143
E33045406,475,224,60,164,251,215,36
E33045407,248,114,36,78,134,115,19
E33045408,442,165,66,99,277,219,58
E33045409,324,116,56,60,208,173,35
E33045410,257,127,40,87,130,104,26
E33045411,333,128,51,77,205,164,41
E33045412,271,113,55,58,158,125,33
E33045413,418,131,42,89,287,236,51
E33045414,698,163,49,114,535,412,123
E33045415,1153,620,215,405,533,465,68
E33045416,372,107,47,60,265,196,69
E33045417,356,127,53,74,229,165,64
E33045418,336,126,38,88,210,166,44
E33045419,244,112,37,75,132,96,36
E33045420,606,226,71,155,380,304,76
E33045421,441,182,81,101,259,203,56
E33045422,302,106,42,64,196,152,44
E33045423,468,229,66,163,239,199,40
E33045424,268,97,25,72,171,138,33
E33045425,526,210,56,154,316,280,36
E33045426,468,132,40,92,336,296,40
E33045427,267,94,26,68,173,141,32
E33045428,292,108,31,77,184,158,26
E33045429,547,227,72,155,320,259,61
E33045430,305,121,34,87,184,149,35
E33045431,249,79,35,44,170,120,50
E33045432,303,97,37,60,206,141,65
E33045433,393,152,73,79,241,166,75
E33045434,273,82,28,54,191,129,62
E33045435,405,127,43,84,278,196,82
E33045436,272,74,41,33,198,139,59
E33045437,242,69,26,43,173,121,52
E33045438,324,103,46,57,221,147,74
E33045439,418,174,83,91,244,177,67
E33045440,213,63,17,46,150,113,37
E33045441,226,67,28,39,159,129,30
E33045442,213,105,43,62,108,77,31
E33045443,350,105,35,70,245,188,57
E33045444,236,88,39,49,148,122,26
E33045445,257,133,48,85,124,107,17
E33045446,210,117,66,51,93,92,1
E33045447,235,127,49,78,108,103,5
E33045448,520,245,129,116,275,255,20
E33045449,346,158,63,95,188,155,33
E33045450,266,139,57,82,127,118,9
E33045451,299,88,44,44,211,182,29
E33045452,385,105,40,65,280,212,68
E33045453,241,119,59,60,122,104,18
E33045454,252,54,10,44,198,154,44
E33045455,566,124,33,91,442,406,36
E33045456,250,86,46,40,164,137,27
E33045457,256,142,89,53,114,100,14
E33045458,523,198,98,100,325,261,64
E33045459,469,208,40,168,261,233,28
E33045460,402,228,136,92,174,162,12
E33045461,232,73,20,53,159,146,13
E33045462,324,133,60,73,191,167,24
E33045463,344,156,64,92,188,148,40
E33045464,845,441,172,269,404,365,39
E33045465,233,47,17,30,186,164,22
E33045466,225,75,27,48,150,141,9
E33045467,327,111,43,68,216,173,43
E33045468,710,245,110,135,465,413,52
E33045469,364,77,23,54,287,233,54
E33045470,481,96,19,77,385,353,32
E33045471,355,89,31,58,266,207,59
E33045472,288,25,9,16,263,245,18
E33045473,373,112,41,71,261,237,24
E33045474,232,74,25,49,158,137,21
E33045475,893,510,252,258,383,351,32
E33045476,594,220,83,137,374,321,53
E33045477,314,55,19,36,259,218,41
E33045478,926,365,168,197,561,447,114
E33045479,560,130,30,100,430,386,44
E33045480,1075,211,59,152,864,776,88
E33045481,542,190,86,104,352,236,116
E33045482,637,146,49,97,491,370,121
E33045483,299,120,35,85,179,158,21
E33045484,309,121,51,70,188,164,24
E33045485,334,175,83,92,159,131,28
E33045486,540,103,48,55,437,364,73
E33045487,223,87,39,48,136,115,21
E33045488,924,366,113,253,558,522,36
E33045489,801,98,20,78,703,639,64
E33045490,274,73,28,45,201,169,32
E33045491,263,70,21,49,193,167,26
E33045492,259,93,43,50,166,131,35
E33045493,321,77,22,55,244,214,30
E33045494,375,196,79,117,179,160,19
E33045495,344,119,40,79,225,190,35
E33045496,687,223,81,142,464,394,70
E33045497,2119,277,44,233,1842,1751,91
E33045498,243,87,31,56,156,110,46
E33045499,310,91,24,67,219,129,90
E33045500,348,161,52,109,187,155,32
E33045501,909,311,66,245,598,530,68
E33045502,461,77,19,58,384,318,66
E33045503,261,109,37,72,152,137,15
E33045504,294,134,57,77,160,125,35
E33045505,317,161,62,99,156,132,24
E33045506,4456,1508,314,1194,2948,2631,317
E33045507,661,84,23,61,577,515,62
E33045508,694,331,104,227,363,322,41
E33045509,224,55,31,24,169,147,22
E33045510,648,166,47,119,482,456,26
E33045511,1138,206,65,141,932,824,108
E33045512,654,129,39,90,525,441,84
E33045513,246,83,20,63,163,128,35
E33045514,649,264,89,175,385,337,48
E33045515,2073,290,74,216,1783,1518,265
E33045516,404,43,12,31,361,282,79
E33045517,790,92,18,74,698,615,83
E33045518,231,36,13,23,195,164,31
E33045519,250,103,32,71,147,104,43
E33045520,514,142,33,109,372,303,69
E33045521,208,47,15,32,161,136,25
E33045522,784,93,30,63,691,548,143
E33045523,544,36,13,23,508,446,62
E33045524,537,55,20,35,482,352,130
E33045525,457,32,9,23,425,326,99
E33045526,591,57,14,43,534,348,186
E33045527,253,47,12,35,206,174,32
E33045528,386,27,9,18,359,283,76
E33045529,861,129,23,106,732,567,165
E33045530,386,37,8,29,349,217,132
E33045531,246,26,5,21,220,133,87
E33045532,646,57,14,43,589,497,92
E33045533,291,46,10,36,245,196,49
E33045534,282,26,6,20,256,200,56
E33045535,458,45,11,34,413,318,95
E33045536,268,32,10,22,236,192,44
E33045537,594,66,17,49,528,500,28
E33045538,478,58,19,39,420,358,62
E33045539,211,19,3,16,192,152,40
E33045540,236,13,6,7,223,176,47
E33045541,551,36,15,21,515,356,159
E33045542,888,60,23,37,828,635,193
E33045543,591,70,21,49,521,438,83
E33045544,937,281,101,180,656,595,61
E33045545,1085,118,26,92,967,815,152
E33045546,216,98,37,61,118,92,26
E33045547,605,120,51,69,485,438,47
E33045548,725,176,48,128,549,524,25
E33045549,693,139,39,100,554,456,98
E33045550,254,67,20,47,187,154,33
E33045551,302,60,15,45,242,186,56
E33045552,507,82,27,55,425,368,57
E33045553,235,19,2,17,216,198,18
E33045554,589,74,27,47,515,436,79
E33045555,930,183,58,125,747,610,137
E33045556,735,279,111,168,456,429,27
E33045557,584,148,17,131,436,402,34
E33045558,812,192,61,131,620,494,126
E33045559,948,204,100,104,744,562,182
E33045560,294,65,24,41,229,205,24
E33045561,322,127,60,67,195,155,40
E33045562,303,94,49,45,209,174,35
E33045563,212,47,16,31,165,144,21
E33045564,482,147,51,96,335,288,47
E33045565,304,95,29,66,209,169,40
E33045566,337,74,20,54,263,216,47
E33045567,342,82,33,49,260,216,44
E33045568,397,201,113,88,196,167,29
E33045569,277,41,14,27,236,186,50
E33045570,321,50,20,30,271,223,48
E33045571,633,133,64,69,500,379,121
E33045572,369,84,35,49,285,207,78
E33045573,1465,452,178,274,1013,871,142
E33045574,337,122,48,74,215,178,37
E33045575,415,107,26,81,308,265,43
E33045576,286,94,21,73,192,159,33
E33045577,226,98,34,64,128,109,19
E33045578,381,142,53,89,239,189,50
E33045579,231,80,31,49,151,106,45
E33045580,477,125,45,80,352,292,60
E33045581,355,57,12,45,298,254,44
E33045582,450,105,25,80,345,277,68
E33045583,230,80,31,49,150,119,31
E33045584,479,184,85,99,295,229,66
E33045585,696,82,17,65,614,481,133
E33045586,318,93,37,56,225,203,22
E33045587,415,93,47,46,322,241,81
E33045588,478,192,66,126,286,249,37
E33045589,804,188,54,134,616,546,70
E33045590,275,110,39,71,165,132,33
E33045591,1170,407,87,320,763,711,52
E33045592,297,82,24,58,215,187,28
E33045593,967,363,144,219,604,502,102
E33045594,267,104,25,79,163,138,25
E33045595,645,207,49,158,438,379,59
E33045596,322,43,12,31,279,238,41
E33045597,322,67,16,51,255,220,35
E33045598,599,245,84,161,354,303,51
E33045599,582,241,113,128,341,300,41
E33045600,409,73,22,51,336,297,39
E33045601,209,26,5,21,183,168,15
E33045602,834,82,12,70,752,569,183
E33045603,324,45,11,34,279,221,58
E33045604,3150,508,88,420,2642,2279,363
E33045605,482,98,21,77,384,290,94
E33045606,987,160,16,144,827,795,32
E33045607,844,105,23,82,739,534,205
E33045608,332,52,14,38,280,234,46
E33045609,281,50,1,49,231,214,17
E33045610,402,47,10,37,355,304,51
E33045611,393,58,19,39,335,275,60
E33045612,260,23,7,16,237,206,31
E33045613,828,86,17,69,742,659,83
E33045614,327,59,17,42,268,220,48
E33045615,239,8,3,5,231,187,44
E33045616,355,65,30,35,290,246,44
E33045617,202,81,25,56,121,94,27
E33045618,641,46,18,28,595,524,71
E33045619,423,77,21,56,346,296,50
E33045620,1604,901,548,353,703,640,63
E33045621,244,37,11,26,207,196,11
E33045622,257,99,37,62,158,132,26
E33045623,1351,537,214,323,814,722,92
E33045624,618,158,37,121,460,409,51
E33045625,360,72,23,49,288,238,50
E33045626,603,134,23,111,469,451,18
E33045627,815,200,71,129,615,500,115
E33045628,412,178,80,98,234,165,69
E33045629,240,63,26,37,177,120,57
E33045630,218,105,43,62,113,102,11
E33045631,274,140,62,78,134,118,16
E33045632,396,189,54,135,207,183,24
E33045633,663,240,52,188,423,382,41
E33045634,212,96,32,64,116,98,18
E33045635,718,146,62,84,572,493,79
E33045636,597,41,12,29,556,406,150
E33045637,209,18,5,13,191,153,38
E33045638,371,25,6,19,346,290,56
E33045639,244,15,6,9,229,197,32
E33045640,413,107,43,64,306,235,71
E33045641,208,111,39,72,97,77,20
E33045642,210,89,31,58,121,102,19
E33045643,401,225,112,113,176,156,20
E33045644,422,115,34,81,307,301,6
E33045645,728,351,187,164,377,330,47
E33045646,305,117,38,79,188,158,30
E33045647,368,158,58,100,210,183,27
E33045648,271,137,49,88,134,126,8
E33045649,214,103,43,60,111,83,28
E33045650,618,204,40,164,414,389,25
E33045651,270,86,17,69,184,173,11
E33045652,236,76,28,48,160,123,37
E33045653,779,415,151,264,364,320,44
E33045654,783,281,82,199,502,422,80
E33045655,334,155,62,93,179,136,43
E33045656,606,303,115,188,303,249,54
E33045657,271,113,30,83,158,140,18
E33045658,2034,869,190,679,1165,1043,122
E33045659,1015,482,166,316,533,459,74
E33045660,365,97,13,84,268,237,31
E33045661,211,131,63,68,80,70,10
E33045662,311,49,17,32,262,215,47
E33045663,369,34,12,22,335,279,56
E33045664,596,158,45,113,438,360,78
E33045665,327,54,17,37,273,217,56
E33045666,363,138,39,99,225,181,44
E33045667,293,131,47,84,162,139,23
E33045668,694,158,38,120,536,454,82
E33045669,234,49,19,30,185,126,59
E33045670,2300,497,93,404,1803,1513,290
E33045671,443,88,20,68,355,297,58
E33045672,212,61,21,40,151,98,53
E33045673,905,135,25,110,770,649,121
E33045674,313,85,12,73,228,215,13
E33045675,3661,1971,858,1113,1690,1620,70
E33045676,282,44,13,31,238,178,60
E33045677,354,188,80,108,166,163,3
E33045678,472,158,47,111,314,283,31
E33045679,290,134,40,94,156,126,30
E33045680,406,163,62,101,243,205,38
E33045681,604,342,88,254,262,235,27
E33045682,454,121,41,80,333,261,72
E33045683,323,49,23,26,274,180,94
E33045684,760,109,23,86,651,545,106
E33045685,261,51,16,35,210,140,70
E33045686,840,149,23,126,691,616,75
E33045687,1202,304,73,231,898,786,112
E33045688,186,25,8,17,161,141,20
E33045689,302,55,9,46,247,212,35
E33045690,303,68,19,49,235,190,45
E33045691,265,20,5,15,245,217,28
E33045692,270,25,6,19,245,188,57
E33045693,398,55,18,37,343,306,37
E33045694,543,84,32,52,459,372,87
E33045695,430,153,61,92,277,227,50
E33045696,441,176,43,133,265,211,54
E33045697,277,67,26,41,210,184,26
E33045698,2075,138,44,94,1937,1844,93
E33045699,1740,337,65,272,1403,1233,170
E33045700,217,71,31,40,146,106,40
E33045701,332,152,46,106,180,157,23
E33045702,436,232,83,149,204,186,18
E33045703,243,54,24,30,189,174,15
E33045704,220,12,3,9,208,173,35
E33045705,1360,187,56,131,1173,987,186
E33045706,218,51,19,32,167,148,19
E33045707,329,49,11,38,280,215,65
E33045708,846,574,222,352,272,238,34
E33045709,1008,421,197,224,587,504,83
E33045710,262,30,6,24,232,200,32
E33045711,271,65,28,37,206,176,30
E33045712,340,28,12,16,312,282,30
E33045713,1924,279,60,219,1645,1503,142
E33045714,529,79,25,54,450,360,90
E33045715,922,81,12,69,841,758,83
E33045716,255,18,6,12,237,210,27
E33045717,341,44,13,31,297,252,45
E33045718,558,29,7,22,529,468,61
E33045719,1191,130,30,100,1061,944,117
E33045720,494,63,7,56,431,370,61
E33045721,523,46,12,34,477,426,51
E33045722,478,108,16,92,370,347,23
E33045723,791,105,29,76,686,493,193
E33045724,1299,324,89,235,975,752,223
E33045725,2126,191,59,132,1935,1578,357
E33045726,866,107,32,75,759,707,52
E33045727,327,65,28,37,262,203,59
E33045728,344,116,45,71,228,166,62
E33045729,2174,941,429,512,1233,1085,148
E33045730,773,373,171,202,400,323,77
E33045731,302,123,47,76,179,155,24
E33045732,409,68,20,48,341,293,48
E33045733,559,92,24,68,467,349,118
E33045734,407,50,20,30,357,323,34
E33045735,327,103,28,75,224,174,50
E33045736,210,62,10,52,148,116,32
E33045737,461,76,9,67,385,350,35
E33045738,473,208,59,149,265,246,19
E33045739,1778,246,37,209,1532,1418,114
E33045740,222,90,49,41,132,96,36
E33045741,1095,325,94,231,770,723,47
E33045742,279,102,34,68,177,124,53
E33045743,320,69,41,28,251,210,41
E33045744,220,113,42,71,107,84,23
E33045745,320,82,31,51,238,213,25
E33045746,1672,324,92,232,1348,1071,277
E33045747,250,21,5,16,229,181,48
E33045748,542,90,23,67,452,363,89
E33045749,921,69,17,52,852,679,173
E33045750,946,282,50,232,664,604,60
E33045751,133,7,2,5,126,88,38
E33045752,127,15,6,9,112,104,8
E33045753,503,195,55,140,308,253,55
E33045754,1568,627,108,519,941,781,160
E33045755,502,238,73,165,264,225,39
E33045756,339,114,29,85,225,196,29
E33045757,249,115,29,86,134,123,11
E33045758,430,150,51,99,280,249,31
E33045759,684,363,132,231,321,291,30
E33045760,326,133,50,83,193,170,23
E33045761,212,82,11,71,130,120,10
E33045762,372,222,85,137,150,134,16
E33045763,671,83,20,63,588,517,71
E33045764,394,97,30,67,297,254,43
E33045765,724,221,63,158,503,460,43
E33045766,218,104,39,65,114,99,15
E33045767,485,167,50,117,318,267,51
E33045768,305,134,37,97,171,124,47
E33045769,515,195,37,158,320,258,62
E33045770,3964,264,94,170,3700,2168,1532
E33045771,328,150,61,89,178,158,20
E33045772,3322,1102,472,630,2220,1851,369
E33045773,234,94,36,58,140,110,30
E33045774,667,68,25,43,599,535,64
E33045775,939,124,36,88,815,712,103
E33045776,846,583,124,459,263,236,27
E33045777,360,80,20,60,280,257,23
E33045778,414,157,72,85,257,223,34
E33045779,301,107,59,48,194,175,19
E33045780,888,330,86,244,558,532,26
E33045781,362,217,69,148,145,124,21
E33045782,704,130,24,106,574,494,80
E33045783,294,127,52,75,167,151,16
E33045784,275,143,49,94,132,110,22
E33045785,385,198,67,131,187,135,52
E33045786,407,93,33,60,314,256,58
E33045787,290,83,21,62,207,183,24
E33045788,563,218,98,120,345,308,37
E33045789,927,178,31,147,749,665,84
E33045790,358,142,47,95,216,187,29
E33045791,732,163,31,132,569,499,70
E33045792,425,88,25,63,337,298,39
E33045793,530,238,76,162,292,252,40
E33045794,1908,491,123,368,1417,1319,98
E33045795,298,69,10,59,229,206,23
E33045796,1056,668,278,390,388,369,19
E33045797,673,347,100,247,326,316,10
E33045798,312,206,84,122,106,98,8
E33045799,285,179,71,108,106,93,13
E33045800,478,198,56,142,280,244,36
E33045801,482,170,50,120,312,270,42
E33045802,312,73,15,58,239,192,47
E33045803,1500,76,34,42,1424,1256,168
E33045804,346,163,46,117,183,127,56
E33045805,409,169,45,124,240,219,21
E33045806,818,160,45,115,658,602,56
E33045807,278,135,64,71,143,133,10
E33045808,212,101,30,71,111,85,26
E33045809,372,206,79,127,166,145,21
E33045810,967,359,104,255,608,594,14
E33045811,318,132,47,85,186,163,23
E33045812,364,88,19,69,276,265,11
E33045813,333,136,53,83,197,160,37
E33045814,674,128,42,86,546,400,146
E33045815,708,136,30,106,572,512,60
E33045816,250,68,13,55,182,156,26
E33045817,301,68,18,50,233,194,39
E33045818,230,95,19,76,135,108,27
E33045819,503,48,23,25,455,437,18
E33045820,400,31,4,27,369,305,64
E33045821,396,77,27,50,319,260,59
E33045822,226,36,8,28,190,140,50
E33045823,723,181,56,125,542,446,96
E33045824,202,93,29,64,109,94,15
E33045825,319,131,46,85,188,119,69
E33045826,236,127,42,85,109,86,23
E33045827,202,91,30,61,111,84,27
E33045828,206,39,8,31,167,147,20
E33045829,238,56,14,42,182,165,17
E33045830,485,103,18,85,382,330,52
E33045831,414,52,13,39,362,307,55
E33045832,421,78,21,57,343,310,33
E33045833,1083,371,93,278,712,621,91
E33045834,366,160,54,106,206,171,35
E33045835,215,36,9,27,179,165,14
E33045836,266,106,18,88,160,143,17
E33045837,258,95,26,69,163,147,16
E33045838,273,152,60,92,121,112,9
E33045839,222,112,25,87,110,94,16
E33045840,217,111,43,68,106,83,23
E33045841,215,61,15,46,154,132,22
E33045842,241,78,19,59,163,152,11
E33045843,433,182,60,122,251,168,83
E33045844,295,120,28,92,175,141,34
E33045845,801,458,124,334,343,335,8
E33045846,762,271,79,192,491,445,46
E33045847,1131,428,70,358,703,629,74
E33045848,461,99,29,70,362,319,43
E33045849,3255,1085,204,881,2170,1947,223
E33045850,216,82,40,42,134,104,30
E33045851,404,153,59,94,251,186,65
E33045852,256,115,28,87,141,115,26
E33045853,402,220,88,132,182,163,19
E33045854,561,170,62,108,391,343,48
E33045855,237,87,22,65,150,121,29
E33045856,337,99,25,74,238,220,18
E33045857,234,83,23,60,151,134,17
E33045858,359,103,21,82,256,241,15
E33045859,365,164,50,114,201,179,22
E33045860,251,104,28,76,147,127,20
E33045861,847,260,60,200,587,552,35
E33045862,263,120,13,107,143,111,32
E33045863,373,142,24,118,231,216,15
E33045864,234,113,34,79,121,101,20
E33045865,339,203,95,108,136,117,19
E33045866,383,183,74,109,200,179,21
E33045867,247,66,15,51,181,172,9
E33045868,247,95,45,50,152,130,22
E33045869,240,78,24,54,162,147,15
E33045870,241,82,27,55,159,126,33
E33045871,326,140,59,81,186,156,30
E33045872,321,81,26,55,240,210,30
E33045873,252,104,38,66,148,123,25
E33045874,455,45,8,37,410,347,63
E33045875,267,34,8,26,233,197,36
E33045876,479,107,20,87,372,335,37
E33045877,212,65,17,48,147,122,25
E33045878,275,47,13,34,228,197,31
E33045879,395,177,113,64,218,169,49
E33045880,568,115,24,91,453,433,20
E33045881,407,138,41,97,269,227,42
E33045882,1526,206,28,178,1320,1133,187
E33045883,244,169,106,63,75,71,4
E33045884,226,88,29,59,138,109,29
E33045885,225,70,30,40,155,140,15
E33045886,211,67,18,49,144,113,31
E33045887,403,206,112,94,197,184,13
E33045888,220,106,42,64,114,96,18
E33045889,411,223,118,105,188,176,12
E33045890,247,121,50,71,126,102,24
E33045891,670,267,105,162,403,359,44
E33045892,244,95,33,62,149,127,22
E33045893,299,103,30,73,196,159,37
E33045894,393,122,39,83,271,234,37
E33045895,603,204,78,126,399,339,60
E33045896,307,94,36,58,213,173,40
E33045897,786,135,28,107,651,594,57
E33045898,218,40,11,29,178,121,57
E33045899,485,58,17,41,427,358,69
E33045900,741,153,35,118,588,482,106
E33045901,557,336,114,222,221,204,17
E33045902,387,219,77,142,168,152,16
E33045903,1406,877,439,438,529,505,24
E33045904,487,165,46,119,322,260,62
E33045905,669,268,112,156,401,339,62
E33045906,274,80,14,66,194,178,16
E33045907,365,127,32,95,238,205,33
E33045908,306,103,29,74,203,157,46
E33045909,213,117,43,74,96,85,11
E33045910,219,79,28,51,140,106,34
E33045911,325,180,75,105,145,128,17
E33045912,220,131,43,88,89,71,18
E33045913,536,201,58,143,335,285,50
E33045914,384,145,41,104,239,212,27
E33045915,529,42,17,25,487,439,48
E33045916,602,95,17,78,507,455,52
E33045917,1038,234,67,167,804,681,123
E33045918,245,61,17,44,184,161,23
E33045919,442,63,18,45,379,246,133
E33045920,257,60,15,45,197,152,45
E33045921,340,31,12,19,309,226,83
E33045922,369,50,12,38,319,268,51
E33045923,353,44,12,32,309,275,34
E33045924,285,116,38,78,169,137,32
E33045925,219,65,14,51,154,143,11
E33045926,423,219,100,119,204,160,44
E33045927,222,23,5,18,199,159,40
E33045928,302,35,11,24,267,221,46
E33045929,912,126,45,81,786,700,86
E33045930,130,20,6,14,110,101,9
E33045931,335,55,21,34,280,236,44
E33045932,494,57,5,52,437,392,45
E33045933,295,64,21,43,231,168,63
E33045934,299,49,16,33,250,223,27
E33045935,330,53,19,34,277,255,22
E33045936,657,115,25,90,542,435,107
E33045937,493,54,19,35,439,361,78
E33045938,872,166,53,113,706,610,96
E33045939,253,47,12,35,206,175,31
E33045940,251,35,12,23,216,190,26
E33045941,206,25,6,19,181,140,41
E33045942,509,71,25,46,438,334,104
E33045943,814,164,55,109,650,535,115
E33045944,755,286,131,155,469,381,88
E33045945,1025,143,48,95,882,601,281
E33045946,611,79,35,44,532,447,85
E33045947,390,75,28,47,315,247,68
E33045948,572,46,18,28,526,434,92
E33045949,270,31,3,28,239,175,64
E33045950,1218,586,244,342,632,562,70
E33045951,219,55,17,38,164,139,25
E33045952,212,30,7,23,182,118,64
E33045953,739,173,31,142,566,447,119
E33045954,201,20,5,15,181,153,28
E33045955,471,73,13,60,398,324,74
E33045956,583,278,121,157,305,268,37
E33045957,328,26,11,15,302,247,55
E33045958,558,96,27,69,462,351,111
E33045959,1080,115,33,82,965,801,164
E33045960,228,72,56,16,156,132,24
E33045961,1622,479,139,340,1143,1032,111
E33045962,993,323,75,248,670,597,73
E33045963,161,56,30,26,105,83,22
E33045964,468,163,59,104,305,250,55
E33045965,220,46,24,22,174,142,32
E33045966,1460,143,49,94,1317,1176,141
E33045967,420,107,20,87,313,287,26
E33045968,318,56,12,44,262,230,32
E33045969,554,167,47,120,387,351,36
E33045970,636,186,48,138,450,391,59
E33045971,508,52,10,42,456,353,103
E33045972,1132,84,23,61,1048,858,190
E33045973,791,156,45,111,635,570,65
E33045974,256,37,5,32,219,195,24
E33045975,461,59,12,47,402,333,69
E33045976,636,142,60,82,494,443,51
E33045977,570,63,24,39,507,424,83
E33045978,601,64,28,36,537,453,84
E33045979,4297,224,76,148,4073,3661,412
E33045980,329,61,23,38,268,231,37
E33045981,532,277,99,178,255,231,24
E33045982,685,85,29,56,600,560,40
E33045983,500,59,16,43,441,345,96
E33045984,849,440,142,298,409,356,53
E33045985,394,65,23,42,329,269,60
E33045986,1236,269,46,223,967,893,74
E33045987,538,21,6,15,517,444,73
E33045988,227,30,6,24,197,180,17
E33045989,734,48,10,38,686,606,80
E33045990,1096,133,41,92,963,871,92
E33045991,930,172,30,142,758,664,94
E33045992,607,85,17,68,522,449,73
E33045993,928,376,95,281,552,519,33
E33045994,472,141,23,118,331,313,18
E33045995,1432,408,111,297,1024,950,74
E33045996,380,106,14,92,274,249,25
E33045997,962,512,205,307,450,423,27
E33045998,335,145,55,90,190,174,16
E33045999,265,126,31,95,139,118,21
E33046000,216,73,15,58,143,130,13
E33046001,383,92,30,62,291,247,44
E33046002,434,165,50,115,269,244,25
E33046003,538,283,152,131,255,234,21
E33046004,217,53,13,40,164,149,15
E33046005,222,84,29,55,138,116,22
E33046006,239,89,27,62,150,124,26
E33046007,321,104,35,69,217,187,30
E33046008,505,54,17,37,451,388,63
E33046009,1099,138,22,116,961,866,95
E33046010,755,117,25,92,638,538,100
E33046011,646,69,13,56,577,506,71
E33046012,1309,134,31,103,1175,1011,164
E33046013,1706,241,42,199,1465,1273,192
E33046014,229,59,15,44,170,128,42
E33046015,381,47,13,34,334,295,39
E33046016,284,36,4,32,248,204,44
E33046017,581,34,16,18,547,466,81
E33046018,219,43,10,33,176,134,42
E33046019,358,44,11,33,314,260,54
E33046020,553,120,27,93,433,406,27
E33046021,346,46,12,34,300,240,60
E33046022,420,53,7,46,367,307,60
E33046023,667,61,21,40,606,548,58
E33046024,1001,130,38,92,871,727,144
E33046025,543,35,9,26,508,480,28
E33046026,833,86,32,54,747,601,146
E33046027,788,117,27,90,671,517,154
E33046028,344,48,12,36,296,255,41
E33046029,1272,152,63,89,1120,1050,70
E33046030,946,515,222,293,431,378,53
E33046031,653,124,33,91,529,432,97
E33046032,490,54,7,47,436,395,41
E33046033,312,62,26,36,250,216,34
E33046034,311,48,23,25,263,213,50
E33046035,283,54,17,37,229,194,35
E33046036,348,45,13,32,303,277,26
E33046037,440,60,15,45,380,309,71
E33046038,267,12,2,10,255,235,20
E33046039,493,40,9,31,453,388,65
E33046040,257,66,22,44,191,175,16
E33046041,1807,222,30,192,1585,1433,152
E33046042,335,42,7,35,293,279,14
E33046043,448,78,20,58,370,332,38
E33046044,890,178,56,122,712,661,51
E33046045,269,63,12,51,206,170,36
E33046046,753,101,26,75,652,581,71
E33046047,209,40,16,24,169,147,22
E33046048,946,217,59,158,729,631,98
E33046049,1212,172,53,119,1040,879,161
E33046050,344,59,17,42,285,222,63
E33046051,466,156,48,108,310,247,63
E33046052,227,71,15,56,156,140,16
E33046053,203,76,20,56,127,117,10
E33046054,399,201,68,133,198,171,27
E33046055,350,168,43,125,182,138,44
E33046056,340,153,64,89,187,143,44
E33046057,218,77,19,58,141,118,23
E33046058,554,238,103,135,316,270,46
E33046059,1369,184,58,126,1185,974,211
E33046060,246,129,50,79,117,114,3
E33046061,208,116,42,74,92,86,6
E33046062,232,110,51,59,122,96,26
E33046063,401,182,80,102,219,171,48
E33046064,278,144,58,86,134,120,14
E33046065,223,80,25,55,143,117,26
E33046066,242,58,12,46,184,152,32
E33046067,280,128,47,81,152,133,19
E33046068,203,65,21,44,138,126,12
E33046069,2827,867,198,669,1960,1766,194
E33046070,313,93,21,72,220,175,45
E33046071,415,116,45,71,299,234,65
E33046072,399,44,8,36,355,300,55
E33046073,429,79,20,59,350,302,48
E33046074,381,81,9,72,300,275,25
E33046075,205,73,25,48,132,111,21
E33046076,228,89,26,63,139,118,21
E33046077,480,122,19,103,358,343,15
E33046078,511,292,152,140,219,204,15
E33046079,290,57,16,41,233,223,10
E33046080,302,99,32,67,203,178,25
E33046081,826,208,44,164,618,540,78
E33046082,1445,363,105,258,1082,979,103
E33046083,822,386,89,297,436,368,68
E33046084,396,200,86,114,196,159,37
E33046085,1038,402,158,244,636,559,77
E33046086,639,236,80,156,403,346,57
E33046087,225,107,29,78,118,97,21
E33046088,254,122,35,87,132,122,10
E33046089,215,93,22,71,122,105,17
E33046090,545,258,101,157,287,225,62
E33046091,687,236,56,180,451,416,35
E33046092,1358,429,115,314,929,801,128
E33046093,262,82,26,56,180,164,16
E33046094,811,154,40,114,657,568,89
E33046095,493,241,67,174,252,232,20
E33046096,249,89,17,72,160,148,12
E33046097,299,46,14,32,253,189,64
E33046098,259,80,25,55,179,155,24
E33046099,637,111,38,73,526,467,59
E33046100,445,216,66,150,229,195,34
E33046101,1889,210,61,149,1679,1380,299
E33046102,207,92,19,73,115,107,8
E33046103,335,136,43,93,199,179,20
E33046104,221,82,30,52,139,131,8
E33046105,778,234,69,165,544,460,84
E33046106,801,223,52,171,578,456,122
E33046107,380,126,25,101,254,226,28
E33046108,314,36,6,30,278,238,40
E33046109,1257,234,69,165,1023,893,130
E33046110,294,112,15,97,182,156,26
E33046111,345,58,13,45,287,246,41
E33046112,474,99,31,68,375,292,83
E33046113,318,40,13,27,278,241,37
E33046114,493,58,17,41,435,365,70
E33046115,237,94,34,60,143,125,18
E33046116,338,124,33,91,214,178,36
E33046117,575,265,83,182,310,254,56
E33046118,245,90,21,69,155,132,23
E33046119,255,96,34,62,159,134,25
E33046120,534,228,83,145,306,281,25
E33046121,378,187,66,121,191,152,39
E33046122,410,176,67,109,234,194,40
E33046123,351,159,53,106,192,164,28
E33046124,294,105,23,82,189,175,14
E33046125,638,209,51,158,429,318,111
E33046126,960,122,27,95,838,762,76
E33046127,738,146,34,112,592,471,121
E33046128,222,43,14,29,179,137,42
E33046129,364,135,36,99,229,192,37
E33046130,311,137,48,89,174,143,31
E33046131,205,71,33,38,134,115,19
E33046132,498,182,42,140,316,272,44
E33046133,251,121,19,102,130,123,7
E33046134,574,91,19,72,483,418,65
E33046135,303,149,31,118,154,136,18
E33046136,288,119,35,84,169,151,18
E33046137,289,130,52,78,159,133,26
E33046138,286,110,26,84,176,153,23
E33046139,337,152,45,107,185,163,22
E33046140,281,73,20,53,208,188,20
E33046141,490,267,104,163,223,178,45
E33046142,292,167,57,110,125,109,16
E33046143,335,145,40,105,190,164,26
E33046144,247,90,30,60,157,118,39
E33046145,393,173,36,137,220,170,50
E33046146,308,52,20,32,256,223,33
E33046147,224,74,21,53,150,129,21
E33046148,208,19,4,15,189,184,5
E33046149,416,88,20,68,328,283,45
E33046150,623,200,56,144,423,391,32
E33046151,289,89,33,56,200,156,44
E33046152,821,167,66,101,654,551,103
E33046153,252,76,26,50,176,147,29
E33046154,220,111,38,73,109,95,14
E33046155,290,130,43,87,160,134,26
E33046156,255,117,35,82,138,113,25
E33046157,216,52,17,35,164,144,20
E33046158,482,200,52,148,282,225,57
E33046159,385,158,48,110,227,193,34
E33046160,667,224,46,178,443,411,32
E33046161,234,91,29,62,143,120,23
E33046162,477,162,28,134,315,310,5
E33046163,203,105,44,61,98,83,15
E33046164,298,96,23,73,202,194,8
E33046165,376,104,34,70,272,213,59
E33046166,300,80,17,63,220,196,24
E33046167,824,367,97,270,457,388,69
E33046168,747,105,30,75,642,542,100
E33046169,1180,160,33,127,1020,805,215
E33046170,311,76,21,55,235,196,39
E33046171,686,295,58,237,391,357,34
E33046172,330,79,25,54,251,214,37
E33046173,208,81,17,64,127,105,22
E33046174,267,97,28,69,170,126,44
E33046175,212,95,36,59,117,94,23
E33046176,370,62,19,43,308,219,89
E33046177,358,74,19,55,284,205,79
E33046178,285,88,29,59,197,155,42
E33046179,2009,284,48,236,1725,1460,265
E33046180,886,114,30,84,772,665,107
E33046181,518,52,24,28,466,330,136
E33046182,251,54,19,35,197,158,39
E33046183,618,133,46,87,485,341,144
E33046184,220,83,33,50,137,116,21
E33046185,315,127,45,82,188,155,33
E33046186,430,237,80,157,193,169,24
E33046187,331,144,59,85,187,137,50
E33046188,506,266,91,175,240,178,62
E33046189,429,233,92,141,196,160,36
E33046190,488,249,77,172,239,203,36
E33046191,200,52,18,34,148,126,22
E33046192,282,127,39,88,155,130,25
E33046193,439,221,74,147,218,191,27
E33046194,556,89,20,69,467,399,68
E33046195,775,227,82,145,548,447,101
E33046196,247,24,4,20,223,185,38
E33046197,552,64,13,51,488,362,126
E33046198,377,65,19,46,312,262,50
E33046199,445,80,16,64,365,313,52
E33046200,247,24,6,18,223,176,47
E33046201,768,122,39,83,646,526,120
E33046202,410,72,26,46,338,264,74
E33046203,337,53,20,33,284,246,38
E33046204,874,399,146,253,475,396,79
E33046205,225,26,8,18,199,177,22
E33046206,685,110,23,87,575,451,124
E33046207,254,33,10,23,221,145,76
E33046208,462,67,18,49,395,321,74
E33046209,596,95,28,67,501,395,106
E33046210,245,62,35,27,183,146,37
E33046211,564,137,57,80,427,359,68
E33046212,513,89,37,52,424,302,122
E33046213,206,114,54,60,92,79,13
E33046214,114,22,8,14,92,80,12
E33046215,1695,645,338,307,1050,867,183
E33046216,252,121,54,67,131,107,24
E33046217,208,68,16,52,140,121,19
E33046218,243,73,20,53,170,148,22
E33046219,931,159,63,96,772,688,84
E33046220,232,103,24,79,129,108,21
E33046221,226,101,32,69,125,98,27
E33046222,401,159,66,93,242,185,57
E33046223,309,114,18,96,195,162,33
E33046224,425,72,23,49,353,273,80
E33046225,6071,1951,386,1565,4120,3677,443
E33046226,292,79,12,67,213,197,16
E33046227,309,227,112,115,82,69,13
E33046228,204,64,20,44,140,124,16
E33046229,304,154,66,88,150,131,19
E33046230,313,178,81,97,135,124,11
E33046231,478,195,84,111,283,253,30
E33046232,339,194,57,137,145,139,6
E33046233,208,93,40,53,115,105,10
E33046234,314,113,48,65,201,169,32
E33046235,377,146,41,105,231,207,24
E33046236,302,74,12,62,228,222,6
E33046237,859,273,81,192,586,545,41
E33046238,298,111,35,76,187,139,48
E33046239,2142,602,124,478,1540,1452,88
E33046240,797,172,40,132,625,530,95
E33046241,842,50,20,30,792,694,98
E33046242,683,172,37,135,511,457,54
E33046243,693,120,36,84,573,528,45
E33046244,803,127,21,106,676,622,54
E33046245,723,122,25,97,601,556,45
E33046246,482,70,13,57,412,305,107
E33046247,215,92,35,57,123,99,24
E33046248,239,39,10,29,200,177,23
E33046249,321,36,12,24,285,261,24
E33046250,1209,190,35,155,1019,917,102
E33046251,216,61,22,39,155,137,18
E33046252,271,45,13,32,226,188,38
E33046253,423,58,10,48,365,344,21
E33046254,724,110,16,94,614,567,47
E33046255,502,189,77,112,313,282,31
E33046256,443,40,14,26,403,352,51
E33046257,2334,309,56,253,2025,1885,140
E33046258,1598,285,36,249,1313,1233,80
E33046259,505,85,30,55,420,342,78
E33046260,423,177,67,110,246,181,65
E33046261,446,186,49,137,260,213,47
E33046262,224,73,28,45,151,132,19
E33046263,643,368,91,277,275,255,20
E33046264,258,87,24,63,171,135,36
E33046265,503,236,84,152,267,231,36
E33046266,248,129,57,72,119,112,7
E33046267,428,141,33,108,287,277,10
E33046268,250,89,21,68,161,150,11
E33046269,878,96,28,68,782,503,279
E33046270,410,147,53,94,263,214,49
E33046271,1130,91,25,66,1039,847,192
E33046272,415,186,68,118,229,209,20
E33046273,298,109,42,67,189,168,21
E33046274,228,52,9,43,176,159,17
E33046275,607,86,22,64,521,467,54
E33046276,468,238,60,178,230,211,19
E33046277,254,93,41,52,161,132,29
E33046278,359,193,72,121,166,148,18
E33046279,1000,602,238,364,398,377,21
E33046280,726,228,61,167,498,461,37
E33046281,221,104,45,59,117,90,27
E33046282,301,164,54,110,137,122,15
E33046283,379,97,21,76,282,257,25
E33046284,388,147,58,89,241,194,47
E33046285,199,80,20,60,119,104,15
E33046286,327,168,68,100,159,134,25
E33046287,207,95,44,51,112,93,19
E33046288,233,79,23,56,154,123,31
E33046289,239,86,25,61,153,139,14
E33046290,299,67,12,55,232,222,10
E33046291,261,111,26,85,150,118,32
E33046292,254,78,19,59,176,146,30
E33046293,885,96,20,76,789,741,48
E33046294,356,193,41,152,163,131,32
E33046295,247,65,14,51,182,134,48
E33046296,268,31,5,26,237,218,19
E33046297,287,66,18,48,221,189,32
E33046298,776,305,103,202,471,433,38
E33046299,381,115,35,80,266,228,38
E33046300,674,307,122,185,367,317,50
E33046301,347,81,32,49,266,227,39
E33046302,209,36,4,32,173,147,26
E33046303,402,21,6,15,381,340,41
E33046304,741,93,30,63,648,560,88
E33046305,2291,785,127,658,1506,1357,149
E33046306,687,49,16,33,638,545,93
E33046307,668,109,32,77,559,433,126
E33046308,627,144,43,101,483,356,127
E33046309,476,183,48,135,293,244,49
E33046310,1137,104,31,73,1033,873,160
E33046311,1700,198,52,146,1502,1272,230
E33046312,1136,236,31,205,900,829,71
E33046313,391,145,48,97,246,211,35
E33046314,344,135,40,95,209,177,32
E33046315,343,151,34,117,192,161,31
E33046316,225,92,34,58,133,104,29
E33046317,200,77,18,59,123,98,25
E33046318,316,93,38,55,223,163,60
E33046319,287,103,43,60,184,131,53
E33046320,475,74,13,61,401,331,70
E33046321,1314,420,143,277,894,701,193
E33046322,392,77,26,51,315,244,71
E33046323,214,101,28,73,113,96,17
E33046324,514,241,73,168,273,235,38
E33046325,411,199,62,137,212,179,33
E33046326,252,103,40,63,149,124,25
E33046327,203,68,18,50,135,117,18
E33046328,333,121,56,65,212,180,32
E33046329,431,154,32,122,277,221,56
E33046330,230,41,18,23,189,165,24
E33046331,707,142,43,99,565,471,94
E33046332,335,147,38,109,188,163,25
E33046333,592,264,94,170,328,269,59
E33046334,260,125,29,96,135,106,29
E33046335,748,262,81,181,486,427,59
E33046336,342,154,49,105,188,163,25
E33046337,801,167,40,127,634,506,128
E33046338,447,26,9,17,421,369,52
E33046339,1056,150,52,98,906,736,170
E33046340,345,39,12,27,306,240,66
E33046341,244,32,11,21,212,125,87
E33046342,203,36,9,27,167,125,42
E33046343,197,42,8,34,155,119,36
E33046344,241,70,16,54,171,151,20
E33046345,428,135,42,93,293,240,53
E33046346,408,168,47,121,240,188,52
E33046347,577,239,64,175,338,293,45
E33046348,438,237,96,141,201,193,8
E33046349,328,120,31,89,208,188,20
E33046350,358,196,81,115,162,143,19
E33046351,563,191,55,136,372,304,68
E33046352,1078,205,52,153,873,800,73
E33046353,256,30,9,21,226,193,33
E33046354,387,90,19,71,297,267,30
E33046355,468,171,63,108,297,223,74
E33046356,219,50,15,35,169,139,30
E33046357,439,224,85,139,215,180,35
E33046358,314,53,12,41,261,234,27
E33046359,406,166,52,114,240,209,31
E33046360,473,232,77,155,241,206,35
E33046361,305,113,37,76,192,183,9
E33046362,423,159,41,118,264,239,25
E33046363,642,108,31,77,534,480,54
E33046364,587,348,112,236,239,204,35
E33046365,556,261,119,142,295,257,38
E33046366,332,99,19,80,233,192,41
E33046367,309,147,48,99,162,122,40
E33046368,385,216,79,137,169,139,30
E33046369,220,46,20,26,174,130,44
E33046370,226,61,27,34,165,126,39
E33046371,248,31,7,24,217,184,33
E33046372,484,223,66,157,261,201,60
E33046373,321,74,22,52,247,187,60
E33046374,483,260,63,197,223,199,24
E33046375,749,97,29,68,652,544,108
E33046376,330,68,28,40,262,210,52
E33046377,605,112,26,86,493,416,77
E33046378,229,135,41,94,94,62,32
E33046379,580,183,71,112,397,354,43
E33046380,322,49,16,33,273,195,78
E33046381,1207,207,53,154,1000,870,130
E33046382,396,57,21,36,339,265,74
E33046383,1597,161,54,107,1436,1113,323
E33046384,233,100,65,35,133,98,35
E33046385,362,125,49,76,237,155,82
E33046386,371,133,53,80,238,197,41
E33046387,277,144,54,90,133,117,16
E33046388,319,147,43,104,172,159,13
E33046389,256,139,48,91,117,90,27
E33046390,352,138,35,103,214,186,28
E33046391,327,174,92,82,153,125,28
E33046392,338,126,56,70,212,168,44
E33046393,649,314,89,225,335,308,27
E33046394,250,127,33,94,123,97,26
E33046395,604,315,116,199,289,253,36
E33046396,245,104,31,73,141,109,32
E33046397,1554,184,57,127,1370,1084,286
E33046398,267,33,9,24,234,204,30
E33046399,329,66,15,51,263,222,41
E33046400,342,55,17,38,287,225,62
E33046401,257,25,7,18,232,179,53
E33046402,248,28,6,22,220,169,51
E33046403,423,50,18,32,373,291,82
E33046404,396,103,28,75,293,249,44
E33046405,558,68,16,52,490,394,96
E33046406,259,41,12,29,218,170,48
E33046407,342,35,12,23,307,211,96
E33046408,336,48,19,29,288,245,43
E33046409,608,66,27,39,542,400,142
E33046410,225,69,28,41,156,98,58
E33046411,119,52,18,34,67,52,15
E33046412,221,80,8,72,141,116,25
E33046413,204,105,41,64,99,80,19
E33046414,367,149,65,84,218,179,39
E33046415,245,118,52,66,127,99,28
E33046416,759,134,35,99,625,445,180
E33046417,250,105,52,53,145,100,45
E33046418,213,111,38,73,102,89,13
E33046419,237,115,44,71,122,86,36
E33046420,655,331,106,225,324,268,56
E33046421,714,127,38,89,587,509,78
E33046422,256,106,33,73,150,138,12
E33046423,217,92,13,79,125,104,21
E33046424,400,212,102,110,188,170,18
E33046425,239,46,17,29,193,156,37
E33046426,977,92,25,67,885,770,115
E33046427,377,138,61,77,239,167,72
E33046428,716,221,78,143,495,428,67
E33046429,979,159,46,113,820,683,137
E33046430,591,267,100,167,324,258,66
E33046431,246,91,40,51,155,90,65
E33046432,460,94,47,47,366,248,118
E33046433,381,83,27,56,298,217,81
E33046434,322,30,14,16,292,238,54
E33046435,742,86,26,60,656,506,150
E33046436,243,73,27,46,170,135,35
E33046437,598,286,111,175,312,242,70
E33046438,495,199,77,122,296,234,62
E33046439,1060,184,43,141,876,805,71
E33046440,631,119,21,98,512,466,46
E33046441,642,126,50,76,516,420,96
E33046442,435,137,47,90,298,274,24
E33046443,574,220,84,136,354,303,51
E33046444,590,258,87,171,332,274,58
E33046445,272,89,29,60,183,108,75
E33046446,463,157,46,111,306,250,56
E33046447,246,34,15,19,212,172,40
E33046448,588,74,22,52,514,403,111
E33046449,325,65,15,50,260,247,13
E33046450,216,52,8,44,164,151,13
E33046451,426,87,33,54,339,298,41
E33046452,378,96,18,78,282,241,41
E33046453,406,129,45,84,277,261,16
E33046454,651,231,78,153,420,362,58
E33046455,233,103,44,59,130,110,20
E33046456,263,89,28,61,174,141,33
E33046457,262,115,40,75,147,134,13
E33046458,221,62,20,42,159,136,23
E33046459,243,86,20,66,157,124,33
E33046460,508,295,121,174,213,194,19
E33046461,2314,667,142,525,1647,1545,102
E33046462,2940,1125,242,883,1815,1607,208
E33046463,465,199,59,140,266,239,27
E33046464,450,108,29,79,342,292,50
E33046465,224,53,12,41,171,110,61
E33046466,342,127,56,71,215,152,63
E33046467,501,210,65,145,291,255,36
E33046468,504,202,68,134,302,255,47
E33046469,784,323,95,228,461,378,83
E33046470,254,77,17,60,177,150,27
E33046471,500,200,73,127,300,230,70
E33046472,203,91,35,56,112,88,24
E33046473,515,276,122,154,239,213,26
E33046474,221,58,21,37,163,122,41
E33046475,350,186,75,111,164,135,29
E33046476,211,116,36,80,95,81,14
E33046477,313,172,61,111,141,120,21
E33046478,250,111,43,68,139,98,41
E33046479,280,130,37,93,150,123,27
E33046480,279,97,34,63,182,160,22
E33046481,452,63,18,45,389,317,72
E33046482,476,220,110,110,256,227,29
E33046483,237,108,50,58,129,110,19
E33046484,626,341,140,201,285,274,11
E33046485,222,67,21,46,155,136,19
E33046486,656,152,30,122,504,473,31
E33046487,499,164,64,100,335,288,47
E33046488,287,82,24,58,205,163,42
E33046489,378,205,135,70,173,155,18
E33046490,461,144,42,102,317,260,57
E33046491,335,197,100,97,138,118,20
E33046492,243,60,12,48,183,158,25
E33046493,667,362,195,167,305,261,44
E33046494,527,259,124,135,268,254,14
E33046495,822,192,66,126,630,540,90
E33046496,748,256,83,173,492,444,48
E33046497,335,155,82,73,180,162,18
E33046498,1316,213,39,174,1103,947,156
E33046499,409,84,22,62,325,255,70
E33046500,234,51,13,38,183,144,39
E33046501,390,74,21,53,316,258,58
E33046502,269,55,16,39,214,181,33
E33046503,388,104,44,60,284,236,48
E33046504,230,94,23,71,136,108,28
E33046505,491,123,26,97,368,300,68
E33046506,270,70,18,52,200,189,11
E33046507,212,100,46,54,112,78,34
E33046508,343,161,84,77,182,164,18
E33046509,474,166,46,120,308,248,60
E33046510,269,43,15,28,226,171,55
E33046511,458,93,17,76,365,319,46
E33046512,1168,400,88,312,768,602,166
E33046513,253,43,5,38,210,192,18
E33046514,295,104,44,60,191,159,32
E33046515,549,249,103,146,300,267,33
E33046516,230,85,35,50,145,121,24
E33046517,686,230,94,136,456,392,64
E33046518,555,146,53,93,409,342,67
E33046519,350,135,50,85,215,181,34
E33046520,316,17,5,12,299,258,41
E33046521,597,100,34,66,497,400,97
E33046522,220,94,40,54,126,96,30
E33046523,321,66,24,42,255,215,40
E33046524,1002,319,86,233,683,589,94
E33046525,436,203,104,99,233,214,19
E33046526,590,249,59,190,341,297,44
E33046527,629,105,25,80,524,421,103
E33046528,493,227,85,142,266,217,49
E33046529,233,79,25,54,154,129,25
E33046530,523,263,107,156,260,217,43
E33046531,392,159,52,107,233,200,33
E33046532,262,102,42,60,160,127,33
E33046533,325,145,66,79,180,151,29
E33046534,211,62,28,34,149,140,9
E33046535,1022,401,162,239,621,498,123
E33046536,255,86,20,66,169,152,17
E33046537,681,72,28,44,609,517,92
E33046538,637,118,32,86,519,452,67
E33046539,230,37,20,17,193,137,56
E33046540,1015,119,35,84,896,793,103
E33046541,236,33,8,25,203,152,51
E33046542,247,112,29,83,135,124,11
E33046543,502,92,22,70,410,348,62
E33046544,252,120,29,91,132,114,18
E33046545,381,113,30,83,268,243,25
E33046546,721,78,23,55,643,558,85
E33046547,1110,176,51,125,934,846,88
E33046548,2689,821,191,630,1868,1726,142
E33046549,2166,189,41,148,1977,1839,138
E33046550,231,74,18,56,157,135,22
E33046551,314,51,16,35,263,248,15
E33046552,572,110,35,75,462,386,76
E33046553,609,150,29,121,459,409,50
E33046554,362,71,20,51,291,240,51
E33046555,222,75,22,53,147,123,24
E33046556,219,55,22,33,164,137,27
E33046557,1459,142,33,109,1317,1168,149
E33046558,950,465,121,344,485,442,43
E33046559,664,154,17,137,510,490,20
E33046560,379,87,15,72,292,263,29
E33046561,651,255,61,194,396,364,32
E33046562,604,185,61,124,419,355,64
E33046563,358,83,29,54,275,214,61
E33046564,283,35,11,24,248,182,66
E33046565,382,55,18,37,327,266,61
E33046566,319,64,9,55,255,209,46
E33046567,419,93,22,71,326,299,27
E33046568,337,56,12,44,281,209,72
E33046569,323,38,8,30,285,242,43
E33046570,350,57,13,44,293,234,59
E33046571,570,126,49,77,444,338,106
E33046572,276,25,9,16,251,210,41
E33046573,854,132,34,98,722,627,95
E33046574,365,105,28,77,260,234,26
E33046575,322,38,15,23,284,239,45
E33046576,482,95,29,66,387,293,94
E33046577,639,100,24,76,539,453,86
E33046578,832,463,170,293,369,320,49
E33046579,755,146,31,115,609,561,48
E33046580,333,75,16,59,258,232,26
E33046581,339,145,50,95,194,166,28
E33046582,200,123,56,67,77,63,14
E33046583,1656,483,103,380,1173,1092,81
E33046584,223,76,33,43,147,121,26
E33046585,255,115,59,56,140,124,16
E33046586,204,88,26,62,116,99,17
E33046587,291,153,71,82,138,122,16
E33046588,299,115,55,60,184,173,11
E33046589,596,318,124,194,278,247,31
E33046590,232,67,18,49,165,156,9
E33046591,233,113,34,79,120,106,14
E33046592,284,102,26,76,182,165,17
E33046593,214,54,18,36,160,135,25
E33046594,200,109,38,71,91,78,13
E33046595,234,51,19,32,183,171,12
E33046596,324,160,58,102,164,151,13
E33046597,358,71,16,55,287,258,29
E33046598,796,187,38,149,609,567,42
E33046599,365,132,32,100,233,225,8
E33046600,481,165,42,123,316,279,37
E33046601,295,101,16,85,194,173,21
E33046602,1126,226,49,177,900,837,63
E33046603,676,102,35,67,574,508,66
E33046604,730,232,71,161,498,438,60
E33046605,244,56,17,39,188,174,14
E33046606,248,143,59,84,105,89,16
E33046607,248,109,30,79,139,125,14
E33046608,280,81,10,71,199,189,10
E33046609,238,97,24,73,141,122,19
E33046610,251,60,19,41,191,149,42
E33046611,204,97,37,60,107,93,14
E33046612,258,118,49,69,140,124,16
E33046613,434,166,49,117,268,215,53
E33046614,349,141,51,90,208,176,32
E33046615,459,240,86,154,219,201,18
E33046616,270,138,24,114,132,120,12
E33046617,483,277,78,199,206,180,26
E33046618,305,165,65,100,140,127,13
E33046619,207,89,32,57,118,97,21
E33046620,452,69,22,47,383,349,34
E33046621,222,114,38,76,108,89,19
E33046622,393,75,21,54,318,217,101
E33046623,210,76,26,50,134,106,28
E33046624,655,71,17,54,584,455,129
E33046625,271,105,46,59,166,119,47
E33046626,761,271,94,177,490,400,90
E33046627,595,137,41,96,458,345,113
E33046628,453,54,26,28,399,185,214
E33046629,2346,151,49,102,2195,1932,263
E33046630,1042,129,41,88,913,739,174
E33046631,1708,222,78,144,1486,1274,212
E33046632,566,65,30,35,501,471,30
E33046633,110,10,5,5,100,92,8
E33046634,855,107,20,87,748,624,124
E33046635,334,46,19,27,288,238,50
E33046636,672,83,20,63,589,506,83
E33046637,965,123,44,79,842,724,118
E33046638,1694,101,46,55,1593,1425,168
E33046639,528,105,36,69,423,351,72
E33046640,417,55,13,42,362,288,74
E33046641,684,48,21,27,636,577,59
E33046642,1529,251,34,217,1278,1178,100
E33046643,233,71,24,47,162,125,37
E33046644,2301,644,210,434,1657,1517,140
E33046645,947,81,18,63,866,763,103
E33046646,768,173,31,142,595,557,38
E33046647,1103,108,22,86,995,765,230
E33046648,851,93,25,68,758,595,163
E33046649,1360,111,27,84,1249,1177,72
E33046650,325,93,39,54,232,186,46
E33046651,745,160,50,110,585,536,49
E33046652,297,24,5,19,273,192,81
E33046653,1321,144,37,107,1177,1057,120
E33046654,355,114,47,67,241,178,63
E33046655,261,28,11,17,233,187,46
E33046656,224,11,4,7,213,169,44
E33046657,911,85,28,57,826,700,126
E33046658,334,31,7,24,303,254,49
E33046659,876,140,47,93,736,595,141
E33046660,296,131,43,88,165,130,35
E33046661,527,240,75,165,287,236,51
E33046662,274,50,14,36,224,149,75
E33046663,500,56,12,44,444,354,90
E33046664,252,93,33,60,159,121,38
E33046665,552,81,32,49,471,339,132
E33046666,241,51,8,43,190,148,42
E33046667,404,55,22,33,349,273,76
E33046668,420,60,18,42,360,290,70
E33046669,448,224,39,185,224,197,27
E33046670,295,77,32,45,218,181,37
E33046671,255,106,27,79,149,129,20
E33046672,446,225,90,135,221,174,47
E33046673,239,93,37,56,146,132,14
E33046674,340,160,39,121,180,142,38
E33046675,524,158,50,108,366,312,54
E33046676,434,92,31,61,342,294,48
E33046677,212,108,33,75,104,82,22
E33046678,386,183,65,118,203,172,31
E33046679,209,85,16,69,124,104,20
E33046680,318,77,21,56,241,153,88
E33046681,818,151,38,113,667,585,82
E33046682,644,197,49,148,447,404,43
E33046683,1933,611,247,364,1322,1210,112
E33046684,344,194,69,125,150,135,15
E33046685,369,173,64,109,196,172,24
E33046686,560,253,99,154,307,253,54
E33046687,218,107,43,64,111,91,20
E33046688,236,97,43,54,139,110,29
E33046689,306,135,22,113,171,148,23
E33046690,432,191,38,153,241,202,39
E33046691,235,63,23,40,172,111,61
E33046692,377,121,46,75,256,194,62
E33046693,325,64,20,44,261,204,57
E33046694,2060,312,79,233,1748,1553,195
E33046695,203,100,25,75,103,89,14
E33046696,592,270,60,210,322,304,18
E33046697,333,56,16,40,277,245,32
E33046698,430,65,24,41,365,289,76
E33046699,730,79,19,60,651,549,102
E33046700,471,113,32,81,358,298,60
E33046701,281,45,15,30,236,175,61
E33046702,233,51,18,33,182,155,27
E33046703,296,108,23,85,188,167,21
E33046704,232,31,7,24,201,176,25
E33046705,773,399,161,238,374,319,55
E33046706,213,50,16,34,163,126,37
E33046707,353,78,14,64,275,266,9
E33046708,269,101,19,82,168,149,19
E33046709,227,89,27,62,138,95,43
E33046710,375,227,92,135,148,126,22
E33046711,366,179,66,113,187,150,37
E33046712,356,146,45,101,210,190,20
E33046713,310,90,30,60,220,186,34
E33046714,244,119,46,73,125,121,4
E33046715,1134,342,82,260,792,722,70
E33046716,251,76,16,60,175,158,17
E33046717,211,109,46,63,102,84,18
E33046718,459,256,107,149,203,170,33
E33046719,299,79,31,48,220,175,45
E33046720,254,115,67,48,139,95,44
E33046721,522,197,74,123,325,262,63
E33046722,473,204,59,145,269,226,43
E33046723,755,79,25,54,676,490,186
E33046724,686,117,35,82,569,507,62
E33046725,814,66,24,42,748,653,95
E33046726,377,138,46,92,239,209,30
E33046727,439,111,26,85,328,288,40
E33046728,562,71,18,53,491,425,66
E33046729,533,90,35,55,443,356,87
E33046730,1588,331,80,251,1257,1112,145
E33046731,246,111,31,80,135,126,9
E33046732,384,210,67,143,174,138,36
E33046733,917,258,84,174,659,552,107
E33046734,499,260,91,169,239,182,57
E33046735,233,128,38,90,105,84,21
E33046736,263,116,38,78,147,123,24
E33046737,350,47,15,32,303,235,68
E33046738,1083,273,121,152,810,603,207
E33046739,217,96,33,63,121,100,21
E33046740,2196,858,154,704,1338,1195,143
E33046741,243,107,22,85,136,106,30
E33046742,408,176,66,110,232,214,18
E33046743,210,75,18,57,135,126,9
E33046744,325,198,100,98,127,121,6
E33046745,247,84,24,60,163,129,34
E33046746,231,61,15,46,170,142,28
E33046747,677,297,107,190,380,344,36
E33046748,307,190,91,99,117,110,7
E33046749,229,136,32,104,93,78,15
E33046750,299,137,61,76,162,129,33
E33046751,243,76,24,52,167,131,36
E33046752,260,122,46,76,138,126,12
E33046753,388,257,85,172,131,123,8
E33046754,222,79,22,57,143,128,15
E33046755,211,74,18,56,137,119,18
E33046756,324,151,51,100,173,152,21
E33046757,283,120,29,91,163,141,22
E33046758,923,169,40,129,754,581,173
E33046759,869,62,17,45,807,733,74
E33046760,1099,258,66,192,841,722,119
E33046761,891,167,51,116,724,660,64
E33046762,337,131,41,90,206,176,30
E33046763,4367,306,91,215,4061,3784,277
E33046764,731,271,65,206,460,400,60
E33046765,263,79,29,50,184,138,46
E33046766,283,80,22,58,203,162,41
E33046767,258,26,7,19,232,185,47
E33046768,201,25,8,17,176,121,55
E33046769,505,63,21,42,442,384,58
E33046770,568,131,30,101,437,360,77
E33046771,1176,281,58,223,895,775,120
E33046772,239,65,16,49,174,120,54
E33046773,273,87,28,59,186,155,31
E33046774,363,110,27,83,253,225,28
E33046775,284,130,47,83,154,139,15
E33046776,556,181,54,127,375,335,40
E33046777,445,115,24,91,330,276,54
E33046778,863,262,81,181,601,549,52
E33046779,390,177,38,139,213,179,34
E33046780,761,192,59,133,569,520,49
E33046781,919,362,91,271,557,502,55
E33046782,292,57,21,36,235,186,49
E33046783,506,231,76,155,275,237,38
E33046784,695,240,88,152,455,401,54
E33046785,4420,1494,260,1234,2926,2633,293
E33046786,512,191,51,140,321,305,16
E33046787,872,231,81,150,641,620,21
E33046788,2925,780,177,603,2145,1951,194
E33046789,748,61,18,43,687,600,87
E33046790,554,95,27,68,459,379,80
E33046791,1147,599,185,414,548,479,69
E33046792,250,108,38,70,142,105,37
E33046793,348,145,38,107,203,162,41
E33046794,318,145,45,100,173,142,31
E33046795,1235,84,24,60,1151,1046,105
E33046796,992,139,45,94,853,721,132
E33046797,584,187,68,119,397,346,51
E33046798,299,78,27,51,221,190,31
E33046799,230,111,51,60,119,102,17
E33046800,354,130,34,96,224,185,39
E33046801,464,246,90,156,218,192,26
E33046802,950,400,194,206,550,485,65
E33046803,274,100,40,60,174,142,32
E33046804,169,51,23,28,118,94,24
E33046805,790,146,38,108,644,535,109
E33046806,738,91,29,62,647,566,81
E33046807,1178,133,33,100,1045,938,107
E33046808,738,306,114,192,432,366,66
E33046809,474,142,39,103,332,296,36
E33046810,254,145,62,83,109,90,19
E33046811,318,106,29,77,212,193,19
E33046812,528,168,46,122,360,300,60
E33046813,265,22,8,14,243,204,39
E33046814,1030,114,30,84,916,823,93
E33046815,660,73,24,49,587,451,136
E33046816,422,72,15,57,350,319,31
E33046817,1204,319,112,207,885,748,137
E33046818,248,125,47,78,123,91,32
E33046819,702,110,42,68,592,440,152
E33046820,227,67,24,43,160,125,35
E33046821,740,99,37,62,641,569,72
E33046822,762,202,77,125,560,448,112
E33046823,312,150,75,75,162,123,39
E33046824,237,86,27,59,151,117,34
E33046825,1242,180,41,139,1062,904,158
E33046826,352,183,72,111,169,126,43
E33046827,784,138,49,89,646,519,127
E33046828,290,65,23,42,225,171,54
E33046829,362,89,33,56,273,219,54
E33046830,514,279,78,201,235,194,41
E33046831,245,110,40,70,135,113,22
E33046832,284,120,37,83,164,131,33
E33046833,392,190,71,119,202,162,40
E33046834,523,79,23,56,444,344,100
E33046835,3193,1131,242,889,2062,1862,200
E33046836,361,100,33,67,261,214,47
E33046837,325,32,14,18,293,252,41
E33046838,417,59,19,40,358,300,58
E33046839,447,119,21,98,328,277,51
E33046840,473,68,20,48,405,326,79
E33046841,276,54,11,43,222,190,32
E33046842,537,112,22,90,425,316,109
E33046843,230,43,19,24,187,147,40
E33046844,471,100,43,57,371,310,61
E33046845,528,141,50,91,387,309,78
E33046846,500,71,15,56,429,399,30
E33046847,263,97,20,77,166,158,8
E33046848,341,165,53,112,176,158,18
E33046849,481,201,72,129,280,243,37
E33046850,365,147,51,96,218,189,29
E33046851,263,69,17,52,194,164,30
E33046852,360,89,24,65,271,243,28
E33046853,209,64,18,46,145,126,19
E33046854,255,86,31,55,169,153,16
E33046855,1037,136,23,113,901,830,71
E33046856,292,118,56,62,174,152,22
E33046857,425,207,105,102,218,200,18
E33046858,497,231,87,144,266,240,26
E33046859,519,229,87,142,290,270,20
E33046860,262,101,30,71,161,114,47
E33046861,208,89,26,63,119,91,28
E33046862,569,209,84,125,360,309,51
E33046863,271,29,10,19,242,205,37
E33046864,432,220,124,96,212,178,34
E33046865,213,78,23,55,135,115,20
E33046866,204,77,30,47,127,111,16
E33046867,265,84,22,62,181,160,21
E33046868,227,82,29,53,145,123,22
E33046869,270,79,19,60,191,160,31
E33046870,218,74,30,44,144,123,21
E33046871,358,128,54,74,230,201,29
E33046872,791,454,244,210,337,294,43
E33046873,463,51,16,35,412,335,77
E33046874,1113,157,27,130,956,888,68
E33046875,789,139,18,121,650,581,69
E33046876,607,108,23,85,499,480,19
E33046877,348,61,10,51,287,254,33
E33046878,460,60,12,48,400,306,94
E33046879,612,84,35,49,528,426,102
E33046880,406,44,13,31,362,239,123
E33046881,287,76,29,47,211,170,41
E33046882,246,111,36,75,135,116,19
E33046883,667,271,108,163,396,334,62
E33046884,203,61,12,49,142,126,16
E33046885,258,80,25,55,178,141,37
E33046886,239,83,29,54,156,142,14
E33046887,923,129,33,96,794,686,108
E33046888,296,53,18,35,243,212,31
E33046889,712,63,16,47,649,572,77
E33046890,317,106,51,55,211,141,70
E33046891,445,78,25,53,367,303,64
E33046892,278,95,23,72,183,128,55
E33046893,339,81,28,53,258,221,37
E33046894,737,238,83,155,499,481,18
E33046895,384,130,32,98,254,206,48
E33046896,535,263,87,176,272,217,55
E33046897,502,126,55,71,376,271,105
E33046898,1128,271,83,188,857,726,131
E33046899,290,138,60,78,152,133,19
E33046900,301,156,60,96,145,121,24
E33046901,389,193,70,123,196,168,28
E33046902,874,140,37,103,734,557,177
E33046903,1110,143,45,98,967,807,160
E33046904,4158,296,116,180,3862,3243,619
E33046905,768,243,73,170,525,450,75
E33046906,233,68,17,51,165,135,30
E33046907,1357,165,57,108,1192,871,321
E33046908,206,95,29,66,111,94,17
E33046909,374,122,37,85,252,158,94
E33046910,227,113,45,68,114,93,21
E33046911,265,71,13,58,194,171,23
E33046912,348,70,32,38,278,230,48
E33046913,369,66,15,51,303,250,53
E33046914,387,45,20,25,342,291,51
E33046915,555,64,21,43,491,408,83
E33046916,365,49,19,30,316,265,51
E33046917,212,32,11,21,180,157,23
E33046918,471,67,14,53,404,327,77
E33046919,1430,194,65,129,1236,1052,184
E33046920,416,206,78,128,210,198,12
E33046921,1485,485,96,389,1000,923,77
E33046922,273,105,21,84,168,155,13
E33046923,979,570,239,331,409,361,48
E33046924,235,103,30,73,132,98,34
E33046925,211,121,49,72,90,70,20
E33046926,265,78,26,52,187,170,17
E33046927,274,121,28,93,153,130,23
E33046928,718,124,36,88,594,487,107
E33046929,478,130,49,81,348,294,54
E33046930,354,68,27,41,286,229,57
E33046931,2036,150,38,112,1886,1708,178
E33046932,275,45,12,33,230,203,27
E33046933,377,49,11,38,328,260,68
E33046934,819,93,32,61,726,421,305
E33046935,1483,96,34,62,1387,792,595
E33046936,1040,56,24,32,984,448,536
E33046937,1401,92,41,51,1309,787,522
E33046938,2256,125,56,69,2131,1255,876
E33046939,352,147,45,102,205,171,34
E33046940,1995,77,38,39,1918,1113,805
E33046941,1091,62,21,41,1029,616,413
E33046942,765,42,11,31,723,403,320
E33046943,222,85,26,59,137,123,14
E33046944,443,244,107,137,199,184,15
E33046945,303,147,75,72,156,147,9
E33046946,238,92,38,54,146,108,38
E33046947,467,48,12,36,419,371,48
E33046948,1034,155,47,108,879,746,133
E33046949,384,134,51,83,250,222,28
E33046950,772,58,17,41,714,654,60
E33046951,429,226,106,120,203,182,21
E33046952,346,121,50,71,225,201,24
E33046953,403,184,61,123,219,186,33
E33046954,1756,281,28,253,1475,1319,156
E33046955,337,69,26,43,268,238,30
E33046956,706,193,54,139,513,500,13
E33046957,622,38,16,22,584,419,165
E33046958,961,365,122,243,596,526,70
E33046959,860,116,10,106,744,711,33
E33046960,400,161,55,106,239,207,32
E33046961,329,119,56,63,210,173,37
E33046962,274,138,37,101,136,115,21
E33046963,371,190,75,115,181,157,24
E33046964,212,101,42,59,111,94,17
E33046965,250,68,12,56,182,162,20
E33046966,463,116,11,105,347,337,10
E33046967,306,137,68,69,169,155,14
E33046968,309,115,43,72,194,177,17
E33046969,245,109,39,70,136,121,15
E33046970,256,92,24,68,164,153,11
E33046971,305,164,53,111,141,108,33
E33046972,297,196,51,145,101,92,9
E33046973,217,79,16,63,138,121,17
E33046974,321,179,70,109,142,116,26
E33046975,352,160,54,106,192,183,9
E33046976,458,156,31,125,302,261,41
E33046977,303,67,14,53,236,200,36
E33046978,620,99,24,75,521,435,86
E33046979,308,55,13,42,253,207,46
E33046980,700,220,52,168,480,308,172
E33046981,397,76,29,47,321,261,60
E33046982,328,35,11,24,293,248,45
E33046983,427,165,54,111,262,228,34
E33046984,3433,1222,221,1001,2211,2004,207
E33046985,1646,567,336,231,1079,890,189
E33046986,1576,487,252,235,1089,897,192
E33046987,316,46,10,36,270,205,65
E33046988,538,57,16,41,481,371,110
E33046989,574,55,26,29,519,430,89
E33046990,249,51,14,37,198,132,66
E33046991,277,49,13,36,228,172,56
E33046992,637,77,26,51,560,502,58
E33046993,286,90,40,50,196,185,11
E33046994,315,59,6,53,256,229,27
E33046995,287,110,50,60,177,158,19
E33046996,219,93,51,42,126,108,18
E33046997,246,66,16,50,180,156,24
E33046998,530,287,150,137,243,215,28
E33046999,271,100,47,53,171,136,35
E33047000,409,73,10,63,336,303,33
E33047001,238,105,47,58,133,111,22
E33047002,514,92,11,81,422,403,19
E33047003,314,85,25,60,229,187,42
E33047004,577,309,133,176,268,244,24
E33047005,349,84,15,69,265,238,27
E33047006,1151,364,112,252,787,738,49
E33047007,805,477,267,210,328,317,11
E33047008,203,70,34,36,133,113,20
E33047009,326,128,64,64,198,173,25
E33047010,234,89,30,59,145,108,37
E33047011,389,77,15,62,312,266,46
E33047012,306,59,13,46,247,214,33
E33047013,206,38,17,21,168,125,43
E33047014,616,82,16,66,534,448,86
E33047015,219,80,33,47,139,113,26
E33047016,313,161,55,106,152,126,26
E33047017,370,138,44,94,232,220,12
E33047018,287,78,18,60,209,183,26
E33047019,262,69,20,49,193,165,28
E33047020,1729,1030,528,502,699,646,53
E33047021,544,91,17,74,453,429,24
E33047022,237,51,18,33,186,176,10
E33047023,668,181,40,141,487,401,86
E33047024,798,170,64,106,628,542,86
E33047025,569,143,30,113,426,386,40
E33047026,810,334,119,215,476,423,53
E33047027,898,243,27,216,655,623,32
E33047028,473,111,21,90,362,340,22
E33047029,270,106,32,74,164,146,18
E33047030,7617,2430,416,2014,5187,4489,698
E33047031,216,42,8,34,174,152,22
E33047032,500,68,26,42,432,344,88
E33047033,1062,125,33,92,937,820,117
E33047034,591,217,87,130,374,239,135
E33047035,968,90,27,63,878,708,170
E33047036,1262,296,72,224,966,877,89
E33047037,252,63,17,46,189,173,16
E33047038,229,98,33,65,131,113,18
E33047039,203,82,23,59,121,95,26
E33047040,475,264,120,144,211,193,18
E33047041,276,128,56,72,148,130,18
E33047042,353,203,70,133,150,139,11
E33047043,575,298,115,183,277,262,15
E33047044,418,270,134,136,148,135,13
E33047045,232,40,14,26,192,175,17
E33047046,347,81,37,44,266,232,34
E33047047,317,94,51,43,223,186,37
E33047048,1292,249,67,182,1043,984,59
E33047049,480,164,33,131,316,311,5
E33047050,1509,424,106,318,1085,1020,65
E33047051,221,73,19,54,148,114,34
E33047052,507,323,158,165,184,153,31
E33047053,395,112,40,72,283,263,20
E33047054,612,112,20,92,500,454,46
E33047055,661,212,33,179,449,380,69
E33047056,4575,1499,256,1243,3076,2689,387
E33047057,270,95,33,62,175,149,26
E33047058,533,180,45,135,353,305,48
E33047059,544,185,54,131,359,285,74
E33047060,244,82,27,55,162,139,23
E33047061,340,143,57,86,197,171,26
E33047062,223,79,26,53,144,132,12
E33047063,188,117,57,60,71,67,4
E33047064,306,115,37,78,191,167,24
E33047065,398,160,34,126,238,226,12
E33047066,219,91,33,58,128,108,20
E33047067,738,415,120,295,323,307,16
E33047068,1395,351,180,171,1044,911,133
E33047069,451,85,27,58,366,298,68
E33047070,230,96,24,72,134,112,22
E33047071,812,193,62,131,619,494,125
E33047072,265,47,18,29,218,172,46
E33047073,1286,145,40,105,1141,996,145
E33047074,1204,288,118,170,916,821,95
E33047075,337,83,34,49,254,202,52
E33047076,3475,949,395,554,2526,2204,322
E33047077,137,51,23,28,86,73,13
E33047078,467,167,58,109,300,279,21
E33047079,214,84,28,56,130,105,25
E33047080,225,87,24,63,138,120,18
E33047081,699,266,78,188,433,345,88
E33047082,1582,400,113,287,1182,1058,124
E33047083,1622,593,233,360,1029,927,102
E33047084,389,89,36,53,300,248,52
E33047085,533,128,39,89,405,372,33
E33047086,517,79,18,61,438,392,46
E33047087,558,127,27,100,431,408,23
E33047088,435,104,18,86,331,270,61
E33047089,917,193,37,156,724,693,31
E33047090,284,65,17,48,219,187,32
E33047091,604,82,18,64,522,442,80
E33047092,329,93,21,72,236,206,30
E33047093,528,118,28,90,410,384,26
E33047094,476,111,22,89,365,337,28
E33047095,817,97,28,69,720,555,165
E33047096,247,70,16,54,177,153,24
E33047097,461,110,46,64,351,292,59
E33047098,282,70,22,48,212,166,46
E33047099,1136,159,31,128,977,945,32
E33047100,791,129,37,92,662,538,124
E33047101,340,94,16,78,246,241,5
E33047102,391,72,12,60,319,256,63
E33047103,786,143,27,116,643,584,59
E33047104,289,57,13,44,232,221,11
E33047105,788,103,10,93,685,583,102
E33047106,238,105,48,57,133,120,13
E33047107,1643,445,125,320,1198,1062,136
E33047108,775,556,273,283,219,200,19
E33047109,304,129,63,66,175,158,17
E33047110,845,191,70,121,654,579,75
E33047111,533,261,144,117,272,260,12
E33047112,209,110,52,58,99,87,12
E33047113,1907,532,164,368,1375,1268,107
E33047114,239,70,16,54,169,148,21
E33047115,627,104,35,69,523,456,67
E33047116,1056,135,22,113,921,787,134
E33047117,695,95,17,78,600,526,74
E33047118,712,65,22,43,647,584,63
E33047119,406,92,26,66,314,273,41
E33047120,597,71,18,53,526,488,38
E33047121,521,210,59,151,311,259,52
E33047122,241,60,24,36,181,158,23
E33047123,361,94,23,71,267,242,25
E33047124,447,137,49,88,310,261,49
E33047125,420,81,31,50,339,284,55
E33047126,174,34,8,26,140,95,45
E33047127,596,83,23,60,513,444,69
E33047128,208,22,5,17,186,139,47
E33047129,416,40,10,30,376,322,54
E33047130,232,87,24,63,145,107,38
E33047131,260,68,15,53,192,176,16
E33047132,287,54,10,44,233,214,19
E33047133,461,94,51,43,367,319,48
E33047134,538,117,28,89,421,387,34
E33047135,372,89,30,59,283,170,113
E33047136,650,95,29,66,555,484,71
E33047137,336,57,13,44,279,255,24
E33047138,257,33,11,22,224,185,39
E33047139,257,123,52,71,134,122,12
E33047140,668,171,43,128,497,455,42
E33047141,374,138,79,59,236,201,35
E33047142,511,65,17,48,446,352,94
E33047143,773,407,204,203,366,341,25
E33047144,370,193,103,90,177,164,13
E33047145,592,83,28,55,509,460,49
E33047146,602,105,34,71,497,397,100
E33047147,526,99,37,62,427,381,46
E33047148,242,60,13,47,182,156,26
E33047149,287,65,19,46,222,193,29
E33047150,243,41,5,36,202,148,54
E33047151,204,51,20,31,153,134,19
E33047152,589,95,20,75,494,437,57
E33047153,358,57,16,41,301,272,29
E33047154,467,82,30,52,385,317,68
E33047155,266,70,20,50,196,181,15
E33047156,237,48,13,35,189,165,24
E33047157,561,109,20,89,452,432,20
E33047158,210,50,20,30,160,134,26
E33047159,482,121,28,93,361,335,26
E33047160,2707,356,40,316,2351,2103,248
E33047161,1118,390,61,329,728,634,94
E33047162,816,245,66,179,571,511,60
E33047163,795,199,39,160,596,523,73
E33047164,517,64,15,49,453,393,60
E33047165,573,70,16,54,503,470,33
E33047166,319,40,9,31,279,238,41
E33047167,521,62,13,49,459,370,89
E33047168,325,48,15,33,277,263,14
E33047169,312,60,15,45,252,234,18
E33047170,846,116,16,100,730,649,81
E33047171,365,99,23,76,266,252,14
E33047172,824,261,72,189,563,514,49
E33047173,529,69,17,52,460,409,51
E33047174,411,67,27,40,344,283,61
E33047175,295,64,22,42,231,197,34
E33047176,361,83,22,61,278,228,50
E33047177,695,65,11,54,630,573,57
E33047178,317,98,38,60,219,165,54
E33047179,710,262,98,164,448,360,88
E33047180,313,118,34,84,195,152,43
E33047181,472,214,53,161,258,210,48
E33047182,508,194,85,109,314,226,88
E33047183,451,183,86,97,268,206,62
E33047184,418,191,71,120,227,174,53
E33047185,371,172,76,96,199,154,45
E33047186,532,153,62,91,379,298,81
E33047187,295,128,62,66,167,128,39
E33047188,336,134,52,82,202,161,41
E33047189,409,165,49,116,244,201,43
E33047190,281,115,41,74,166,129,37
E33047191,246,83,31,52,163,108,55
E33047192,380,122,53,69,258,213,45
E33047193,514,197,80,117,317,265,52
E33047194,370,115,33,82,255,204,51
E33047195,425,81,26,55,344,323,21
E33047196,568,177,75,102,391,330,61
E33047197,279,123,45,78,156,109,47
E33047198,452,103,36,67,349,279,70
E33047199,339,131,63,68,208,178,30
E33047200,303,115,45,70,188,148,40
E33047201,254,105,38,67,149,116,33
E33047202,220,104,45,59,116,89,27
E33047203,295,134,45,89,161,110,51
E33047204,493,102,31,71,391,332,59
E33047205,863,310,82,228,553,489,64
E33047206,412,206,84,122,206,161,45
E33047207,405,145,64,81,260,188,72
E33047208,282,63,23,40,219,155,64
E33047209,624,145,38,107,479,399,80
E33047210,567,182,66,116,385,326,59
E33047211,442,85,38,47,357,289,68
E33047212,375,148,73,75,227,145,82
E33047213,486,169,81,88,317,232,85
E33047214,460,151,70,81,309,225,84
E33047215,318,140,49,91,178,123,55
E33047216,269,69,28,41,200,143,57
E33047217,326,136,59,77,190,138,52
E33047218,273,120,50,70,153,113,40
E33047219,317,76,35,41,241,166,75
E33047220,342,145,54,91,197,153,44
E33047221,474,128,39,89,346,285,61
E33047222,536,248,53,195,288,248,40
E33047223,289,83,25,58,206,174,32
E33047224,298,118,48,70,180,118,62
E33047225,254,88,37,51,166,139,27
E33047226,287,104,38,66,183,138,45
E33047227,718,208,91,117,510,458,52
E33047228,391,155,65,90,236,175,61
E33047229,320,116,36,80,204,150,54
E33047230,224,95,38,57,129,106,23
E33047231,310,95,35,60,215,175,40
E33047232,249,101,38,63,148,113,35
E33047233,302,124,62,62,178,138,40
E33047234,283,98,42,56,185,152,33
E33047235,313,109,53,56,204,163,41
E33047236,433,108,34,74,325,263,62
E33047237,395,206,99,107,189,151,38
E33047238,228,92,40,52,136,103,33
E33047239,302,111,42,69,191,160,31
E33047240,281,76,30,46,205,173,32
E33047241,717,303,118,185,414,323,91
E33047242,429,105,41,64,324,253,71
E33047243,483,136,55,81,347,267,80
E33047244,276,129,52,77,147,115,32
E33047245,282,124,56,68,158,118,40
E33047246,283,120,52,68,163,114,49
E33047247,235,106,51,55,129,100,29
E33047248,253,123,58,65,130,98,32
E33047249,299,130,38,92,169,123,46
E33047250,363,151,56,95,212,160,52
E33047251,281,115,41,74,166,127,39
E33047252,282,132,48,84,150,121,29
E33047253,255,125,49,76,130,98,32
E33047254,554,140,49,91,414,371,43
E33047255,295,123,43,80,172,142,30
E33047256,339,141,43,98,198,131,67
E33047257,271,119,46,73,152,119,33
E33047258,283,116,37,79,167,133,34
E33047259,359,89,29,60,270,228,42
E33047260,288,95,25,70,193,144,49
E33047261,310,79,32,47,231,189,42
E33047262,279,82,31,51,197,152,45
E33047263,387,127,53,74,260,160,100
E33047264,271,90,32,58,181,147,34
E33047265,509,195,77,118,314,238,76
E33047266,370,133,59,74,237,143,94
E33047267,456,153,64,89,303,216,87
E33047268,320,91,44,47,229,144,85
E33047269,234,109,48,61,125,81,44
E33047270,322,104,48,56,218,155,63
E33047271,399,166,71,95,233,170,63
E33047272,251,106,50,56,145,97,48
E33047273,399,187,81,106,212,168,44
E33047274,438,159,54,105,279,226,53
E33047275,335,125,71,54,210,147,63
E33047276,382,89,38,51,293,216,77
E33047277,400,110,29,81,290,228,62
E33047278,436,150,60,90,286,217,69
E33047279,385,161,58,103,224,176,48
E33047280,675,256,99,157,419,323,96
E33047281,393,162,69,93,231,182,49
E33047282,287,65,24,41,222,176,46
E33047283,327,101,47,54,226,181,45
E33047284,424,148,64,84,276,213,63
E33047285,444,140,39,101,304,208,96
E33047286,673,256,75,181,417,322,95
E33047287,265,64,26,38,201,150,51
E33047288,320,78,31,47,242,167,75
E33047289,481,85,31,54,396,342,54
E33047290,532,259,99,160,273,218,55
E33047291,438,110,44,66,328,280,48
E33047292,357,138,52,86,219,179,40
E33047293,481,154,62,92,327,235,92
E33047294,281,100,38,62,181,153,28
E33047295,430,229,84,145,201,159,42
E33047296,364,147,43,104,217,177,40
E33047297,322,132,29,103,190,160,30
E33047298,227,98,35,63,129,94,35
E33047299,343,104,25,79,239,208,31
E33047300,492,186,64,122,306,246,60
E33047301,417,178,58,120,239,201,38
E33047302,350,133,49,84,217,179,38
E33047303,393,153,53,100,240,210,30
E33047304,327,119,29,90,208,180,28
E33047305,371,126,36,90,245,211,34
E33047306,785,328,83,245,457,386,71
E33047307,238,115,27,88,123,100,23
E33047308,346,139,36,103,207,176,31
E33047309,361,140,48,92,221,173,48
E33047310,357,122,44,78,235,176,59
E33047311,313,114,36,78,199,159,40
E33047312,269,117,38,79,152,122,30
E33047313,5096,1800,318,1482,3296,2922,374
E33047314,263,113,46,67,150,135,15
E33047315,482,73,20,53,409,363,46
E33047316,283,105,31,74,178,145,33
E33047317,327,82,24,58,245,193,52
E33047318,411,148,51,97,263,215,48
E33047319,557,225,84,141,332,267,65
E33047320,296,89,28,61,207,169,38
E33047321,475,130,48,82,345,291,54
E33047322,319,150,59,91,169,122,47
E33047323,435,137,38,99,298,258,40
E33047324,655,224,65,159,431,351,80
E33047325,328,144,44,100,184,154,30
E33047326,448,202,74,128,246,186,60
E33047327,442,164,55,109,278,226,52
E33047328,360,155,49,106,205,162,43
E33047329,448,213,68,145,235,196,39
E33047330,274,92,35,57,182,147,35
E33047331,325,86,24,62,239,183,56
E33047332,444,125,41,84,319,240,79
E33047333,285,117,25,92,168,128,40
E33047334,576,276,86,190,300,269,31
E33047335,309,109,44,65,200,168,32
E33047336,318,142,61,81,176,119,57
E33047337,283,120,53,67,163,127,36
E33047338,273,127,71,56,146,118,28
E33047339,409,192,50,142,217,191,26
E33047340,274,94,43,51,180,146,34
E33047341,347,123,47,76,224,187,37
E33047342,331,163,99,64,168,145,23
E33047343,214,99,39,60,115,89,26
E33047344,278,110,45,65,168,126,42
E33047345,307,158,57,101,149,129,20
E33047346,469,232,109,123,237,191,46
E33047347,307,109,38,71,198,162,36
E33047348,343,131,64,67,212,162,50
E33047349,361,167,64,103,194,157,37
E33047350,252,109,36,73,143,118,25
E33047351,270,104,43,61,166,144,22
E33047352,307,110,63,47,197,151,46
E33047353,480,258,80,178,222,202,20
E33047354,343,129,47,82,214,161,53
E33047355,624,338,130,208,286,234,52
E33047356,701,221,47,174,480,448,32
E33047357,272,62,21,41,210,176,34
E33047358,499,194,41,153,305,272,33
E33047359,425,148,59,89,277,212,65
E33047360,288,92,46,46,196,166,30
E33047361,1406,196,65,131,1210,1047,163
E33047362,379,157,72,85,222,169,53
E33047363,422,192,86,106,230,175,55
E33047364,220,109,54,55,111,79,32
E33047365,461,255,149,106,206,174,32
E33047366,178,68,26,42,110,88,22
E33047367,428,159,61,98,269,204,65
E33047368,467,226,85,141,241,172,69
E33047369,450,165,58,107,285,221,64
E33047370,301,97,40,57,204,159,45
E33047371,901,362,131,231,539,477,62
E33047372,274,97,38,59,177,156,21
E33047373,303,124,54,70,179,136,43
E33047374,647,190,74,116,457,402,55
E33047375,313,144,70,74,169,126,43
E33047376,267,89,35,54,178,135,43
E33047377,561,269,134,135,292,244,48
E33047378,630,238,69,169,392,357,35
E33047379,603,155,62,93,448,372,76
E33047380,524,201,74,127,323,257,66
E33047381,403,110,38,72,293,231,62
E33047382,284,104,32,72,180,153,27
E33047383,477,89,31,58,388,301,87
E33047384,303,101,37,64,202,143,59
E33047385,361,102,36,66,259,217,42
E33047386,472,143,59,84,329,261,68
E33047387,276,132,54,78,144,111,33
E33047388,309,119,42,77,190,158,32
E33047389,259,121,55,66,138,109,29
E33047390,399,90,33,57,309,277,32
E33047391,390,172,72,100,218,166,52
E33047392,646,311,140,171,335,262,73
E33047393,411,119,34,85,292,241,51
E33047394,228,62,18,44,166,142,24
E33047395,469,149,34,115,320,256,64
E33047396,375,129,44,85,246,181,65
E33047397,602,73,17,56,529,451,78
E33047398,512,125,44,81,387,334,53
E33047399,273,100,52,48,173,133,40
E33047400,283,113,59,54,170,120,50
E33047401,323,131,50,81,192,156,36
E33047402,637,186,67,119,451,387,64
E33047403,428,186,74,112,242,177,65
E33047404,234,96,32,64,138,117,21
E33047405,235,82,35,47,153,121,32
E33047406,231,82,40,42,149,125,24
E33047407,374,73,31,42,301,256,45
E33047408,307,121,50,71,186,154,32
E33047409,253,116,40,76,137,123,14
E33047410,487,116,32,84,371,323,48
E33047411,467,154,57,97,313,277,36
E33047412,278,97,26,71,181,158,23
E33047413,370,152,57,95,218,175,43
E33047414,375,139,55,84,236,185,51
E33047415,309,101,27,74,208,183,25
E33047416,290,122,45,77,168,128,40
E33047417,349,140,52,88,209,181,28
E33047418,435,162,51,111,273,219,54
E33047419,394,128,58,70,266,214,52
E33047420,298,106,42,64,192,155,37
E33047421,343,112,50,62,231,169,62
E33047422,344,148,62,86,196,179,17
E33047423,462,192,76,116,270,239,31
E33047424,461,175,72,103,286,221,65
E33047425,583,203,106,97,380,302,78
E33047426,501,117,42,75,384,319,65
E33047427,558,234,95,139,324,245,79
E33047428,295,76,35,41,219,177,42
E33047429,350,136,77,59,214,172,42
E33047430,338,129,58,71,209,161,48
E33047431,298,98,28,70,200,171,29
E33047432,309,97,26,71,212,177,35
E33047433,356,120,39,81,236,187,49
E33047434,315,127,40,87,188,150,38
E33047435,585,209,74,135,376,290,86
E33047436,326,94,27,67,232,190,42
E33047437,327,90,34,56,237,181,56
E33047438,427,128,42,86,299,241,58
E33047439,558,262,78,184,296,228,68
E33047440,348,101,26,75,247,207,40
E33047441,308,119,34,85,189,160,29
E33047442,252,91,29,62,161,137,24
E33047443,411,83,26,57,328,251,77
E33047444,539,236,50,186,303,273,30
E33047445,241,76,21,55,165,135,30
E33047446,261,50,14,36,211,184,27
E33047447,305,108,22,86,197,179,18
E33047448,290,69,21,48,221,190,31
E33047449,297,85,46,39,212,156,56
E33047450,361,79,29,50,282,230,52
E33047451,292,91,34,57,201,142,59
E33047452,285,91,49,42,194,145,49
E33047453,690,255,109,146,435,356,79
E33047454,302,109,41,68,193,162,31
E33047455,517,174,66,108,343,233,110
E33047456,398,156,64,92,242,186,56
E33047457,600,196,40,156,404,368,36
E33047458,956,154,44,110,802,714,88
E33047459,484,236,118,118,248,202,46
E33047460,699,186,54,132,513,459,54
E33047461,237,70,27,43,167,145,22
E33047462,1588,210,40,170,1378,1161,217
E33047463,4843,1453,353,1100,3390,2979,411
E33047464,1232,237,72,165,995,813,182
E33047465,728,116,45,71,612,540,72
E33047466,299,98,39,59,201,177,24
E33047467,479,101,35,66,378,308,70
E33047468,451,136,48,88,315,241,74
E33047469,289,102,49,53,187,163,24
E33047470,345,133,81,52,212,178,34
E33047471,292,113,39,74,179,143,36
E33047472,306,188,82,106,118,95,23
E33047473,354,149,81,68,205,166,39
E33047474,283,86,30,56,197,145,52
E33047475,388,178,54,124,210,179,31
E33047476,535,104,35,69,431,360,71
E33047477,821,101,43,58,720,563,157
E33047478,344,56,23,33,288,219,69
E33047479,739,193,62,131,546,464,82
E33047480,343,126,55,71,217,183,34
E33047481,274,94,27,67,180,146,34
E33047482,324,132,53,79,192,148,44
E33047483,712,241,109,132,471,389,82
E33047484,560,167,79,88,393,308,85
E33047485,324,122,49,73,202,152,50
E33047486,784,158,32,126,626,536,90
E33047487,323,127,41,86,196,161,35
E33047488,251,96,28,68,155,115,40
E33047489,337,67,15,52,270,216,54
E33047490,325,126,53,73,199,160,39
E33047491,693,258,73,185,435,346,89
E33047492,415,149,56,93,266,200,66
E33047493,376,79,26,53,297,248,49
E33047494,278,118,35,83,160,132,28
E33047495,246,42,14,28,204,181,23
E33047496,273,87,28,59,186,156,30
E33047497,280,108,45,63,172,123,49
E33047498,657,238,74,164,419,358,61
E33047499,304,141,53,88,163,141,22
E33047500,586,264,79,185,322,272,50
E33047501,310,107,25,82,203,171,32
E33047502,351,135,37,98,216,187,29
E33047503,275,58,22,36,217,173,44
E33047504,367,112,35,77,255,226,29
E33047505,329,157,64,93,172,118,54
E33047506,321,88,32,56,233,183,50
E33047507,310,103,35,68,207,158,49
E33047508,288,76,22,54,212,182,30
E33047509,488,78,34,44,410,347,63
E33047510,630,88,24,64,542,458,84
E33047511,311,38,6,32,273,206,67
E33047512,296,100,37,63,196,146,50
E33047513,295,108,32,76,187,167,20
E33047514,309,108,47,61,201,149,52
E33047515,356,157,69,88,199,164,35
E33047516,315,115,35,80,200,148,52
E33047517,617,203,54,149,414,362,52
E33047518,266,107,31,76,159,111,48
E33047519,616,334,121,213,282,246,36
E33047520,594,145,40,105,449,378,71
E33047521,362,119,37,82,243,200,43
E33047522,297,126,36,90,171,135,36
E33047523,588,229,81,148,359,293,66
E33047524,378,140,52,88,238,205,33
E33047525,591,73,26,47,518,448,70
E33047526,460,128,39,89,332,274,58
E33047527,349,147,44,103,202,172,30
E33047528,327,107,48,59,220,179,41
E33047529,467,151,52,99,316,248,68
E33047530,508,67,17,50,441,393,48
E33047531,256,55,20,35,201,165,36
E33047532,656,162,51,111,494,413,81
E33047533,473,208,63,145,265,200,65
E33047534,349,109,31,78,240,213,27
E33047535,548,120,30,90,428,351,77
E33047536,486,306,80,226,180,150,30
E33047537,383,125,36,89,258,223,35
E33047538,433,150,53,97,283,216,67
E33047539,504,93,25,68,411,320,91
E33047540,376,143,39,104,233,197,36
E33047541,344,127,56,71,217,176,41
E33047542,352,125,45,80,227,180,47
E33047543,299,124,41,83,175,122,53
E33047544,448,206,68,138,242,208,34
E33047545,290,90,17,73,200,180,20
E33047546,733,245,68,177,488,391,97
E33047547,639,226,87,139,413,335,78
E33047548,735,252,105,147,483,372,111
E33047549,326,130,39,91,196,161,35
E33047550,571,243,56,187,328,282,46
E33047551,337,141,45,96,196,168,28
E33047552,289,92,39,53,197,143,54
E33047553,318,57,17,40,261,205,56
E33047554,292,120,51,69,172,136,36
E33047555,561,278,77,201,283,239,44
E33047556,545,263,116,147,282,223,59
E33047557,342,136,50,86,206,177,29
E33047558,296,93,46,47,203,135,68
E33047559,268,87,32,55,181,141,40
E33047560,1704,354,88,266,1350,1125,225
E33047561,487,133,46,87,354,278,76
E33047562,262,73,26,47,189,134,55
E33047563,446,144,63,81,302,199,103
E33047564,298,92,26,66,206,163,43
E33047565,406,89,28,61,317,272,45
E33047566,338,111,46,65,227,169,58
E33047567,825,189,58,131,636,512,124
E33047568,572,166,43,123,406,330,76
E33047569,274,88,32,56,186,128,58
E33047570,294,110,46,64,184,156,28
E33047571,482,89,26,63,393,307,86
E33047572,438,80,24,56,358,275,83
E33047573,318,146,53,93,172,142,30
E33047574,407,150,61,89,257,179,78
E33047575,314,127,45,82,187,148,39
E33047576,220,108,56,52,112,86,26
E33047577,385,155,59,96,230,186,44
E33047578,301,132,38,94,169,133,36
E33047579,531,178,63,115,353,286,67
E33047580,270,95,31,64,175,127,48
E33047581,263,114,48,66,149,114,35
E33047582,223,91,41,50,132,91,41
E33047583,327,112,53,59,215,164,51
E33047584,274,124,55,69,150,121,29
E33047585,1118,183,39,144,935,731,204
E33047586,451,147,45,102,304,252,52
E33047587,246,69,33,36,177,97,80
E33047588,660,106,60,46,554,480,74
E33047589,360,126,52,74,234,181,53
E33047590,333,149,51,98,184,151,33
E33047591,328,148,81,67,180,143,37
E33047592,370,152,53,99,218,173,45
E33047593,241,82,26,56,159,129,30
E33047594,295,133,50,83,162,143,19
E33047595,262,92,20,72,170,148,22
E33047596,332,122,49,73,210,178,32
E33047597,318,111,47,64,207,148,59
E33047598,358,126,59,67,232,180,52
E33047599,622,265,127,138,357,286,71
E33047600,609,184,73,111,425,352,73
E33047601,323,124,50,74,199,152,47
E33047602,310,112,50,62,198,164,34
E33047603,503,216,97,119,287,215,72
E33047604,320,127,63,64,193,149,44
E33047605,852,407,158,249,445,333,112
E33047606,523,151,62,89,372,290,82
E33047607,542,261,102,159,281,233,48
E33047608,339,116,36,80,223,171,52
E33047609,287,119,56,63,168,116,52
E33047610,349,112,43,69,237,178,59
E33047611,329,142,56,86,187,141,46
E33047612,427,104,33,71,323,228,95
E33047613,240,89,42,47,151,106,45
E33047614,333,96,45,51,237,165,72
E33047615,400,228,99,129,172,128,44
E33047616,729,114,34,80,615,475,140
E33047617,388,107,36,71,281,227,54
E33047618,420,186,65,121,234,183,51
E33047619,565,110,37,73,455,373,82
E33047620,251,105,44,61,146,103,43
E33047621,278,65,25,40,213,163,50
E33047622,299,112,45,67,187,123,64
E33047623,305,114,53,61,191,131,60
E33047624,365,152,67,85,213,150,63
E33047625,215,82,38,44,133,97,36
E33047626,239,63,33,30,176,120,56
E33047627,707,344,146,198,363,282,81
E33047628,405,108,54,54,297,197,100
E33047629,414,171,75,96,243,167,76
E33047630,373,101,51,50,272,193,79
E33047631,538,177,63,114,361,301,60
E33047632,887,449,181,268,438,342,96
E33047633,624,233,109,124,391,302,89
E33047634,339,113,42,71,226,177,49
E33047635,288,125,37,88,163,121,42
E33047636,331,139,41,98,192,152,40
E33047637,683,274,96,178,409,313,96
E33047638,245,98,34,64,147,119,28
E33047639,287,99,22,77,188,159,29
E33047640,283,94,55,39,189,133,56
E33047641,375,169,72,97,206,148,58
E33047642,355,100,30,70,255,195,60
E33047643,411,153,60,93,258,193,65
E33047644,319,147,51,96,172,132,40
E33047645,439,163,51,112,276,213,63
E33047646,616,241,51,190,375,303,72
E33047647,273,112,43,69,161,127,34
E33047648,496,192,63,129,304,241,63
E33047649,756,329,96,233,427,334,93
E33047650,449,195,64,131,254,202,52
E33047651,340,153,40,113,187,150,37
E33047652,383,84,26,58,299,228,71
E33047653,316,125,41,84,191,159,32
E33047654,209,85,20,65,124,108,16
E33047655,309,106,22,84,203,167,36
E33047656,257,108,35,73,149,114,35
E33047657,254,95,23,72,159,130,29
E33047658,495,233,62,171,262,213,49
E33047659,500,107,26,81,393,357,36
E33047660,382,78,29,49,304,246,58
E33047661,900,218,73,145,682,557,125
E33047662,415,167,54,113,248,202,46
E33047663,598,221,67,154,377,314,63
E33047664,436,150,47,103,286,222,64
E33047665,449,182,41,141,267,247,20
E33047666,323,107,34,73,216,173,43
E33047667,436,186,64,122,250,200,50
E33047668,333,120,40,80,213,158,55
E33047669,286,107,47,60,179,134,45
E33047670,246,63,28,35,183,119,64
E33047671,361,131,47,84,230,163,67
E33047672,347,135,49,86,212,149,63
E33047673,321,74,27,47,247,178,69
E33047674,610,213,80,133,397,309,88
E33047675,263,113,47,66,150,112,38
E33047676,805,129,55,74,676,594,82
E33047677,603,126,36,90,477,352,125
E33047678,303,123,55,68,180,126,54
E33047679,405,161,59,102,244,180,64
E33047680,361,139,59,80,222,158,64
E33047681,332,117,54,63,215,153,62
E33047682,381,171,72,99,210,160,50
E33047683,221,59,22,37,162,103,59
E33047684,367,78,24,54,289,228,61
E33047685,457,213,82,131,244,193,51
E33047686,359,176,58,118,183,142,41
E33047687,449,222,85,137,227,163,64
E33047688,297,103,38,65,194,168,26
E33047689,266,133,81,52,133,105,28
E33047690,728,184,82,102,544,473,71
E33047691,374,182,64,118,192,168,24
E33047692,443,179,63,116,264,199,65
E33047693,1288,215,72,143,1073,925,148
E33047694,660,260,87,173,400,343,57
E33047695,372,143,53,90,229,189,40
E33047696,393,120,48,72,273,241,32
E33047697,302,61,18,43,241,183,58
E33047698,562,143,36,107,419,364,55
E33047699,341,90,32,58,251,187,64
E33047700,445,103,30,73,342,273,69
E33047701,291,80,21,59,211,149,62
E33047702,329,101,38,63,228,182,46
E33047703,370,105,49,56,265,209,56
E33047704,397,123,46,77,274,213,61
E33047705,333,131,44,87,202,127,75
E33047706,288,121,57,64,167,116,51
E33047707,401,136,55,81,265,171,94
E33047708,247,113,50,63,134,110,24
E33047709,1116,181,76,105,935,800,135
E33047710,307,54,29,25,253,202,51
E33047711,346,106,31,75,240,161,79
E33047712,460,76,26,50,384,286,98
E33047713,240,104,49,55,136,113,23
E33047714,530,133,53,80,397,346,51
E33047715,290,109,53,56,181,115,66
E33047716,285,93,30,63,192,135,57
E33047717,276,122,47,75,154,120,34
E33047718,365,103,40,63,262,216,46
E33047719,365,135,53,82,230,180,50
E33047720,598,177,74,103,421,308,113
E33047721,303,117,42,75,186,146,40
E33047722,443,231,81,150,212,177,35
E33047723,331,122,52,70,209,152,57
E33047724,293,128,53,75,165,122,43
E33047725,354,132,62,70,222,164,58
E33047726,428,178,56,122,250,172,78
E33047727,392,59,20,39,333,251,82
E33047728,628,70,28,42,558,476,82
E33047729,540,223,82,141,317,240,77
E33047730,531,50,19,31,481,422,59
E33047731,393,143,57,86,250,180,70
E33047732,1230,133,34,99,1097,953,144
E33047733,456,69,26,43,387,344,43
E33047734,348,136,51,85,212,157,55
E33047735,449,73,25,48,376,326,50
E33047736,542,232,109,123,310,242,68
E33047737,276,108,27,81,168,130,38
E33047738,399,92,22,70,307,239,68
E33047739,370,153,48,105,217,178,39
E33047740,338,121,41,80,217,173,44
E33047741,535,88,22,66,447,406,41
E33047742,278,142,42,100,136,98,38
E33047743,309,107,33,74,202,165,37
E33047744,352,114,60,54,238,192,46
E33047745,565,289,147,142,276,219,57
E33047746,306,90,47,43,216,170,46
E33047747,344,54,18,36,290,242,48
E33047748,651,244,87,157,407,337,70
E33047749,306,116,56,60,190,143,47
E33047750,267,124,50,74,143,105,38
E33047751,449,171,77,94,278,210,68
E33047752,562,250,101,149,312,231,81
E33047753,332,108,41,67,224,183,41
E33047754,327,111,31,80,216,179,37
E33047755,350,131,54,77,219,175,44
E33047756,388,171,68,103,217,168,49
E33047757,306,123,62,61,183,142,41
E33047758,301,117,41,76,184,134,50
E33047759,312,112,30,82,200,167,33
E33047760,567,226,92,134,341,266,75
E33047761,408,171,59,112,237,197,40
E33047762,756,167,57,110,589,484,105
E33047763,2727,959,195,764,1768,1564,204
E33047764,498,76,23,53,422,291,131
E33047765,554,57,19,38,497,320,177
E33047766,275,104,40,64,171,136,35
E33047767,8947,718,175,543,8229,7328,901
E33047768,597,95,27,68,502,417,85
E33047769,403,115,32,83,288,256,32
E33047770,353,50,10,40,303,266,37
E33047771,615,204,64,140,411,338,73
E33047772,292,134,48,86,158,126,32
E33047773,391,187,77,110,204,176,28
E33047774,660,232,63,169,428,382,46
E33047775,420,138,58,80,282,231,51
E33047776,249,59,16,43,190,136,54
E33047777,727,111,34,77,616,495,121
E33047778,249,104,57,47,145,110,35
E33047779,370,132,44,88,238,173,65
E33047780,322,78,39,39,244,156,88
E33047781,340,81,32,49,259,171,88
E33047782,271,105,50,55,166,118,48
E33047783,401,153,63,90,248,184,64
E33047784,283,139,55,84,144,114,30
E33047785,387,77,33,44,310,268,42
E33047786,487,204,59,145,283,226,57
E33047787,404,126,52,74,278,217,61
E33047788,571,233,75,158,338,270,68
E33047789,322,76,31,45,246,188,58
E33047790,486,116,43,73,370,284,86
E33047791,463,164,54,110,299,250,49
E33047792,275,118,48,70,157,126,31
E33047793,363,123,36,87,240,173,67
E33047794,285,118,35,83,167,135,32
E33047795,614,255,99,156,359,294,65
E33047796,286,98,30,68,188,153,35
E33047797,315,131,50,81,184,137,47
E33047798,378,144,50,94,234,169,65
E33047799,298,130,65,65,168,117,51
E33047800,488,115,44,71,373,275,98
E33047801,209,72,34,38,137,80,57
E33047802,306,102,40,62,204,127,77
E33047803,411,128,52,76,283,211,72
E33047804,353,133,60,73,220,144,76
E33047805,251,73,25,48,178,144,34
E33047806,574,168,72,96,406,313,93
E33047807,367,119,58,61,248,174,74
E33047808,279,80,33,47,199,136,63
E33047809,459,112,52,60,347,271,76
E33047810,475,133,52,81,342,290,52
E33047811,577,204,80,124,373,295,78
E33047812,286,97,40,57,189,160,29
E33047813,397,95,40,55,302,249,53
E33047814,539,220,83,137,319,249,70
E33047815,316,136,47,89,180,159,21
E33047816,464,219,81,138,245,208,37
E33047817,319,108,36,72,211,167,44
E33047818,588,130,49,81,458,375,83
E33047819,265,62,24,38,203,181,22
E33047820,683,269,87,182,414,365,49
E33047821,353,100,37,63,253,201,52
E33047822,380,144,31,113,236,212,24
E33047823,333,121,44,77,212,158,54
E33047824,349,92,40,52,257,226,31
E33047825,536,178,63,115,358,296,62
E33047826,270,92,28,64,178,156,22
E33047827,283,98,27,71,185,137,48
E33047828,359,132,52,80,227,196,31
E33047829,528,190,62,128,338,260,78
E33047830,320,100,42,58,220,175,45
E33047831,382,135,49,86,247,193,54
E33047832,338,63,26,37,275,206,69
E33047833,418,134,57,77,284,217,67
E33047834,351,105,43,62,246,193,53
E33047835,429,189,62,127,240,205,35
E33047836,404,113,40,73,291,238,53
E33047837,647,136,42,94,511,403,108
E33047838,252,64,26,38,188,129,59
E33047839,492,180,67,113,312,233,79
E33047840,601,278,92,186,323,264,59
E33047841,483,171,64,107,312,253,59
E33047842,506,238,112,126,268,192,76
E33047843,317,98,41,57,219,141,78
E33047844,486,195,71,124,291,208,83
E33047845,424,125,40,85,299,234,65
E33047846,372,166,50,116,206,151,55
E33047847,428,174,65,109,254,206,48
E33047848,437,196,67,129,241,188,53
E33047849,444,219,63,156,225,186,39
E33047850,1289,166,50,116,1123,1009,114
E33047851,262,137,52,85,125,99,26
E33047852,692,399,142,257,293,250,43
E33047853,529,134,36,98,395,354,41
E33047854,458,68,16,52,390,339,51
E33047855,358,152,55,97,206,162,44
E33047856,522,244,72,172,278,241,37
E33047857,714,314,90,224,400,307,93
E33047858,260,78,15,63,182,153,29
E33047859,366,116,30,86,250,199,51
E33047860,334,142,56,86,192,135,57
E33047861,544,133,40,93,411,361,50
E33047862,496,133,40,93,363,321,42
E33047863,408,84,18,66,324,283,41
E33047864,402,165,59,106,237,182,55
E33047865,825,143,43,100,682,579,103
E33047866,419,121,33,88,298,251,47
E33047867,553,214,60,154,339,268,71
E33047868,444,215,63,152,229,176,53
E33047869,257,138,43,95,119,88,31
E33047870,361,151,33,118,210,168,42
E33047871,339,107,40,67,232,181,51
E33047872,976,528,177,351,448,396,52
E33047873,327,134,48,86,193,142,51
E33047874,272,142,29,113,130,113,17
E33047875,227,119,43,76,108,89,19
E33047876,431,127,14,113,304,286,18
E33047877,370,179,57,122,191,141,50
E33047878,809,174,55,119,635,575,60
E33047879,411,148,44,104,263,197,66
E33047880,322,128,35,93,194,140,54
E33047881,500,224,64,160,276,197,79
E33047882,308,132,22,110,176,136,40
E33047883,381,152,45,107,229,188,41
E33047884,503,162,56,106,341,257,84
E33047885,468,105,46,59,363,305,58
E33047886,596,183,55,128,413,341,72
E33047887,370,110,48,62,260,232,28
E33047888,366,133,47,86,233,177,56
E33047889,457,196,63,133,261,198,63
E33047890,422,160,44,116,262,197,65
E33047891,671,209,65,144,462,377,85
E33047892,306,138,26,112,168,128,40
E33047893,367,140,30,110,227,187,40
E33047894,279,113,32,81,166,149,17
E33047895,534,80,19,61,454,341,113
E33047896,1733,226,67,159,1507,1081,426
E33047897,286,133,37,96,153,115,38
E33047898,266,93,36,57,173,144,29
E33047899,469,219,87,132,250,204,46
E33047900,331,79,33,46,252,200,52
E33047901,405,140,39,101,265,218,47
E33047902,234,95,23,72,139,104,35
E33047903,231,95,23,72,136,125,11
E33047904,570,116,32,84,454,373,81
E33047905,349,132,47,85,217,158,59
E33047906,329,108,31,77,221,188,33
E33047907,266,107,34,73,159,136,23
E33047908,265,104,34,70,161,137,24
E33047909,387,174,52,122,213,177,36
E33047910,272,95,39,56,177,138,39
E33047911,291,109,19,90,182,135,47
E33047912,288,121,30,91,167,137,30
E33047913,382,148,63,85,234,183,51
E33047914,289,136,54,82,153,116,37
E33047915,586,212,68,144,374,271,103
E33047916,674,175,48,127,499,417,82
E33047917,661,81,26,55,580,501,79
E33047918,272,108,24,84,164,137,27
E33047919,564,243,78,165,321,268,53
E33047920,310,133,55,78,177,140,37
E33047921,409,135,50,85,274,206,68
E33047922,305,143,50,93,162,125,37
E33047923,353,152,43,109,201,156,45
E33047924,543,196,55,141,347,279,68
E33047925,342,141,43,98,201,150,51
E33047926,542,206,62,144,336,261,75
E33047927,1445,558,110,448,887,823,64
E33047928,772,421,170,251,351,311,40
E33047929,468,173,58,115,295,238,57
E33047930,488,212,64,148,276,205,71
E33047931,219,84,26,58,135,114,21
E33047932,303,115,66,49,188,142,46
E33047933,378,160,57,103,218,188,30
E33047934,650,186,53,133,464,398,66
E33047935,265,101,42,59,164,130,34
E33047936,818,263,66,197,555,447,108
E33047937,440,155,52,103,285,216,69
E33047938,1090,420,77,343,670,613,57
E33047939,294,122,32,90,172,142,30
E33047940,260,106,31,75,154,126,28
E33047941,273,109,46,63,164,126,38
E33047942,302,86,35,51,216,187,29
E33047943,344,159,69,90,185,142,43
E33047944,597,230,61,169,367,310,57
E33047945,264,124,39,85,140,116,24
E33047946,4011,214,65,149,3797,3275,522
E33047947,305,108,35,73,197,134,63
E33047948,697,258,91,167,439,371,68
E33047949,281,130,40,90,151,126,25
E33047950,474,160,41,119,314,257,57
E33047951,408,173,61,112,235,213,22
E33047952,511,264,88,176,247,226,21
E33047953,405,149,80,69,256,210,46
E33047954,338,130,54,76,208,175,33
E33047955,574,133,27,106,441,413,28
E33047956,321,146,54,92,175,149,26
E33047957,409,160,43,117,249,221,28
E33047958,481,142,30,112,339,294,45
E33047959,451,207,69,138,244,219,25
E33047960,334,135,35,100,199,162,37
E33047961,328,145,55,90,183,160,23
E33047962,286,83,22,61,203,152,51
E33047963,681,314,111,203,367,304,63
E33047964,447,87,16,71,360,320,40
E33047965,291,110,42,68,181,130,51
E33047966,1124,302,74,228,822,705,117
E33047967,697,90,28,62,607,431,176
E33047968,641,186,40,146,455,354,101
E33047969,897,333,85,248,564,474,90
E33047970,570,124,43,81,446,368,78
E33047971,279,121,43,78,158,123,35
E33047972,450,160,54,106,290,204,86
E33047973,544,193,68,125,351,284,67
E33047974,383,114,28,86,269,229,40
E33047975,274,102,36,66,172,130,42
E33047976,526,244,96,148,282,234,48
E33047977,372,135,53,82,237,190,47
E33047978,319,122,52,70,197,144,53
E33047979,262,113,35,78,149,112,37
E33047980,554,292,97,195,262,217,45
E33047981,133,44,19,25,89,68,21
E33047982,283,77,34,43,206,154,52
E33047983,295,118,39,79,177,147,30
E33047984,524,198,54,144,326,257,69
E33047985,644,308,99,209,336,250,86
E33047986,425,185,74,111,240,188,52
E33047987,335,98,36,62,237,181,56
E33047988,420,208,52,156,212,154,58
E33047989,393,116,33,83,277,235,42
E33047990,250,55,12,43,195,164,31
E33047991,223,109,39,70,114,89,25
E33047992,377,119,28,91,258,189,69
E33047993,297,111,37,74,186,150,36
E33047994,285,100,40,60,185,138,47
E33047995,299,143,39,104,156,122,34
E33047996,525,212,68,144,313,239,74
E33047997,380,111,19,92,269,224,45
E33047998,377,168,56,112,209,161,48
E33047999,471,100,17,83,371,305,66
E33048000,438,166,45,121,272,255,17
E33048001,384,122,36,86,262,228,34
E33048002,277,60,22,38,217,169,48
E33048003,313,96,46,50,217,163,54
E33048004,756,227,69,158,529,459,70
E33048005,274,100,39,61,174,123,51
E33048006,458,194,53,141,264,226,38
E33048007,238,93,24,69,145,111,34
E33048008,380,160,35,125,220,180,40
E33048009,327,113,43,70,214,160,54
E33048010,266,92,31,61,174,132,42
E33048011,690,206,59,147,484,369,115
E33048012,381,79,20,59,302,263,39
E33048013,348,126,38,88,222,173,49
E33048014,458,218,63,155,240,203,37
E33048015,608,202,56,146,406,297,109
E33048016,390,116,42,74,274,187,87
E33048017,248,76,17,59,172,150,22
E33048018,231,74,24,50,157,121,36
E33048019,416,180,57,123,236,175,61
E33048020,276,69,20,49,207,168,39
E33048021,266,112,30,82,154,124,30
E33048022,275,127,62,65,148,119,29
E33048023,373,168,50,118,205,152,53
E33048024,494,197,68,129,297,235,62
E33048025,340,117,40,77,223,177,46
E33048026,487,163,47,116,324,265,59
E33048027,272,94,34,60,178,139,39
E33048028,399,150,62,88,249,191,58
E33048029,448,157,49,108,291,251,40
E33048030,336,112,35,77,224,190,34
E33048031,638,213,79,134,425,347,78
E33048032,457,164,28,136,293,234,59
E33048033,427,176,48,128,251,196,55
E33048034,292,107,34,73,185,138,47
E33048035,1136,229,60,169,907,781,126
E33048036,415,138,42,96,277,213,64
E33048037,475,192,46,146,283,238,45
E33048038,337,125,43,82,212,177,35
E33048039,369,140,44,96,229,166,63
E33048040,316,143,42,101,173,126,47
E33048041,516,189,62,127,327,273,54
E33048042,233,89,24,65,144,107,37
E33048043,296,111,33,78,185,130,55
E33048044,360,160,52,108,200,161,39
E33048045,290,111,29,82,179,151,28
E33048046,656,277,65,212,379,319,60
E33048047,350,167,43,124,183,129,54
E33048048,332,133,43,90,199,149,50
E33048049,332,138,51,87,194,148,46
E33048050,496,222,36,186,274,259,15
E33048051,385,166,65,101,219,170,49
E33048052,300,142,50,92,158,131,27
E33048053,233,104,44,60,129,99,30
E33048054,459,192,58,134,267,198,69
E33048055,244,78,28,50,166,130,36
E33048056,296,112,49,63,184,156,28
E33048057,256,111,32,79,145,99,46
E33048058,424,180,54,126,244,193,51
E33048059,397,179,57,122,218,164,54
E33048060,275,102,34,68,173,121,52
E33048061,317,154,59,95,163,120,43
E33048062,405,173,61,112,232,180,52
E33048063,245,118,31,87,127,88,39
E33048064,353,132,49,83,221,162,59
E33048065,484,217,59,158,267,236,31
E33048066,367,127,50,77,240,198,42
E33048067,339,126,31,95,213,165,48
E33048068,480,187,64,123,293,241,52
E33048069,871,402,186,216,469,385,84
E33048070,1423,152,48,104,1271,1080,191
E33048071,389,150,54,96,239,187,52
E33048072,331,122,41,81,209,154,55
E33048073,478,201,75,126,277,210,67
E33048074,317,147,35,112,170,137,33
E33048075,502,183,77,106,319,251,68
E33048076,401,166,54,112,235,179,56
E33048077,387,125,51,74,262,202,60
E33048078,503,212,78,134,291,206,85
E33048079,367,132,35,97,235,209,26
E33048080,274,97,29,68,177,156,21
E33048081,372,156,46,110,216,166,50
E33048082,446,113,39,74,333,267,66
E33048083,325,115,46,69,210,152,58
E33048084,387,149,59,90,238,192,46
E33048085,485,158,56,102,327,257,70
E33048086,324,129,52,77,195,150,45
E33048087,314,129,34,95,185,146,39
E33048088,326,109,41,68,217,170,47
E33048089,415,133,54,79,282,202,80
E33048090,603,275,90,185,328,265,63
E33048091,318,156,63,93,162,120,42
E33048092,508,197,61,136,311,261,50
E33048093,478,212,70,142,266,203,63
E33048094,289,87,27,60,202,155,47
E33048095,294,107,35,72,187,153,34
E33048096,373,151,48,103,222,164,58
E33048097,307,116,39,77,191,143,48
E33048098,297,134,56,78,163,129,34
E33048099,278,127,39,88,151,109,42
E33048100,376,109,32,77,267,197,70
E33048101,293,104,48,56,189,148,41
E33048102,530,223,74,149,307,228,79
E33048103,586,198,75,123,388,314,74
E33048104,268,118,37,81,150,110,40
E33048105,392,139,44,95,253,179,74
E33048106,4495,1514,356,1158,2981,2715,266
E33048107,389,132,47,85,257,196,61
E33048108,729,365,138,227,364,331,33
E33048109,3628,268,75,193,3360,2612,748
E33048110,549,163,47,116,386,346,40
E33048111,304,153,88,65,151,108,43
E33048112,369,140,66,74,229,176,53
E33048113,298,135,41,94,163,137,26
E33048114,411,158,49,109,253,213,40
E33048115,246,88,35,53,158,127,31
E33048116,281,128,52,76,153,123,30
E33048117,282,116,41,75,166,117,49
E33048118,432,177,59,118,255,209,46
E33048119,310,129,60,69,181,143,38
E33048120,452,170,65,105,282,230,52
E33048121,312,117,49,68,195,161,34
E33048122,347,132,54,78,215,160,55
E33048123,304,130,41,89,174,130,44
E33048124,298,104,37,67,194,143,51
E33048125,332,122,42,80,210,146,64
E33048126,388,148,56,92,240,187,53
E33048127,313,104,30,74,209,164,45
E33048128,322,84,25,59,238,198,40
E33048129,469,114,26,88,355,281,74
E33048130,362,125,50,75,237,171,66
E33048131,375,117,47,70,258,204,54
E33048132,407,151,46,105,256,190,66
E33048133,262,104,49,55,158,115,43
E33048134,336,108,20,88,228,183,45
E33048135,350,127,46,81,223,179,44
E33048136,405,162,61,101,243,192,51
E33048137,511,229,87,142,282,240,42
E33048138,238,113,40,73,125,93,32
E33048139,263,69,23,46,194,174,20
E33048140,316,90,41,49,226,188,38
E33048141,701,150,47,103,551,509,42
E33048142,381,201,79,122,180,171,9
E33048143,415,83,28,55,332,265,67
E33048144,715,147,36,111,568,507,61
E33048145,286,112,42,70,174,136,38
E33048146,231,97,26,71,134,118,16
E33048147,545,216,66,150,329,296,33
E33048148,976,378,130,248,598,540,58
E33048149,1388,240,64,176,1148,1050,98
E33048150,360,123,36,87,237,186,51
E33048151,351,163,48,115,188,152,36
E33048152,303,121,45,76,182,149,33
E33048153,381,167,61,106,214,165,49
E33048154,508,193,80,113,315,239,76
E33048155,311,103,38,65,208,150,58
E33048156,238,82,19,63,156,115,41
E33048157,753,270,66,204,483,436,47
E33048158,370,120,28,92,250,208,42
E33048159,258,94,26,68,164,134,30
E33048160,319,130,41,89,189,151,38
E33048161,442,172,66,106,270,221,49
E33048162,475,171,66,105,304,226,78
E33048163,261,90,35,55,171,116,55
E33048164,459,170,63,107,289,216,73
E33048165,245,114,40,74,131,106,25
E33048166,336,164,79,85,172,133,39
E33048167,305,111,46,65,194,146,48
E33048168,511,204,71,133,307,233,74
E33048169,325,120,32,88,205,167,38
E33048170,351,87,20,67,264,221,43
E33048171,415,134,54,80,281,244,37
E33048172,326,94,28,66,232,187,45
E33048173,370,117,27,90,253,183,70
E33048174,497,188,66,122,309,252,57
E33048175,425,132,52,80,293,240,53
E33048176,240,91,26,65,149,116,33
E33048177,497,78,21,57,419,338,81
E33048178,344,129,62,67,215,161,54
E33048179,375,170,84,86,205,156,49
E33048180,327,129,55,74,198,151,47
E33048181,580,236,96,140,344,258,86
E33048182,518,275,135,140,243,178,65
E33048183,349,154,65,89,195,147,48
E33048184,458,164,77,87,294,208,86
E33048185,497,187,75,112,310,217,93
E33048186,445,234,80,154,211,180,31
E33048187,739,179,55,124,560,495,65
E33048188,440,153,56,97,287,204,83
E33048189,364,159,59,100,205,159,46
E33048190,327,173,44,129,154,122,32
E33048191,851,208,70,138,643,513,130
E33048192,294,121,49,72,173,133,40
E33048193,590,205,82,123,385,301,84
E33048194,406,174,53,121,232,189,43
E33048195,453,179,60,119,274,203,71
E33048196,221,82,24,58,139,111,28
E33048197,468,211,86,125,257,210,47
E33048198,533,190,73,117,343,270,73
E33048199,290,138,58,80,152,122,30
E33048200,343,152,61,91,191,142,49
E33048201,347,113,37,76,234,188,46
E33048202,285,104,32,72,181,153,28
E33048203,273,101,25,76,172,143,29
E33048204,274,74,30,44,200,165,35
E33048205,408,110,44,66,298,252,46
E33048206,1876,624,320,304,1252,1065,187
E33048207,804,351,124,227,453,360,93
E33048208,577,290,117,173,287,246,41
E33048209,467,144,46,98,323,266,57
E33048210,543,220,84,136,323,278,45
E33048211,339,101,25,76,238,184,54
E33048212,309,114,38,76,195,135,60
E33048213,360,90,29,61,270,203,67
E33048214,405,146,43,103,259,205,54
E33048215,301,108,27,81,193,174,19
E33048216,338,149,43,106,189,144,45
E33048217,457,174,51,123,283,246,37
E33048218,702,102,18,84,600,478,122
E33048219,324,108,47,61,216,178,38
E33048220,447,192,94,98,255,207,48
E33048221,273,126,51,75,147,110,37
E33048222,374,136,56,80,238,171,67
E33048223,275,95,30,65,180,134,46
E33048224,284,111,55,56,173,124,49
E33048225,351,163,69,94,188,141,47
E33048226,368,155,42,113,213,163,50
E33048227,634,235,75,160,399,283,116
E33048228,464,201,82,119,263,233,30
E33048229,329,124,46,78,205,152,53
E33048230,384,82,39,43,302,238,64
E33048231,589,78,25,53,511,412,99
E33048232,4327,1613,317,1296,2714,2429,285
E33048233,386,145,43,102,241,187,54
E33048234,375,178,81,97,197,173,24
E33048235,273,111,39,72,162,143,19
E33048236,277,101,34,67,176,134,42
E33048237,591,253,81,172,338,284,54
E33048238,366,131,49,82,235,192,43
E33048239,400,166,54,112,234,183,51
E33048240,300,162,43,119,138,113,25
E33048241,483,190,81,109,293,219,74
E33048242,261,99,37,62,162,122,40
E33048243,579,194,72,122,385,308,77
E33048244,346,146,51,95,200,161,39
E33048245,272,115,38,77,157,106,51
E33048246,521,187,52,135,334,305,29
E33048247,235,111,64,47,124,86,38
E33048248,286,105,44,61,181,132,49
E33048249,304,104,42,62,200,139,61
E33048250,331,90,32,58,241,188,53
E33048251,441,143,69,74,298,213,85
E33048252,306,108,51,57,198,155,43
E33048253,225,97,40,57,128,93,35
E33048254,2490,526,91,435,1964,1834,130
E33048255,516,173,69,104,343,249,94
E33048256,655,229,74,155,426,370,56
E33048257,307,166,61,105,141,101,40
E33048258,520,165,45,120,355,307,48
E33048259,478,207,61,146,271,218,53
E33048260,346,108,37,71,238,194,44
E33048261,221,82,30,52,139,91,48
E33048262,667,279,91,188,388,296,92
E33048263,290,108,41,67,182,147,35
E33048264,574,218,79,139,356,274,82
E33048265,665,305,100,205,360,289,71
E33048266,423,162,62,100,261,184,77
E33048267,285,99,44,55,186,153,33
E33048268,533,224,95,129,309,240,69
E33048269,384,108,47,61,276,221,55
E33048270,250,71,22,49,179,124,55
E33048271,335,111,31,80,224,176,48
E33048272,261,85,28,57,176,142,34
E33048273,250,95,32,63,155,135,20
E33048274,449,134,58,76,315,236,79
E33048275,437,168,56,112,269,213,56
E33048276,488,156,43,113,332,252,80
E33048277,426,155,54,101,271,220,51
E33048278,442,140,81,59,302,263,39
E33048279,277,108,57,51,169,108,61
E33048280,500,95,29,66,405,331,74
E33048281,3642,1336,248,1088,2306,2045,261
E33048282,333,104,49,55,229,166,63
E33048283,361,104,51,53,257,203,54
E33048284,354,143,49,94,211,177,34
E33048285,267,89,21,68,178,129,49
E33048286,397,144,30,114,253,205,48
E33048287,240,98,35,63,142,123,19
E33048288,261,59,21,38,202,173,29
E33048289,383,134,54,80,249,189,60
E33048290,491,109,32,77,382,300,82
E33048291,608,226,71,155,382,312,70
E33048292,396,168,63,105,228,184,44
E33048293,577,173,62,111,404,332,72
E33048294,426,175,63,112,251,201,50
E33048295,270,85,26,59,185,152,33
E33048296,283,91,47,44,192,146,46
E33048297,194,55,21,34,139,113,26
E33048298,801,220,60,160,581,530,51
E33048299,827,258,56,202,569,511,58
E33048300,405,96,34,62,309,260,49
E33048301,931,430,188,242,501,448,53
E33048302,261,96,30,66,165,142,23
E33048303,623,171,65,106,452,333,119
E33048304,404,92,24,68,312,250,62
E33048305,678,121,44,77,557,484,73
E33048306,422,142,64,78,280,220,60
E33048307,423,167,65,102,256,203,53
E33048308,819,102,42,60,717,634,83
E33048309,276,96,40,56,180,155,25
E33048310,449,104,34,70,345,287,58
E33048311,273,117,61,56,156,122,34
E33048312,262,84,31,53,178,147,31
E33048313,517,144,70,74,373,337,36
E33048314,316,102,33,69,214,186,28
E33048315,284,73,22,51,211,180,31
E33048316,302,95,34,61,207,181,26
E33048317,547,172,56,116,375,308,67
E33048318,536,83,17,66,453,389,64
E33048319,827,329,105,224,498,392,106
E33048320,394,103,28,75,291,241,50
E33048321,297,82,13,69,215,175,40
E33048322,254,76,20,56,178,146,32
E33048323,336,116,45,71,220,183,37
E33048324,366,138,47,91,228,171,57
E33048325,645,219,100,119,426,335,91
E33048326,851,260,91,169,591,432,159
E33048327,843,223,81,142,620,501,119
E33048328,530,155,46,109,375,304,71
E33048329,277,79,25,54,198,159,39
E33048330,353,86,25,61,267,221,46
E33048331,345,181,41,140,164,132,32
E33048332,379,123,33,90,256,205,51
E33048333,363,131,39,92,232,196,36
E33048334,339,141,52,89,198,162,36
E33048335,665,120,41,79,545,428,117
E33048336,318,103,43,60,215,176,39
E33048337,738,221,75,146,517,438,79
E33048338,440,115,28,87,325,279,46
E33048339,300,128,50,78,172,132,40
E33048340,900,466,138,328,434,383,51
E33048341,737,251,78,173,486,409,77
E33048342,289,106,25,81,183,147,36
E33048343,364,147,51,96,217,165,52
E33048344,436,200,58,142,236,188,48
E33048345,380,122,40,82,258,213,45
E33048346,284,144,38,106,140,106,34
E33048347,205,59,25,34,146,103,43
E33048348,610,149,54,95,461,365,96
E33048349,728,338,105,233,390,348,42
E33048350,390,131,52,79,259,187,72
E33048351,284,91,34,57,193,136,57
E33048352,368,161,66,95,207,137,70
E33048353,298,114,43,71,184,142,42
E33048354,446,197,80,117,249,194,55
E33048355,274,77,36,41,197,153,44
E33048356,366,181,88,93,185,139,46
E33048357,390,152,69,83,238,159,79
E33048358,250,57,16,41,193,144,49
E33048359,513,229,75,154,284,199,85
E33048360,313,93,40,53,220,151,69
E33048361,308,128,46,82,180,109,71
E33048362,274,93,37,56,181,102,79
E33048363,540,185,77,108,355,218,137
E33048364,299,81,34,47,218,161,57
E33048365,702,278,103,175,424,306,118
E33048366,537,240,72,168,297,228,69
E33048367,559,169,66,103,390,300,90
E33048368,631,174,69,105,457,296,161
E33048369,235,67,15,52,168,127,41
E33048370,793,177,71,106,616,491,125
E33048371,502,272,70,202,230,196,34
E33048372,614,221,45,176,393,316,77
E33048373,487,82,36,46,405,348,57
E33048374,282,99,43,56,183,113,70
E33048375,572,203,48,155,369,332,37
E33048376,361,163,39,124,198,152,46
E33048377,688,215,68,147,473,401,72
E33048378,423,158,39,119,265,207,58
E33048379,431,151,57,94,280,204,76
E33048380,537,206,91,115,331,224,107
E33048381,292,98,34,64,194,129,65
E33048382,370,162,63,99,208,138,70
E33048383,281,107,50,57,174,114,60
E33048384,299,133,57,76,166,121,45
E33048385,253,84,33,51,169,108,61
E33048386,277,102,39,63,175,117,58
E33048387,243,92,44,48,151,90,61
E33048388,573,278,99,179,295,246,49
E33048389,396,140,59,81,256,209,47
E33048390,371,201,62,139,170,139,31
E33048391,315,115,44,71,200,150,50
E33048392,543,207,61,146,336,252,84
E33048393,329,135,57,78,194,155,39
E33048394,592,212,74,138,380,257,123
E33048395,274,86,31,55,188,107,81
E33048396,292,122,54,68,170,102,68
E33048397,367,130,41,89,237,183,54
E33048398,233,77,32,45,156,82,74
E33048399,275,80,38,42,195,126,69
E33048400,366,155,66,89,211,125,86
E33048401,383,195,45,150,188,141,47
E33048402,252,101,26,75,151,119,32
E33048403,524,220,96,124,304,250,54
E33048404,375,162,67,95,213,147,66
E33048405,330,128,44,84,202,138,64
E33048406,280,138,69,69,142,115,27
E33048407,640,278,123,155,362,267,95
E33048408,519,209,72,137,310,214,96
E33048409,278,112,49,63,166,117,49
E33048410,299,126,33,93,173,117,56
E33048411,382,169,63,106,213,157,56
E33048412,237,100,30,70,137,110,27
E33048413,216,85,29,56,131,75,56
E33048414,623,176,58,118,447,320,127
E33048415,321,117,23,94,204,147,57
E33048416,348,128,44,84,220,151,69
E33048417,378,144,65,79,234,166,68
E33048418,567,197,81,116,370,289,81
E33048419,273,75,19,56,198,147,51
E33048420,291,110,30,80,181,147,34
E33048421,334,126,57,69,208,157,51
E33048422,634,233,81,152,401,318,83
E33048423,492,211,91,120,281,226,55
E33048424,497,201,67,134,296,231,65
E33048425,376,136,52,84,240,180,60
E33048426,315,64,22,42,251,211,40
E33048427,469,187,62,125,282,194,88
E33048428,276,126,47,79,150,117,33
E33048429,486,116,39,77,370,255,115
E33048430,656,178,57,121,478,394,84
E33048431,334,150,61,89,184,143,41
E33048432,308,62,18,44,246,222,24
E33048433,371,162,42,120,209,173,36
E33048434,530,206,59,147,324,249,75
E33048435,253,92,36,56,161,147,14
E33048436,312,125,38,87,187,149,38
E33048437,232,97,36,61,135,122,13
E33048438,377,124,31,93,253,214,39
E33048439,323,115,31,84,208,153,55
E33048440,636,175,66,109,461,385,76
E33048441,295,104,35,69,191,166,25
E33048442,243,68,19,49,175,152,23
E33048443,304,126,29,97,178,139,39
E33048444,369,128,33,95,241,217,24
E33048445,247,123,37,86,124,106,18
E33048446,319,67,22,45,252,196,56
E33048447,484,227,122,105,257,205,52
E33048448,500,188,60,128,312,231,81
E33048449,361,143,52,91,218,166,52
E33048450,377,165,61,104,212,161,51
E33048451,541,178,56,122,363,238,125
E33048452,216,70,20,50,146,98,48
E33048453,701,247,74,173,454,315,139
E33048454,283,101,31,70,182,140,42
E33048455,373,135,63,72,238,171,67
E33048456,576,203,68,135,373,257,116
E33048457,331,121,37,84,210,153,57
E33048458,400,160,72,88,240,190,50
E33048459,536,112,39,73,424,342,82
E33048460,254,68,31,37,186,142,44
E33048461,285,107,51,56,178,132,46
E33048462,376,145,60,85,231,175,56
E33048463,349,168,65,103,181,133,48
E33048464,287,88,31,57,199,153,46
E33048465,349,146,37,109,203,161,42
E33048466,492,186,54,132,306,251,55
E33048467,460,120,35,85,340,281,59
E33048468,388,79,17,62,309,246,63
E33048469,342,154,47,107,188,154,34
E33048470,278,106,31,75,172,146,26
E33048471,256,92,25,67,164,140,24
E33048472,560,259,104,155,301,249,52
E33048473,361,132,40,92,229,174,55
E33048474,238,107,50,57,131,97,34
E33048475,419,167,40,127,252,206,46
E33048476,324,136,65,71,188,141,47
E33048477,238,89,31,58,149,121,28
E33048478,434,178,72,106,256,203,53
E33048479,1098,118,44,74,980,765,215
E33048480,244,105,52,53,139,101,38
E33048481,805,365,122,243,440,375,65
E33048482,322,126,47,79,196,141,55
E33048483,329,139,49,90,190,146,44
E33048484,419,148,53,95,271,228,43
E33048485,308,161,35,126,147,126,21
E33048486,618,276,100,176,342,247,95
E33048487,436,161,51,110,275,199,76
E33048488,314,75,22,53,239,210,29
E33048489,458,110,36,74,348,278,70
E33048490,590,273,72,201,317,274,43
E33048491,419,184,46,138,235,207,28
E33048492,601,247,60,187,354,300,54
E33048493,283,62,12,50,221,176,45
E33048494,295,113,46,67,182,139,43
E33048495,387,127,30,97,260,225,35
E33048496,435,137,29,108,298,244,54
E33048497,314,127,37,90,187,140,47
E33048498,614,269,88,181,345,273,72
E33048499,563,196,74,122,367,281,86
E33048500,953,248,80,168,705,599,106
E33048501,376,168,55,113,208,162,46
E33048502,325,158,52,106,167,132,35
E33048503,589,210,40,170,379,347,32
E33048504,437,171,45,126,266,238,28
E33048505,565,151,28,123,414,379,35
E33048506,708,350,108,242,358,303,55
E33048507,510,199,55,144,311,250,61
E33048508,349,161,50,111,188,170,18
E33048509,356,127,24,103,229,202,27
E33048510,617,209,49,160,408,370,38
E33048511,461,111,39,72,350,301,49
E33048512,330,112,29,83,218,154,64
E33048513,285,118,32,86,167,123,44
E33048514,297,125,48,77,172,123,49
E33048515,372,134,44,90,238,193,45
E33048516,344,155,47,108,189,129,60
E33048517,255,105,45,60,150,101,49
E33048518,449,155,61,94,294,191,103
E33048519,269,122,34,88,147,99,48
E33048520,407,157,58,99,250,174,76
E33048521,481,201,87,114,280,211,69
E33048522,235,58,16,42,177,122,55
E33048523,313,107,55,52,206,145,61
E33048524,242,106,35,71,136,108,28
E33048525,555,78,20,58,477,345,132
E33048526,400,187,91,96,213,158,55
E33048527,321,137,57,80,184,121,63
E33048528,345,138,55,83,207,135,72
E33048529,313,118,48,70,195,117,78
E33048530,284,110,37,73,174,116,58
E33048531,295,120,36,84,175,139,36
E33048532,303,124,47,77,179,160,19
E33048533,907,239,58,181,668,560,108
E33048534,359,153,51,102,206,155,51
E33048535,321,169,36,133,152,121,31
E33048536,612,351,115,236,261,219,42
E33048537,337,119,52,67,218,175,43
E33048538,541,259,63,196,282,242,40
E33048539,271,116,34,82,155,115,40
E33048540,290,116,44,72,174,118,56
E33048541,398,191,91,100,207,154,53
E33048542,284,131,62,69,153,113,40
E33048543,360,148,64,84,212,154,58
E33048544,319,123,60,63,196,132,64
E33048545,276,80,30,50,196,120,76
E33048546,322,108,36,72,214,152,62
E33048547,303,133,52,81,170,126,44
E33048548,219,70,27,43,149,112,37
E33048549,416,179,79,100,237,172,65
E33048550,256,110,40,70,146,95,51
E33048551,343,135,59,76,208,107,101
E33048552,3970,284,104,180,3686,3080,606
E33048553,418,178,60,118,240,184,56
E33048554,432,237,52,185,195,158,37
E33048555,501,119,35,84,382,323,59
E33048556,437,205,70,135,232,195,37
E33048557,368,198,70,128,170,131,39
E33048558,312,100,36,64,212,161,51
E33048559,253,91,29,62,162,125,37
E33048560,282,112,37,75,170,128,42
E33048561,316,126,39,87,190,155,35
E33048562,286,73,29,44,213,178,35
E33048563,380,151,55,96,229,127,102
E33048564,283,92,25,67,191,112,79
E33048565,353,107,41,66,246,140,106
E33048566,272,105,32,73,167,87,80
E33048567,682,231,92,139,451,307,144
E33048568,301,94,37,57,207,120,87
E33048569,317,127,42,85,190,130,60
E33048570,365,120,59,61,245,159,86
E33048571,279,91,42,49,188,140,48
E33048572,248,60,15,45,188,126,62
E33048573,356,127,44,83,229,144,85
E33048574,309,111,36,75,198,134,64
E33048575,356,136,45,91,220,126,94
E33048576,367,66,18,48,301,217,84
E33048577,579,247,83,164,332,246,86
E33048578,325,117,28,89,208,184,24
E33048579,267,90,29,61,177,93,84
E33048580,282,79,31,48,203,113,90
E33048581,287,92,39,53,195,122,73
E33048582,363,122,41,81,241,118,123
E33048583,220,74,22,52,146,106,40
E33048584,407,185,57,128,222,169,53
E33048585,289,84,22,62,205,181,24
E33048586,296,115,38,77,181,150,31
E33048587,375,89,23,66,286,224,62
E33048588,484,180,57,123,304,236,68
E33048589,322,107,36,71,215,156,59
E33048590,269,101,43,58,168,108,60
E33048591,350,113,46,67,237,139,98
E33048592,320,129,50,79,191,140,51
E33048593,477,176,66,110,301,209,92
E33048594,366,94,25,69,272,231,41
E33048595,266,71,23,48,195,109,86
E33048596,744,258,99,159,486,345,141
E33048597,251,93,28,65,158,88,70
E33048598,678,265,77,188,413,322,91
E33048599,279,95,33,62,184,126,58
E33048600,301,109,32,77,192,139,53
E33048601,343,112,46,66,231,139,92
E33048602,313,133,52,81,180,105,75
E33048603,309,85,30,55,224,166,58
E33048604,284,110,34,76,174,128,46
E33048605,263,86,31,55,177,104,73
E33048606,315,106,43,63,209,149,60
E33048607,365,120,46,74,245,162,83
E33048608,371,71,23,48,300,254,46
E33048609,340,154,51,103,186,135,51
E33048610,249,74,32,42,175,129,46
E33048611,317,105,41,64,212,182,30
E33048612,352,152,57,95,200,150,50
E33048613,338,142,34,108,196,158,38
E33048614,311,108,30,78,203,159,44
E33048615,310,126,35,91,184,154,30
E33048616,300,118,49,69,182,120,62
E33048617,464,171,68,103,293,180,113
E33048618,314,110,33,77,204,124,80
E33048619,447,159,55,104,288,192,96
E33048620,430,129,47,82,301,203,98
E33048621,563,236,81,155,327,277,50
E33048622,247,68,12,56,179,154,25
E33048623,508,207,59,148,301,248,53
E33048624,685,147,30,117,538,498,40
E33048625,293,129,49,80,164,130,34
E33048626,300,113,36,77,187,159,28
E33048627,331,61,16,45,270,223,47
E33048628,434,149,47,102,285,226,59
E33048629,379,147,33,114,232,182,50
E33048630,875,294,64,230,581,548,33
E33048631,338,161,47,114,177,149,28
E33048632,398,94,25,69,304,233,71
E33048633,297,119,37,82,178,150,28
E33048634,312,155,35,120,157,116,41
E33048635,290,116,46,70,174,144,30
E33048636,398,153,64,89,245,172,73
E33048637,428,175,50,125,253,187,66
E33048638,616,301,106,195,315,244,71
E33048639,324,123,39,84,201,155,46
E33048640,261,95,27,68,166,117,49
E33048641,456,201,56,145,255,210,45
E33048642,425,187,37,150,238,204,34
E33048643,316,145,34,111,171,148,23
E33048644,355,123,30,93,232,181,51
E33048645,264,117,22,95,147,124,23
E33048646,255,70,29,41,185,157,28
E33048647,509,203,59,144,306,259,47
E33048648,315,119,35,84,196,161,35
E33048649,297,107,34,73,190,129,61
E33048650,288,113,43,70,175,99,76
E33048651,733,256,87,169,477,409,68
E33048652,291,127,42,85,164,129,35
E33048653,299,110,30,80,189,125,64
E33048654,335,119,26,93,216,170,46
E33048655,277,100,41,59,177,115,62
E33048656,228,63,31,32,165,132,33
E33048657,442,177,51,126,265,199,66
E33048658,229,59,24,35,170,125,45
E33048659,391,161,56,105,230,162,68
E33048660,307,99,34,65,208,131,77
E33048661,407,121,38,83,286,223,63
E33048662,265,110,33,77,155,107,48
E33048663,368,150,46,104,218,146,72
E33048664,352,128,43,85,224,149,75
E33048665,590,202,50,152,388,293,95
E33048666,321,134,47,87,187,107,80
E33048667,274,104,29,75,170,127,43
E33048668,247,112,39,73,135,96,39
E33048669,506,203,54,149,303,272,31
E33048670,709,240,66,174,469,399,70
E33048671,244,101,28,73,143,105,38
E33048672,252,113,43,70,139,111,28
E33048673,310,128,26,102,182,150,32
E33048674,354,136,34,102,218,160,58
E33048675,340,134,46,88,206,164,42
E33048676,510,244,56,188,266,242,24
E33048677,312,129,27,102,183,140,43
E33048678,248,114,40,74,134,100,34
E33048679,261,102,33,69,159,102,57
E33048680,396,173,55,118,223,180,43
E33048681,361,136,58,78,225,161,64
E33048682,430,147,43,104,283,229,54
E33048683,397,156,63,93,241,153,88
E33048684,490,184,54,130,306,242,64
E33048685,444,152,58,94,292,206,86
E33048686,374,139,49,90,235,154,81
E33048687,297,118,48,70,179,127,52
E33048688,255,84,28,56,171,136,35
E33048689,437,155,48,107,282,194,88
E33048690,239,114,51,63,125,95,30
E33048691,497,225,71,154,272,211,61
E33048692,420,165,58,107,255,201,54
E33048693,270,110,33,77,160,123,37
E33048694,310,108,36,72,202,154,48
E33048695,579,166,46,120,413,317,96
E33048696,595,97,43,54,498,448,50
E33048697,556,105,29,76,451,328,123
E33048698,407,104,22,82,303,251,52
E33048699,456,133,40,93,323,244,79
E33048700,312,100,30,70,212,134,78
E33048701,814,200,66,134,614,501,113
E33048702,415,121,42,79,294,219,75
E33048703,400,140,44,96,260,210,50
E33048704,352,145,51,94,207,166,41
E33048705,466,92,30,62,374,331,43
E33048706,369,122,34,88,247,170,77
E33048707,241,95,34,61,146,93,53
E33048708,331,99,30,69,232,183,49
E33048709,320,98,36,62,222,176,46
E33048710,407,177,47,130,230,186,44
E33048711,300,128,21,107,172,138,34
E33048712,310,112,37,75,198,166,32
E33048713,520,175,64,111,345,284,61
E33048714,348,136,51,85,212,159,53
E33048715,311,134,40,94,177,127,50
E33048716,518,175,39,136,343,268,75
E33048717,373,140,26,114,233,208,25
E33048718,447,188,46,142,259,223,36
E33048719,312,99,30,69,213,149,64
E33048720,460,84,28,56,376,317,59
E33048721,353,167,45,122,186,158,28
E33048722,383,192,44,148,191,149,42
E33048723,638,211,64,147,427,349,78
E33048724,596,117,50,67,479,409,70
E33048725,601,224,70,154,377,302,75
E33048726,361,102,36,66,259,195,64
E33048727,402,114,42,72,288,210,78
E33048728,314,91,42,49,223,145,78
E33048729,226,89,35,54,137,102,35
E33048730,245,96,37,59,149,114,35
E33048731,296,111,34,77,185,134,51
E33048732,268,90,41,49,178,121,57
E33048733,339,109,39,70,230,180,50
E33048734,340,135,30,105,205,155,50
E33048735,313,75,22,53,238,187,51
E33048736,542,65,28,37,477,412,65
E33048737,297,105,23,82,192,155,37
E33048738,781,221,61,160,560,487,73
E33048739,341,143,31,112,198,163,35
E33048740,299,128,37,91,171,142,29
E33048741,321,111,33,78,210,170,40
E33048742,398,151,47,104,247,179,68
E33048743,303,95,35,60,208,146,62
E33048744,362,159,52,107,203,153,50
E33048745,377,118,37,81,259,204,55
E33048746,477,236,92,144,241,190,51
E33048747,347,126,42,84,221,180,41
E33048748,349,138,38,100,211,161,50
E33048749,394,139,47,92,255,192,63
E33048750,433,189,79,110,244,174,70
E33048751,874,303,77,226,571,502,69
E33048752,334,101,36,65,233,163,70
E33048753,713,255,85,170,458,387,71
E33048754,880,483,107,376,397,321,76
E33048755,323,127,54,73,196,151,45
E33048756,228,57,22,35,171,154,17
E33048757,427,220,104,116,207,168,39
E33048758,366,138,46,92,228,187,41
E33048759,731,258,55,203,473,442,31
E33048760,541,285,104,181,256,212,44
E33048761,409,198,52,146,211,166,45
E33048762,382,141,51,90,241,152,89
E33048763,287,124,40,84,163,110,53
E33048764,359,121,40,81,238,163,75
E33048765,435,147,49,98,288,211,77
E33048766,373,132,62,70,241,190,51
E33048767,364,148,64,84,216,130,86
E33048768,280,105,51,54,175,102,73
E33048769,459,121,49,72,338,160,178
E33048770,766,175,66,109,591,428,163
E33048771,412,113,37,76,299,184,115
E33048772,255,89,44,45,166,90,76
E33048773,268,101,36,65,167,140,27
E33048774,416,200,55,145,216,182,34
E33048775,427,147,57,90,280,235,45
E33048776,270,101,37,64,169,131,38
E33048777,272,65,23,42,207,169,38
E33048778,286,129,42,87,157,126,31
E33048779,265,134,38,96,131,103,28
E33048780,406,130,49,81,276,242,34
E33048781,886,251,86,165,635,515,120
E33048782,353,126,40,86,227,159,68
E33048783,522,209,98,111,313,256,57
E33048784,426,143,52,91,283,198,85
E33048785,323,96,45,51,227,151,76
E33048786,323,97,34,63,226,144,82
E33048787,425,153,54,99,272,173,99
E33048788,394,123,51,72,271,206,65
E33048789,315,104,40,64,211,130,81
E33048790,372,167,79,88,205,134,71
E33048791,361,164,47,117,197,142,55
E33048792,307,173,33,140,134,110,24
E33048793,307,142,74,68,165,138,27
E33048794,1148,267,84,183,881,780,101
E33048795,584,135,55,80,449,341,108
E33048796,293,120,50,70,173,124,49
E33048797,593,311,137,174,282,229,53
E33048798,343,116,45,71,227,134,93
E33048799,320,116,47,69,204,152,52
E33048800,223,66,17,49,157,119,38
E33048801,381,142,46,96,239,189,50
E33048802,357,124,51,73,233,120,113
E33048803,310,109,48,61,201,130,71
E33048804,306,128,52,76,178,149,29
E33048805,499,173,69,104,326,221,105
E33048806,390,157,69,88,233,166,67
E33048807,467,174,80,94,293,203,90
E33048808,471,206,89,117,265,176,89
E33048809,682,278,86,192,404,301,103
E33048810,628,256,75,181,372,297,75
E33048811,317,94,40,54,223,167,56
E33048812,241,55,28,27,186,100,86
E33048813,363,102,33,69,261,219,42
E33048814,311,142,54,88,169,128,41
E33048815,791,273,96,177,518,401,117
E33048816,266,102,41,61,164,90,74
E33048817,241,78,28,50,163,87,76
E33048818,266,116,42,74,150,126,24
E33048819,512,232,101,131,280,227,53
E33048820,467,199,74,125,268,221,47
E33048821,329,135,63,72,194,153,41
E33048822,460,208,72,136,252,193,59
E33048823,257,112,36,76,145,117,28
E33048824,379,161,49,112,218,153,65
E33048825,356,134,42,92,222,173,49
E33048826,397,200,87,113,197,173,24
E33048827,405,88,30,58,317,269,48
E33048828,305,80,31,49,225,166,59
E33048829,445,211,71,140,234,191,43
E33048830,301,107,35,72,194,158,36
E33048831,623,193,49,144,430,400,30
E33048832,442,198,79,119,244,200,44
E33048833,240,92,38,54,148,104,44
E33048834,318,152,64,88,166,129,37
E33048835,355,127,47,80,228,165,63
E33048836,724,113,44,69,611,420,191
E33048837,627,212,86,126,415,323,92
E33048838,984,243,110,133,741,591,150
E33048839,397,142,71,71,255,177,78
E33048840,2386,193,85,108,2193,1132,1061
E33048841,231,66,25,41,165,129,36
E33048842,327,179,83,96,148,110,38
E33048843,1248,276,60,216,972,885,87
E33048844,387,156,57,99,231,180,51
E33048845,383,181,75,106,202,168,34
E33048846,253,118,35,83,135,111,24
E33048847,441,160,71,89,281,207,74
E33048848,487,197,69,128,290,230,60
E33048849,280,139,43,96,141,119,22
E33048850,249,108,46,62,141,85,56
E33048851,404,199,69,130,205,162,43
E33048852,289,117,53,64,172,135,37
E33048853,572,273,114,159,299,236,63
E33048854,296,78,27,51,218,169,49
E33048855,373,150,51,99,223,150,73
E33048856,582,182,62,120,400,338,62
E33048857,294,153,56,97,141,112,29
E33048858,631,286,91,195,345,293,52
E33048859,331,151,38,113,180,149,31
E33048860,381,149,43,106,232,193,39
E33048861,350,147,37,110,203,165,38
E33048862,312,120,33,87,192,145,47
E33048863,338,149,58,91,189,146,43
E33048864,265,78,21,57,187,159,28
E33048865,310,140,40,100,170,130,40
E33048866,276,113,34,79,163,129,34
E33048867,673,293,105,188,380,278,102
E33048868,433,223,41,182,210,189,21
E33048869,383,171,59,112,212,163,49
E33048870,399,175,67,108,224,184,40
E33048871,400,166,94,72,234,168,66
E33048872,477,182,92,90,295,245,50
E33048873,317,147,48,99,170,147,23
E33048874,293,130,43,87,163,130,33
E33048875,393,137,46,91,256,211,45
E33048876,399,164,50,114,235,179,56
E33048877,512,94,28,66,418,274,144
E33048878,306,150,47,103,156,115,41
E33048879,334,102,27,75,232,186,46
E33048880,383,182,53,129,201,159,42
E33048881,285,152,72,80,133,102,31
E33048882,280,135,57,78,145,119,26
E33048883,423,199,91,108,224,177,47
E33048884,597,174,60,114,423,361,62
E33048885,396,206,81,125,190,157,33
E33048886,254,106,26,80,148,124,24
E33048887,355,106,29,77,249,188,61
E33048888,290,129,52,77,161,115,46
E33048889,501,213,50,163,288,227,61
E33048890,259,139,66,73,120,98,22
E33048891,298,116,47,69,182,137,45
E33048892,385,181,43,138,204,174,30
E33048893,256,108,37,71,148,122,26
E33048894,287,97,43,54,190,146,44
E33048895,576,285,75,210,291,248,43
E33048896,631,301,81,220,330,306,24
E33048897,284,91,31,60,193,172,21
E33048898,340,81,25,56,259,220,39
E33048899,831,343,118,225,488,379,109
E33048900,294,147,69,78,147,123,24
E33048901,459,128,17,111,331,300,31
E33048902,681,208,69,139,473,401,72
E33048903,539,200,58,142,339,305,34
E33048904,764,229,49,180,535,510,25
E33048905,486,104,24,80,382,348,34
E33048906,217,115,46,69,102,91,11
E33048907,405,157,58,99,248,200,48
E33048908,372,112,41,71,260,222,38
E33048909,276,98,33,65,178,153,25
E33048910,302,116,41,75,186,152,34
E33048911,472,206,66,140,266,241,25
E33048912,411,170,70,100,241,191,50
E33048913,266,107,45,62,159,127,32
E33048914,329,169,61,108,160,118,42
E33048915,334,126,38,88,208,163,45
E33048916,539,297,118,179,242,213,29
E33048917,526,254,77,177,272,237,35
E33048918,309,136,38,98,173,130,43
E33048919,1365,210,37,173,1155,1045,110
E33048920,617,146,35,111,471,382,89
E33048921,457,110,46,64,347,284,63
E33048922,614,291,110,181,323,280,43
E33048923,557,152,23,129,405,358,47
E33048924,357,80,21,59,277,245,32
E33048925,327,101,29,72,226,175,51
E33048926,2266,303,64,239,1963,1737,226
E33048927,412,123,43,80,289,241,48
E33048928,546,199,51,148,347,297,50
E33048929,374,113,40,73,261,192,69
E33048930,352,109,29,80,243,189,54
E33048931,385,129,22,107,256,213,43
E33048932,419,169,81,88,250,205,45
E33048933,503,204,62,142,299,255,44
E33048934,457,127,46,81,330,287,43
E33048935,337,137,33,104,200,158,42
E33048936,262,137,36,101,125,88,37
E33048937,405,95,30,65,310,233,77
E33048938,351,112,45,67,239,181,58
E33048939,295,123,38,85,172,139,33
E33048940,295,100,39,61,195,157,38
E33048941,239,116,48,68,123,97,26
E33048942,350,182,83,99,168,134,34
E33048943,246,102,35,67,144,117,27
E33048944,361,175,64,111,186,135,51
E33048945,283,80,42,38,203,100,103
E33048946,361,148,43,105,213,167,46
E33048947,317,100,30,70,217,117,100
E33048948,244,70,35,35,174,97,77
E33048949,276,89,35,54,187,103,84
E33048950,403,92,32,60,311,235,76
E33048951,395,120,39,81,275,158,117
E33048952,498,190,81,109,308,187,121
E33048953,549,171,67,104,378,290,88
E33048954,386,131,51,80,255,194,61
E33048955,481,145,57,88,336,197,139
E33048956,253,79,32,47,174,97,77
E33048957,332,121,39,82,211,150,61
E33048958,295,86,37,49,209,121,88
E33048959,590,227,90,137,363,266,97
E33048960,595,210,62,148,385,337,48
E33048961,637,172,55,117,465,364,101
E33048962,253,66,26,40,187,132,55
E33048963,305,82,21,61,223,175,48
E33048964,520,229,65,164,291,239,52
E33048965,315,160,58,102,155,116,39
E33048966,661,129,39,90,532,467,65
E33048967,450,160,66,94,290,208,82
E33048968,487,133,61,72,354,228,126
E33048969,668,226,96,130,442,273,169
E33048970,276,87,33,54,189,123,66
E33048971,413,177,58,119,236,175,61
E33048972,277,102,32,70,175,140,35
E33048973,246,107,45,62,139,122,17
E33048974,609,288,91,197,321,282,39
E33048975,328,148,41,107,180,139,41
E33048976,348,188,79,109,160,119,41
E33048977,344,140,50,90,204,143,61
E33048978,508,143,55,88,365,222,143
E33048979,512,195,71,124,317,221,96
E33048980,281,112,45,67,169,94,75
E33048981,383,116,35,81,267,177,90
E33048982,433,142,49,93,291,181,110
E33048983,387,156,60,96,231,134,97
E33048984,302,125,57,68,177,118,59
E33048985,321,110,39,71,211,124,87
E33048986,249,77,30,47,172,100,72
E33048987,313,118,42,76,195,117,78
E33048988,457,55,20,35,402,329,73
E33048989,413,148,63,85,265,158,107
E33048990,292,89,35,54,203,118,85
E33048991,307,108,43,65,199,138,61
E33048992,245,80,43,37,165,74,91
E33048993,354,121,40,81,233,156,77
E33048994,256,93,38,55,163,127,36
E33048995,573,264,74,190,309,249,60
E33048996,507,251,78,173,256,202,54
E33048997,321,122,32,90,199,166,33
E33048998,426,102,42,60,324,260,64
E33048999,642,223,79,144,419,369,50
E33049000,267,117,41,76,150,114,36
E33049001,356,138,31,107,218,169,49
E33049002,404,157,55,102,247,157,90
E33049003,367,143,47,96,224,192,32
E33049004,436,226,91,135,210,171,39
E33049005,437,156,59,97,281,206,75
E33049006,244,88,23,65,156,101,55
E33049007,506,213,62,151,293,201,92
E33049008,310,117,54,63,193,103,90
E33049009,210,51,19,32,159,91,68
E33049010,245,79,30,49,166,89,77
E33049011,477,205,77,128,272,205,67
E33049012,273,78,21,57,195,140,55
E33049013,321,150,34,116,171,135,36
E33049014,1093,169,51,118,924,858,66
E33049015,247,130,25,105,117,99,18
E33049016,262,108,35,73,154,106,48
E33049017,407,133,48,85,274,195,79
E33049018,492,166,57,109,326,247,79
E33049019,296,113,45,68,183,117,66
E33049020,630,149,40,109,481,358,123
E33049021,287,113,49,64,174,137,37
E33049022,276,101,54,47,175,119,56
E33049023,1835,201,68,133,1634,1123,511
E33049024,334,165,49,116,169,133,36
E33049025,274,122,31,91,152,120,32
E33049026,382,107,39,68,275,211,64
E33049027,421,231,89,142,190,154,36
E33049028,608,284,103,181,324,254,70
E33049029,348,114,33,81,234,170,64
E33049030,267,70,24,46,197,126,71
E33049031,225,89,31,58,136,82,54
E33049032,261,83,38,45,178,118,60
E33049033,230,57,24,33,173,107,66
E33049034,234,66,23,43,168,110,58
E33049035,403,143,52,91,260,179,81
E33049036,257,99,43,56,158,115,43
E33049037,520,100,28,72,420,322,98
E33049038,285,125,18,107,160,148,12
E33049039,657,267,84,183,390,315,75
E33049040,349,106,31,75,243,202,41
E33049041,518,193,62,131,325,249,76
E33049042,269,108,29,79,161,142,19
E33049043,328,134,40,94,194,173,21
E33049044,441,201,69,132,240,191,49
E33049045,613,160,45,115,453,378,75
E33049046,517,205,45,160,312,280,32
E33049047,1004,338,114,224,666,569,97
E33049048,441,108,26,82,333,269,64
E33049049,278,102,27,75,176,138,38
E33049050,518,200,57,143,318,263,55
E33049051,303,141,40,101,162,137,25
E33049052,450,191,68,123,259,193,66
E33049053,438,176,51,125,262,222,40
E33049054,299,100,42,58,199,140,59
E33049055,318,83,34,49,235,192,43
E33049056,247,134,43,91,113,93,20
E33049057,250,89,31,58,161,126,35
E33049058,388,110,32,78,278,193,85
E33049059,377,156,51,105,221,144,77
E33049060,308,97,36,61,211,168,43
E33049061,277,141,35,106,136,105,31
E33049062,469,119,46,73,350,236,114
E33049063,420,118,37,81,302,186,116
E33049064,577,247,77,170,330,263,67
E33049065,280,94,39,55,186,103,83
E33049066,339,141,40,101,198,157,41
E33049067,269,93,42,51,176,97,79
E33049068,335,123,40,83,212,160,52
E33049069,389,112,38,74,277,151,126
E33049070,358,130,39,91,228,164,64
E33049071,304,106,32,74,198,131,67
E33049072,222,73,35,38,149,89,60
E33049073,311,118,52,66,193,94,99
E33049074,328,96,40,56,232,122,110
E33049075,242,61,27,34,181,89,92
E33049076,241,82,35,47,159,71,88
E33049077,300,72,15,57,228,143,85
E33049078,503,118,33,85,385,317,68
E33049079,458,164,53,111,294,238,56
E33049080,365,83,28,55,282,193,89
E33049081,1691,446,78,368,1245,966,279
E33049082,1421,182,39,143,1239,1076,163
E33049083,394,150,49,101,244,185,59
E33049084,232,96,37,59,136,89,47
E33049085,426,152,73,79,274,159,115
E33049086,614,157,62,95,457,353,104
E33049087,596,215,87,128,381,292,89
E33049088,268,86,30,56,182,138,44
E33049089,257,75,27,48,182,130,52
E33049090,279,136,43,93,143,106,37
E33049091,503,158,48,110,345,303,42
E33049092,558,180,53,127,378,351,27
E33049093,284,129,39,90,155,116,39
E33049094,389,177,46,131,212,178,34
E33049095,130,42,10,32,88,74,14
E33049096,493,247,81,166,246,191,55
E33049097,332,156,58,98,176,114,62
E33049098,443,156,61,95,287,201,86
E33049099,333,108,35,73,225,162,63
E33049100,397,146,58,88,251,169,82
E33049101,501,195,79,116,306,221,85
E33049102,349,140,68,72,209,145,64
E33049103,534,233,52,181,301,257,44
E33049104,540,180,68,112,360,261,99
E33049105,385,184,65,119,201,152,49
E33049106,360,90,35,55,270,215,55
E33049107,686,247,88,159,439,368,71
E33049108,293,106,40,66,187,127,60
E33049109,398,172,55,117,226,190,36
E33049110,335,108,33,75,227,166,61
E33049111,260,107,44,63,153,100,53
E33049112,370,140,54,86,230,166,64
E33049113,241,84,29,55,157,105,52
E33049114,276,104,52,52,172,108,64
E33049115,274,95,25,70,179,114,65
E33049116,285,103,37,66,182,140,42
E33049117,513,170,50,120,343,272,71
E33049118,1015,160,56,104,855,522,333
E33049119,380,151,48,103,229,167,62
E33049120,312,122,49,73,190,139,51
E33049121,375,162,74,88,213,172,41
E33049122,435,189,91,98,246,172,74
E33049123,262,102,45,57,160,118,42
E33049124,272,121,49,72,151,92,59
E33049125,288,94,50,44,194,126,68
E33049126,325,156,72,84,169,118,51
E33049127,292,108,53,55,184,127,57
E33049128,554,234,89,145,320,230,90
E33049129,281,95,31,64,186,145,41
E33049130,244,99,49,50,145,88,57
E33049131,280,139,64,75,141,103,38
E33049132,410,165,48,117,245,183,62
E33049133,276,105,44,61,171,125,46
E33049134,520,200,67,133,320,240,80
E33049135,393,95,35,60,298,253,45
E33049136,332,125,25,100,207,177,30
E33049137,361,138,49,89,223,185,38
E33049138,285,120,57,63,165,111,54
E33049139,368,141,74,67,227,130,97
E33049140,323,135,67,68,188,123,65
E33049141,343,121,43,78,222,148,74
E33049142,259,97,48,49,162,112,50
E33049143,283,104,52,52,179,101,78
E33049144,274,114,57,57,160,125,35
E33049145,594,214,87,127,380,289,91
E33049146,505,111,44,67,394,277,117
E33049147,295,125,57,68,170,122,48
E33049148,448,171,71,100,277,204,73
E33049149,252,106,55,51,146,99,47
E33049150,331,92,34,58,239,174,65
E33049151,271,92,36,56,179,110,69
E33049152,340,132,46,86,208,150,58
E33049153,338,121,47,74,217,148,69
E33049154,311,132,39,93,179,149,30
E33049155,400,146,60,86,254,181,73
E33049156,276,102,40,62,174,131,43
E33049157,332,193,93,100,139,114,25
E33049158,325,123,50,73,202,148,54
E33049159,463,100,39,61,363,224,139
E33049160,275,67,9,58,208,182,26
E33049161,455,158,53,105,297,249,48
E33049162,285,84,40,44,201,113,88
E33049163,389,129,58,71,260,172,88
E33049164,423,181,61,120,242,175,67
E33049165,315,126,56,70,189,144,45
E33049166,330,149,78,71,181,127,54
E33049167,374,148,71,77,226,145,81
E33049168,386,199,75,124,187,147,40
E33049169,268,113,43,70,155,117,38
E33049170,250,78,35,43,172,133,39
E33049171,461,143,62,81,318,228,90
E33049172,236,77,33,44,159,125,34
E33049173,292,120,50,70,172,124,48
E33049174,436,189,72,117,247,189,58
E33049175,262,101,44,57,161,134,27
E33049176,320,115,43,72,205,144,61
E33049177,516,219,86,133,297,239,58
E33049178,718,245,97,148,473,358,115
E33049179,302,152,38,114,150,119,31
E33049180,330,141,38,103,189,142,47
E33049181,321,132,33,99,189,137,52
E33049182,284,105,38,67,179,148,31
E33049183,614,308,103,205,306,229,77
E33049184,254,128,46,82,126,96,30
E33049185,426,172,51,121,254,197,57
E33049186,910,288,119,169,622,516,106
E33049187,863,186,62,124,677,490,187
E33049188,271,121,60,61,150,101,49
E33049189,576,206,77,129,370,273,97
E33049190,426,174,55,119,252,191,61
E33049191,366,163,54,109,203,145,58
E33049192,275,127,31,96,148,111,37
E33049193,300,137,51,86,163,118,45
E33049194,775,373,139,234,402,346,56
E33049195,647,267,128,139,380,325,55
E33049196,303,102,26,76,201,148,53
E33049197,338,98,37,61,240,189,51
E33049198,360,183,74,109,177,146,31
E33049199,362,128,38,90,234,198,36
E33049200,433,224,79,145,209,159,50
E33049201,275,106,29,77,169,120,49
E33049202,438,151,54,97,287,226,61
E33049203,363,144,44,100,219,168,51
E33049204,231,87,32,55,144,111,33
E33049205,251,90,28,62,161,108,53
E33049206,412,185,70,115,227,166,61
E33049207,272,121,55,66,151,106,45
E33049208,362,159,73,86,203,134,69
E33049209,457,201,68,133,256,173,83
E33049210,400,154,51,103,246,210,36
E33049211,394,152,38,114,242,201,41
E33049212,473,175,59,116,298,217,81
E33049213,726,200,62,138,526,466,60
E33049214,392,135,41,94,257,183,74
E33049215,413,114,38,76,299,257,42
E33049216,339,135,44,91,204,132,72
E33049217,408,111,34,77,297,247,50
E33049218,917,173,38,135,744,665,79
E33049219,291,125,47,78,166,132,34
E33049220,864,136,41,95,728,645,83
E33049221,317,126,63,63,191,165,26
E33049222,686,364,85,279,322,284,38
E33049223,411,145,56,89,266,224,42
E33049224,629,205,66,139,424,341,83
E33049225,259,93,25,68,166,137,29
E33049226,720,315,92,223,405,365,40
E33049227,614,138,43,95,476,385,91
E33049228,213,76,24,52,137,118,19
E33049229,296,95,38,57,201,150,51
E33049230,1387,207,63,144,1180,979,201
E33049231,393,115,33,82,278,235,43
E33049232,330,99,29,70,231,164,67
E33049233,419,132,43,89,287,210,77
E33049234,285,91,35,56,194,134,60
E33049235,244,117,39,78,127,112,15
E33049236,288,81,22,59,207,164,43
E33049237,262,111,42,69,151,115,36
E33049238,286,96,35,61,190,143,47
E33049239,360,159,67,92,201,145,56
E33049240,319,158,44,114,161,118,43
E33049241,450,167,71,96,283,217,66
E33049242,235,90,43,47,145,108,37
E33049243,292,97,29,68,195,148,47
E33049244,239,95,34,61,144,87,57
E33049245,340,148,56,92,192,140,52
E33049246,263,102,33,69,161,123,38
E33049247,486,139,53,86,347,284,63
E33049248,401,132,48,84,269,205,64
E33049249,649,179,75,104,470,386,84
E33049250,339,169,65,104,170,125,45
E33049251,408,169,63,106,239,187,52
E33049252,311,135,40,95,176,134,42
E33049253,605,294,95,199,311,256,55
E33049254,240,85,29,56,155,122,33
E33049255,319,111,31,80,208,152,56
E33049256,457,191,57,134,266,231,35
E33049257,441,260,58,202,181,158,23
E33049258,376,156,27,129,220,191,29
E33049259,252,79,21,58,173,147,26
E33049260,721,218,67,151,503,401,102
E33049261,743,122,39,83,621,570,51
E33049262,269,114,42,72,155,130,25
E33049263,298,111,30,81,187,150,37
E33049264,321,62,19,43,259,207,52
E33049265,514,207,67,140,307,238,69
E33049266,265,75,29,46,190,111,79
E33049267,235,84,22,62,151,95,56
E33049268,425,143,56,87,282,172,110
E33049269,375,131,43,88,244,151,93
E33049270,291,109,37,72,182,115,67
E33049271,225,63,28,35,162,115,47
E33049272,366,130,55,75,236,139,97
E33049273,337,166,43,123,171,140,31
E33049274,306,92,33,59,214,157,57
E33049275,450,90,28,62,360,304,56
E33049276,378,134,40,94,244,190,54
E33049277,329,140,48,92,189,129,60
E33049278,335,100,48,52,235,154,81
E33049279,626,141,38,103,485,335,150
E33049280,428,131,47,84,297,192,105
E33049281,340,125,50,75,215,119,96
E33049282,247,92,37,55,155,82,73
E33049283,288,99,33,66,189,127,62
E33049284,247,92,30,62,155,94,61
E33049285,247,73,36,37,174,131,43
E33049286,305,123,42,81,182,97,85
E33049287,242,55,18,37,187,99,88
E33049288,338,116,42,74,222,106,116
E33049289,384,118,58,60,266,154,112
E33049290,417,151,49,102,266,210,56
E33049291,280,108,36,72,172,120,52
E33049292,283,68,33,35,215,127,88
E33049293,509,165,55,110,344,270,74
E33049294,320,113,50,63,207,129,78
E33049295,244,93,34,59,151,96,55
E33049296,392,140,59,81,252,118,134
E33049297,533,198,75,123,335,208,127
E33049298,438,147,54,93,291,160,131
E33049299,512,168,73,95,344,212,132
E33049300,277,102,38,64,175,118,57
E33049301,357,122,53,69,235,136,99
E33049302,595,170,67,103,425,289,136
E33049303,643,175,60,115,468,300,168
E33049304,235,76,38,38,159,85,74
E33049305,273,82,36,46,191,95,96
E33049306,296,90,36,54,206,111,95
E33049307,425,69,22,47,356,276,80
E33049308,231,93,39,54,138,102,36
E33049309,513,218,69,149,295,239,56
E33049310,374,120,45,75,254,185,69
E33049311,350,180,47,133,170,136,34
E33049312,374,137,53,84,237,191,46
E33049313,404,123,44,79,281,210,71
E33049314,314,51,19,32,263,200,63
E33049315,482,263,99,164,219,172,47
E33049316,418,167,75,92,251,159,92
E33049317,784,285,82,203,499,436,63
E33049318,327,97,38,59,230,138,92
E33049319,362,129,52,77,233,144,89
E33049320,331,140,64,76,191,117,74
E33049321,344,136,44,92,208,127,81
E33049322,402,143,60,83,259,183,76
E33049323,244,71,35,36,173,107,66
E33049324,306,88,36,52,218,108,110
E33049325,278,89,30,59,189,129,60
E33049326,343,110,45,65,233,129,104
E33049327,234,101,40,61,133,89,44
E33049328,334,126,39,87,208,121,87
E33049329,631,121,57,64,510,399,111
E33049330,351,118,46,72,233,156,77
E33049331,506,213,89,124,293,193,100
E33049332,353,161,59,102,192,145,47
E33049333,333,87,21,66,246,222,24
E33049334,596,234,80,154,362,295,67
E33049335,579,221,87,134,358,292,66
E33049336,630,170,46,124,460,394,66
E33049337,570,246,75,171,324,206,118
E33049338,294,100,36,64,194,139,55
E33049339,286,124,43,81,162,116,46
E33049340,343,136,61,75,207,135,72
E33049341,386,154,80,74,232,142,90
E33049342,394,158,59,99,236,159,77
E33049343,383,168,78,90,215,150,65
E33049344,373,169,57,112,204,129,75
E33049345,276,102,43,59,174,131,43
E33049346,282,83,36,47,199,145,54
E33049347,459,214,75,139,245,191,54
E33049348,310,153,69,84,157,113,44
E33049349,500,176,67,109,324,232,92
E33049350,343,112,52,60,231,169,62
E33049351,777,363,45,318,414,390,24
E33049352,324,107,50,57,217,167,50
E33049353,368,96,24,72,272,218,54
E33049354,600,267,99,168,333,271,62
E33049355,239,139,67,72,100,67,33
E33049356,305,119,44,75,186,156,30
E33049357,287,106,44,62,181,133,48
E33049358,333,143,60,83,190,143,47
E33049359,402,159,72,87,243,173,70
E33049360,232,102,49,53,130,111,19
E33049361,1357,210,58,152,1147,1024,123
E33049362,297,129,43,86,168,138,30
E33049363,235,66,34,32,169,128,41
E33049364,293,122,32,90,171,131,40
E33049365,320,131,30,101,189,146,43
E33049366,581,99,29,70,482,418,64
E33049367,268,107,39,68,161,122,39
E33049368,400,136,53,83,264,210,54
E33049369,413,141,29,112,272,218,54
E33049370,445,153,66,87,292,223,69
E33049371,284,107,36,71,177,136,41
E33049372,273,97,42,55,176,126,50
E33049373,303,97,34,63,206,167,39
E33049374,312,131,51,80,181,132,49
E33049375,402,166,74,92,236,184,52
E33049376,326,118,45,73,208,134,74
E33049377,265,120,54,66,145,95,50
E33049378,378,155,61,94,223,156,67
E33049379,317,116,55,61,201,136,65
E33049380,780,308,133,175,472,333,139
E33049381,427,191,74,117,236,174,62
E33049382,722,160,52,108,562,459,103
E33049383,606,272,123,149,334,271,63
E33049384,458,197,79,118,261,201,60
E33049385,566,204,75,129,362,273,89
E33049386,284,123,54,69,161,121,40
E33049387,321,128,58,70,193,123,70
E33049388,334,133,53,80,201,148,53
E33049389,467,180,77,103,287,236,51
E33049390,436,209,94,115,227,176,51
E33049391,757,332,115,217,425,350,75
E33049392,581,248,113,135,333,244,89
E33049393,287,118,58,60,169,136,33
E33049394,226,106,53,53,120,88,32
E33049395,481,141,58,83,340,255,85
E33049396,306,92,45,47,214,147,67
E33049397,231,74,32,42,157,103,54
E33049398,311,101,59,42,210,146,64
E33049399,281,90,41,49,191,124,67
E33049400,313,157,62,95,156,115,41
E33049401,820,203,84,119,617,501,116
E33049402,261,96,47,49,165,114,51
E33049403,380,184,70,114,196,157,39
E33049404,648,267,119,148,381,308,73
E33049405,403,164,77,87,239,187,52
E33049406,535,196,59,137,339,290,49
E33049407,521,204,72,132,317,242,75
E33049408,832,438,182,256,394,333,61
E33049409,393,98,37,61,295,253,42
E33049410,312,110,25,85,202,173,29
E33049411,803,337,151,186,466,368,98
E33049412,301,119,43,76,182,151,31
E33049413,323,111,55,56,212,171,41
E33049414,849,120,40,80,729,613,116
E33049415,389,83,28,55,306,222,84
E33049416,332,178,56,122,154,129,25
E33049417,456,249,115,134,207,162,45
E33049418,297,145,51,94,152,120,32
E33049419,502,176,60,116,326,268,58
E33049420,513,204,50,154,309,263,46
E33049421,323,119,54,65,204,136,68
E33049422,335,158,64,94,177,137,40
E33049423,264,89,36,53,175,132,43
E33049424,397,206,98,108,191,142,49
E33049425,568,246,122,124,322,267,55
E33049426,507,172,74,98,335,257,78
E33049427,354,166,72,94,188,153,35
E33049428,309,111,43,68,198,154,44
E33049429,383,152,57,95,231,169,62
E33049430,313,125,43,82,188,130,58
E33049431,287,106,44,62,181,128,53
E33049432,353,118,54,64,235,185,50
E33049433,377,166,49,117,211,166,45
E33049434,379,146,63,83,233,183,50
E33049435,558,201,80,121,357,257,100
E33049436,323,126,59,67,197,162,35
E33049437,346,110,46,64,236,159,77
E33049438,497,187,67,120,310,227,83
E33049439,249,76,34,42,173,109,64
E33049440,409,140,60,80,269,188,81
E33049441,325,110,55,55,215,127,88
E33049442,408,131,51,80,277,191,86
E33049443,298,93,34,59,205,146,59
E33049444,307,158,41,117,149,135,14
E33049445,566,93,40,53,473,347,126
E33049446,257,128,55,73,129,94,35
E33049447,437,205,70,135,232,187,45
E33049448,430,189,88,101,241,178,63
E33049449,247,83,16,67,164,138,26
E33049450,421,87,38,49,334,228,106
E33049451,339,141,62,79,198,127,71
E33049452,515,200,66,134,315,246,69
E33049453,343,57,16,41,286,203,83
E33049454,446,120,53,67,326,216,110
E33049455,264,93,39,54,171,138,33
E33049456,342,92,37,55,250,179,71
E33049457,312,135,57,78,177,144,33
E33049458,244,57,32,25,187,109,78
E33049459,305,125,51,74,180,137,43
E33049460,437,93,29,64,344,288,56
E33049461,372,142,64,78,230,160,70
E33049462,615,177,64,113,438,345,93
E33049463,610,151,54,97,459,392,67
E33049464,279,115,61,54,164,114,50
E33049465,265,91,38,53,174,104,70
E33049466,506,174,73,101,332,187,145
E33049467,394,121,56,65,273,196,77
E33049468,2441,246,86,160,2195,1691,504
E33049469,657,237,76,161,420,276,144
E33049470,285,86,30,56,199,136,63
E33049471,374,127,68,59,247,155,92
E33049472,286,80,37,43,206,149,57
E33049473,340,101,27,74,239,208,31
E33049474,366,135,52,83,231,176,55
E33049475,340,110,48,62,230,184,46
E33049476,343,132,40,92,211,168,43
E33049477,294,133,51,82,161,123,38
E33049478,428,160,38,122,268,225,43
E33049479,370,132,49,83,238,167,71
E33049480,323,75,26,49,248,149,99
E33049481,289,101,42,59,188,125,63
E33049482,385,118,41,77,267,161,106
E33049483,321,129,57,72,192,117,75
E33049484,321,89,30,59,232,155,77
E33049485,269,82,30,52,187,145,42
E33049486,274,130,45,85,144,108,36
E33049487,270,105,44,61,165,112,53
E33049488,271,110,37,73,161,117,44
E33049489,391,141,45,96,250,191,59
E33049490,317,158,57,101,159,105,54
E33049491,403,107,40,67,296,246,50
E33049492,599,228,126,102,371,249,122
E33049493,294,145,32,113,149,126,23
E33049494,288,121,31,90,167,139,28
E33049495,259,97,40,57,162,117,45
E33049496,311,143,60,83,168,117,51
E33049497,601,270,109,161,331,262,69
E33049498,1061,220,54,166,841,694,147
E33049499,405,80,35,45,325,288,37
E33049500,327,156,48,108,171,135,36
E33049501,572,142,55,87,430,293,137
E33049502,634,85,24,61,549,489,60
E33049503,333,89,29,60,244,199,45
E33049504,542,129,56,73,413,328,85
E33049505,275,87,35,52,188,120,68
E33049506,396,107,38,69,289,219,70
E33049507,233,73,34,39,160,110,50
E33049508,332,103,47,56,229,182,47
E33049509,323,152,78,74,171,111,60
E33049510,319,94,42,52,225,163,62
E33049511,274,100,38,62,174,125,49
E33049512,276,120,48,72,156,108,48
E33049513,288,132,47,85,156,100,56
E33049514,457,206,68,138,251,207,44
E33049515,363,194,63,131,169,144,25
E33049516,436,192,78,114,244,188,56
E33049517,523,192,85,107,331,267,64
E33049518,390,154,66,88,236,186,50
E33049519,379,101,35,66,278,236,42
E33049520,428,207,80,127,221,185,36
E33049521,398,100,31,69,298,250,48
E33049522,544,176,64,112,368,259,109
E33049523,237,93,26,67,144,108,36
E33049524,594,255,104,151,339,253,86
E33049525,432,180,66,114,252,202,50
E33049526,473,189,71,118,284,227,57
E33049527,628,186,55,131,442,365,77
E33049528,427,142,56,86,285,201,84
E33049529,499,288,127,161,211,146,65
E33049530,323,104,56,48,219,150,69
E33049531,263,95,52,43,168,109,59
E33049532,259,82,39,43,177,98,79
E33049533,234,75,35,40,159,105,54
E33049534,509,119,47,72,390,282,108
E33049535,306,119,36,83,187,147,40
E33049536,298,87,28,59,211,173,38
E33049537,312,96,48,48,216,130,86
E33049538,318,115,44,71,203,151,52
E33049539,345,117,39,78,228,158,70
E33049540,244,68,28,40,176,117,59
E33049541,399,182,78,104,217,164,53
E33049542,236,64,19,45,172,107,65
E33049543,432,161,65,96,271,144,127
E33049544,228,59,23,36,169,116,53
E33049545,571,218,65,153,353,308,45
E33049546,305,142,49,93,163,116,47
E33049547,349,123,55,68,226,138,88
E33049548,284,87,33,54,197,128,69
E33049549,546,145,56,89,401,321,80
E33049550,216,94,31,63,122,91,31
E33049551,426,113,39,74,313,209,104
E33049552,248,92,41,51,156,107,49
E33049553,328,113,57,56,215,121,94
E33049554,260,82,34,48,178,107,71
E33049555,246,74,30,44,172,100,72
E33049556,303,115,50,65,188,135,53
E33049557,306,120,52,68,186,125,61
E33049558,287,132,65,67,155,91,64
E33049559,274,121,53,68,153,106,47
E33049560,406,168,65,103,238,172,66
E33049561,377,120,55,65,257,147,110
E33049562,668,309,139,170,359,272,87
E33049563,415,142,44,98,273,230,43
E33049564,438,142,53,89,296,227,69
E33049565,503,209,71,138,294,229,65
E33049566,385,173,65,108,212,174,38
E33049567,381,138,60,78,243,156,87
E33049568,394,137,58,79,257,188,69
E33049569,297,123,51,72,174,135,39
E33049570,433,169,83,86,264,185,79
E33049571,527,216,115,101,311,205,106
E33049572,358,168,48,120,190,160,30
E33049573,315,107,24,83,208,174,34
E33049574,700,329,127,202,371,314,57
E33049575,297,122,49,73,175,145,30
E33049576,375,160,56,104,215,151,64
E33049577,239,98,34,64,141,115,26
E33049578,312,130,47,83,182,151,31
E33049579,446,77,10,67,369,312,57
E33049580,370,158,50,108,212,171,41
E33049581,646,266,81,185,380,296,84
E33049582,334,144,40,104,190,166,24
E33049583,382,182,50,132,200,172,28
E33049584,399,59,15,44,340,290,50
E33049585,481,155,27,128,326,288,38
E33049586,897,345,115,230,552,497,55
E33049587,339,94,24,70,245,222,23
E33049588,380,165,52,113,215,158,57
E33049589,397,124,52,72,273,206,67
E33049590,553,278,93,185,275,251,24
E33049591,381,93,31,62,288,234,54
E33049592,387,172,53,119,215,183,32
E33049593,369,73,29,44,296,254,42
E33049594,324,76,21,55,248,191,57
E33049595,428,168,55,113,260,208,52
E33049596,409,140,48,92,269,187,82
E33049597,341,112,39,73,229,146,83
E33049598,239,96,43,53,143,91,52
E33049599,304,106,37,69,198,136,62
E33049600,1227,202,61,141,1025,861,164
E33049601,237,61,22,39,176,112,64
E33049602,702,234,74,160,468,359,109
E33049603,325,80,21,59,245,201,44
E33049604,286,141,65,76,145,112,33
E33049605,256,105,53,52,151,102,49
E33049606,257,116,37,79,141,97,44
E33049607,828,285,51,234,543,460,83
E33049608,1057,117,25,92,940,818,122
E33049609,539,185,78,107,354,250,104
E33049610,375,166,58,108,209,173,36
E33049611,233,109,45,64,124,90,34
E33049612,403,169,59,110,234,182,52
E33049613,413,205,87,118,208,155,53
E33049614,322,161,60,101,161,133,28
E33049615,320,155,36,119,165,128,37
E33049616,348,142,58,84,206,151,55
E33049617,376,141,39,102,235,198,37
E33049618,963,320,102,218,643,555,88
E33049619,429,200,58,142,229,176,53
E33049620,446,218,77,141,228,170,58
E33049621,270,116,44,72,154,119,35
E33049622,312,70,34,36,242,213,29
E33049623,302,102,46,56,200,138,62
E33049624,526,242,75,167,284,225,59
E33049625,439,171,38,133,268,169,99
E33049626,396,182,51,131,214,167,47
E33049627,534,193,48,145,341,276,65
E33049628,351,169,36,133,182,150,32
E33049629,316,145,44,101,171,134,37
E33049630,271,109,34,75,162,125,37
E33049631,365,133,50,83,232,176,56
E33049632,507,241,42,199,266,231,35
E33049633,634,289,71,218,345,315,30
E33049634,330,159,60,99,171,128,43
E33049635,373,150,39,111,223,178,45
E33049636,284,112,54,58,172,133,39
E33049637,315,106,37,69,209,162,47
E33049638,495,234,83,151,261,200,61
E33049639,992,309,79,230,683,629,54
E33049640,290,147,47,100,143,103,40
E33049641,342,119,32,87,223,174,49
E33049642,508,135,32,103,373,320,53
E33049643,251,134,42,92,117,92,25
E33049644,494,257,72,185,237,186,51
E33049645,275,116,43,73,159,113,46
E33049646,423,126,42,84,297,236,61
E33049647,405,81,27,54,324,234,90
E33049648,385,76,22,54,309,281,28
E33049649,314,120,38,82,194,164,30
E33049650,771,128,27,101,643,522,121
E33049651,1155,146,35,111,1009,884,125
E33049652,1153,425,188,237,728,632,96
E33049653,246,104,51,53,142,117,25
E33049654,928,302,148,154,626,565,61
E33049655,463,201,75,126,262,192,70
E33049656,319,130,53,77,189,152,37
E33049657,517,203,70,133,314,232,82
E33049658,454,107,43,64,347,283,64
E33049659,551,219,103,116,332,272,60
E33049660,423,115,31,84,308,282,26
E33049661,445,173,81,92,272,223,49
E33049662,517,245,86,159,272,243,29
E33049663,230,114,43,71,116,101,15
E33049664,487,137,37,100,350,302,48
E33049665,572,226,81,145,346,287,59
E33049666,457,117,30,87,340,274,66
E33049667,275,118,28,90,157,126,31
E33049668,302,109,41,68,193,153,40
E33049669,1013,158,43,115,855,759,96
E33049670,426,117,28,89,309,283,26
E33049671,512,110,32,78,402,304,98
E33049672,353,74,20,54,279,209,70
E33049673,373,166,43,123,207,158,49
E33049674,761,235,76,159,526,449,77
E33049675,355,108,25,83,247,202,45
E33049676,317,75,23,52,242,191,51
E33049677,451,128,35,93,323,268,55
E33049678,259,89,29,60,170,136,34
E33049679,521,173,58,115,348,286,62
E33049680,276,109,42,67,167,127,40
E33049681,488,165,49,116,323,254,69
E33049682,295,104,30,74,191,132,59
E33049683,252,104,32,72,148,113,35
E33049684,240,90,27,63,150,118,32
E33049685,257,69,18,51,188,152,36
E33049686,308,112,40,72,196,160,36
E33049687,257,112,38,74,145,113,32
E33049688,420,169,75,94,251,193,58
E33049689,3432,1179,266,913,2253,1911,342
E33049690,330,136,45,91,194,151,43
E33049691,306,75,21,54,231,190,41
E33049692,1120,161,39,122,959,813,146
E33049693,826,470,222,248,356,319,37
E33049694,265,97,30,67,168,143,25
E33049695,5986,761,86,675,5225,5056,169
E33049696,318,91,29,62,227,176,51
E33049697,453,113,32,81,340,282,58
E33049698,535,263,90,173,272,241,31
E33049699,240,97,34,63,143,102,41
E33049700,614,150,45,105,464,384,80
E33049701,579,229,88,141,350,279,71
E33049702,580,209,70,139,371,275,96
E33049703,255,100,44,56,155,126,29
E33049704,479,122,38,84,357,290,67
E33049705,527,193,80,113,334,289,45
E33049706,386,119,34,85,267,215,52
E33049707,279,114,37,77,165,128,37
E33049708,479,192,77,115,287,219,68
E33049709,264,112,34,78,152,123,29
E33049710,432,190,76,114,242,201,41
E33049711,435,115,44,71,320,258,62
E33049712,334,148,50,98,186,153,33
E33049713,271,91,43,48,180,130,50
E33049714,357,128,41,87,229,170,59
E33049715,335,153,63,90,182,127,55
E33049716,492,252,98,154,240,209,31
E33049717,446,114,31,83,332,265,67
E33049718,349,167,77,90,182,151,31
E33049719,420,154,61,93,266,215,51
E33049720,526,92,38,54,434,357,77
E33049721,293,116,27,89,177,152,25
E33049722,418,128,53,75,290,255,35
E33049723,332,133,49,84,199,159,40
E33049724,284,119,59,60,165,126,39
E33049725,243,69,29,40,174,141,33
E33049726,261,127,45,82,134,96,38
E33049727,327,129,30,99,198,177,21
E33049728,275,95,44,51,180,130,50
E33049729,367,153,44,109,214,156,58
E33049730,314,94,29,65,220,163,57
E33049731,365,51,25,26,314,222,92
E33049732,357,132,48,84,225,162,63
E33049733,287,102,38,64,185,139,46
E33049734,251,90,51,39,161,103,58
E33049735,331,129,53,76,202,131,71
E33049736,278,76,30,46,202,159,43
E33049737,312,110,39,71,202,154,48
E33049738,466,107,36,71,359,298,61
E33049739,576,220,84,136,356,269,87
E33049740,377,170,69,101,207,162,45
E33049741,326,98,44,54,228,150,78
E33049742,548,195,68,127,353,254,99
E33049743,480,189,58,131,291,236,55
E33049744,258,71,31,40,187,121,66
E33049745,283,99,43,56,184,128,56
E33049746,313,95,42,53,218,139,79
E33049747,283,98,31,67,185,141,44
E33049748,300,113,47,66,187,148,39
E33049749,792,172,62,110,620,475,145
E33049750,351,172,76,96,179,139,40
E33049751,340,150,56,94,190,142,48
E33049752,450,125,56,69,325,206,119
E33049753,326,112,44,68,214,133,81
E33049754,272,80,31,49,192,126,66
E33049755,370,91,47,44,279,171,108
E33049756,342,77,29,48,265,197,68
E33049757,308,108,36,72,200,132,68
E33049758,278,104,50,54,174,113,61
E33049759,328,98,43,55,230,152,78
E33049760,616,199,70,129,417,313,104
E33049761,249,83,38,45,166,100,66
E33049762,357,108,42,66,249,167,82
E33049763,307,104,54,50,203,142,61
E33049764,288,86,35,51,202,149,53
E33049765,378,75,23,52,303,222,81
E33049766,425,149,59,90,276,213,63
E33049767,236,79,26,53,157,104,53
E33049768,306,108,45,63,198,139,59
E33049769,296,112,52,60,184,117,67
E33049770,281,52,20,32,229,196,33
E33049771,306,81,39,42,225,152,73
E33049772,350,117,38,79,233,174,59
E33049773,302,106,48,58,196,128,68
E33049774,405,114,40,74,291,222,69
E33049775,417,138,61,77,279,220,59
E33049776,438,152,71,81,286,221,65
E33049777,385,141,51,90,244,190,54
E33049778,455,168,60,108,287,221,66
E33049779,245,103,29,74,142,103,39
E33049780,669,233,62,171,436,395,41
E33049781,561,178,71,107,383,305,78
E33049782,237,109,43,66,128,100,28
E33049783,371,143,45,98,228,190,38
E33049784,1662,265,81,184,1397,1176,221
E33049785,1334,385,138,247,949,717,232
E33049786,342,158,67,91,184,144,40
E33049787,399,82,30,52,317,254,63
E33049788,297,33,16,17,264,232,32
E33049789,465,104,43,61,361,296,65
E33049790,369,164,78,86,205,138,67
E33049791,413,201,82,119,212,163,49
E33049792,745,280,105,175,465,370,95
E33049793,690,140,48,92,550,424,126
E33049794,343,114,58,56,229,168,61
E33049795,506,182,88,94,324,234,90
E33049796,430,75,25,50,355,294,61
E33049797,524,216,109,107,308,242,66
E33049798,277,92,60,32,185,120,65
E33049799,696,174,81,93,522,416,106
E33049800,292,86,36,50,206,151,55
E33049801,333,89,36,53,244,174,70
E33049802,294,122,49,73,172,138,34
E33049803,500,182,77,105,318,200,118
E33049804,395,119,48,71,276,198,78
E33049805,476,197,80,117,279,214,65
E33049806,658,215,85,130,443,356,87
E33049807,269,131,53,78,138,107,31
E33049808,562,235,97,138,327,239,88
E33049809,616,132,47,85,484,361,123
E33049810,336,92,33,59,244,184,60
E33049811,278,102,46,56,176,106,70
E33049812,235,81,28,53,154,107,47
E33049813,799,274,125,149,525,402,123
E33049814,424,147,76,71,277,176,101
E33049815,419,142,63,79,277,191,86
E33049816,374,121,38,83,253,184,69
E33049817,297,108,53,55,189,147,42
E33049818,538,133,45,88,405,306,99
E33049819,329,103,48,55,226,146,80
E33049820,465,105,26,79,360,305,55
E33049821,435,176,74,102,259,184,75
E33049822,302,79,29,50,223,148,75
E33049823,318,109,47,62,209,146,63
E33049824,580,284,122,162,296,220,76
E33049825,489,172,50,122,317,276,41
E33049826,294,91,30,61,203,134,69
E33049827,360,107,38,69,253,199,54
E33049828,522,221,83,138,301,224,77
E33049829,316,107,52,55,209,154,55
E33049830,371,139,37,102,232,200,32
E33049831,355,138,48,90,217,176,41
E33049832,251,134,46,88,117,97,20
E33049833,536,133,31,102,403,348,55
E33049834,247,103,30,73,144,113,31
E33049835,443,149,59,90,294,231,63
E33049836,563,151,54,97,412,322,90
E33049837,508,100,34,66,408,326,82
E33049838,432,239,81,158,193,162,31
E33049839,365,105,24,81,260,208,52
E33049840,253,84,40,44,169,117,52
E33049841,444,161,50,111,283,196,87
E33049842,340,131,49,82,209,147,62
E33049843,304,131,50,81,173,131,42
E33049844,494,126,58,68,368,246,122
E33049845,448,184,62,122,264,198,66
E33049846,452,173,68,105,279,162,117
E33049847,254,80,42,38,174,143,31
E33049848,258,91,36,55,167,102,65
E33049849,544,105,26,79,439,378,61
E33049850,596,235,105,130,361,266,95
E33049851,298,90,36,54,208,172,36
E33049852,628,235,85,150,393,316,77
E33049853,329,144,53,91,185,137,48
E33049854,340,93,40,53,247,191,56
E33049855,503,223,74,149,280,230,50
E33049856,398,144,61,83,254,168,86
E33049857,276,116,44,72,160,122,38
E33049858,372,116,46,70,256,205,51
E33049859,340,132,60,72,208,153,55
E33049860,352,148,53,95,204,151,53
E33049861,308,126,51,75,182,138,44
E33049862,384,180,60,120,204,163,41
E33049863,705,362,110,252,343,284,59
E33049864,744,311,109,202,433,338,95
E33049865,256,52,10,42,204,175,29
E33049866,302,110,45,65,192,136,56
E33049867,614,286,90,196,328,286,42
E33049868,330,116,63,53,214,144,70
E33049869,299,97,38,59,202,135,67
E33049870,325,134,37,97,191,153,38
E33049871,301,107,37,70,194,146,48
E33049872,794,90,27,63,704,338,366
E33049873,564,200,77,123,364,271,93
E33049874,335,186,74,112,149,114,35
E33049875,891,467,164,303,424,352,72
E33049876,327,100,28,72,227,181,46
E33049877,335,119,34,85,216,159,57
E33049878,263,83,29,54,180,149,31
E33049879,491,104,43,61,387,295,92
E33049880,702,257,63,194,445,384,61
E33049881,385,114,23,91,271,236,35
E33049882,456,194,58,136,262,214,48
E33049883,264,118,53,65,146,102,44
E33049884,358,152,37,115,206,166,40
E33049885,333,99,30,69,234,190,44
E33049886,365,128,28,100,237,210,27
E33049887,280,95,38,57,185,130,55
E33049888,341,77,26,51,264,240,24
E33049889,322,119,34,85,203,157,46
E33049890,331,127,29,98,204,173,31
E33049891,480,259,76,183,221,194,27
E33049892,897,295,101,194,602,528,74
E33049893,388,158,63,95,230,205,25
E33049894,607,172,35,137,435,393,42
E33049895,247,88,36,52,159,138,21
E33049896,573,153,56,97,420,321,99
E33049897,298,105,23,82,193,142,51
E33049898,465,166,50,116,299,250,49
E33049899,694,374,163,211,320,271,49
E33049900,640,218,59,159,422,382,40
E33049901,288,137,47,90,151,115,36
E33049902,350,119,29,90,231,187,44
E33049903,483,156,35,121,327,286,41
E33049904,248,117,45,72,131,107,24
E33049905,322,125,35,90,197,162,35
E33049906,216,104,35,69,112,87,25
E33049907,402,169,64,105,233,186,47
E33049908,418,192,55,137,226,189,37
E33049909,360,64,28,36,296,223,73
E33049910,223,51,19,32,172,137,35
E33049911,770,189,77,112,581,514,67
E33049912,532,168,52,116,364,270,94
E33049913,392,143,52,91,249,194,55
E33049914,329,94,28,66,235,183,52
E33049915,493,223,69,154,270,229,41
E33049916,497,183,65,118,314,252,62
E33049917,361,150,47,103,211,166,45
E33049918,323,104,43,61,219,163,56
E33049919,249,99,24,75,150,120,30
E33049920,358,78,24,54,280,222,58
E33049921,340,103,35,68,237,199,38
E33049922,864,356,130,226,508,399,109
E33049923,580,209,83,126,371,284,87
E33049924,417,186,69,117,231,188,43
E33049925,414,164,44,120,250,204,46
E33049926,479,172,52,120,307,263,44
E33049927,323,118,31,87,205,166,39
E33049928,601,247,84,163,354,270,84
E33049929,226,111,25,86,115,96,19
E33049930,465,224,77,147,241,193,48
E33049931,400,168,68,100,232,178,54
E33049932,546,123,34,89,423,317,106
E33049933,1420,258,84,174,1162,983,179
E33049934,537,82,22,60,455,389,66
E33049935,602,174,52,122,428,318,110
E33049936,318,80,26,54,238,155,83
E33049937,486,162,58,104,324,225,99
E33049938,338,96,27,69,242,183,59
E33049939,231,57,16,41,174,139,35
E33049940,495,87,28,59,408,355,53
E33049941,264,99,46,53,165,89,76
E33049942,512,221,87,134,291,219,72
E33049943,406,147,60,87,259,189,70
E33049944,244,94,37,57,150,106,44
E33049945,609,240,86,154,369,265,104
E33049946,368,160,77,83,208,157,51
E33049947,268,129,58,71,139,91,48
E33049948,424,136,60,76,288,208,80
E33049949,289,123,50,73,166,127,39
E33049950,284,107,46,61,177,137,40
E33049951,422,146,67,79,276,229,47
E33049952,377,131,62,69,246,180,66
E33049953,305,111,35,76,194,146,48
E33049954,457,126,50,76,331,206,125
E33049955,316,91,34,57,225,183,42
E33049956,324,77,26,51,247,151,96
E33049957,679,164,58,106,515,305,210
E33049958,365,141,63,78,224,158,66
E33049959,478,169,72,97,309,241,68
E33049960,490,169,65,104,321,248,73
E33049961,418,179,58,121,239,203,36
E33049962,353,99,37,62,254,205,49
E33049963,280,110,45,65,170,116,54
E33049964,300,126,53,73,174,141,33
E33049965,483,237,77,160,246,186,60
E33049966,504,172,53,119,332,261,71
E33049967,615,161,68,93,454,330,124
E33049968,314,92,38,54,222,163,59
E33049969,541,266,79,187,275,231,44
E33049970,446,158,53,105,288,242,46
E33049971,301,132,40,92,169,131,38
E33049972,639,202,57,145,437,311,126
E33049973,752,386,134,252,366,320,46
E33049974,367,147,52,95,220,182,38
E33049975,421,158,72,86,263,212,51
E33049976,873,195,55,140,678,555,123
E33049977,360,61,21,40,299,262,37
E33049978,319,130,56,74,189,118,71
E33049979,683,222,68,154,461,370,91
E33049980,568,110,29,81,458,399,59
E33049981,305,119,50,69,186,145,41
E33049982,318,147,65,82,171,123,48
E33049983,278,114,42,72,164,116,48
E33049984,659,181,78,103,478,382,96
E33049985,265,92,44,48,173,128,45
E33049986,241,112,49,63,129,92,37
E33049987,689,250,113,137,439,335,104
E33049988,356,136,49,87,220,168,52
E33049989,231,81,32,49,150,99,51
E33049990,418,190,77,113,228,170,58
E33049991,467,100,34,66,367,306,61
E33049992,352,122,49,73,230,183,47
E33049993,393,167,59,108,226,175,51
E33049994,264,133,55,78,131,101,30
E33049995,321,96,37,59,225,173,52
E33049996,370,106,33,73,264,227,37
E33049997,309,131,59,72,178,127,51
E33049998,254,73,29,44,181,129,52
E33049999,746,218,89,129,528,457,71
E33050000,302,120,54,66,182,147,35
E33050001,571,181,83,98,390,280,110
E33050002,297,94,44,50,203,123,80
E33050003,359,64,15,49,295,190,105
E33050004,266,96,38,58,170,121,49
E33050005,368,145,64,81,223,164,59
E33050006,313,159,67,92,154,127,27
E33050007,241,105,35,70,136,105,31
E33050008,317,146,53,93,171,137,34
E33050009,338,136,53,83,202,155,47
E33050010,297,103,41,62,194,158,36
E33050011,519,240,96,144,279,226,53
E33050012,396,135,49,86,261,195,66
E33050013,321,121,45,76,200,146,54
E33050014,406,170,57,113,236,199,37
E33050015,490,180,66,114,310,238,72
E33050016,319,177,65,112,142,117,25
E33050017,661,276,116,160,385,321,64
E33050018,351,127,52,75,224,171,53
E33050019,510,188,69,119,322,209,113
E33050020,327,80,27,53,247,196,51
E33050021,1470,193,78,115,1277,1140,137
E33050022,441,217,85,132,224,168,56
E33050023,337,118,54,64,219,166,53
E33050024,496,230,85,145,266,217,49
E33050025,550,145,52,93,405,312,93
E33050026,368,121,37,84,247,181,66
E33050027,783,87,30,57,696,602,94
E33050028,375,87,32,55,288,226,62
E33050029,416,176,56,120,240,206,34
E33050030,371,81,34,47,290,229,61
E33050031,327,127,41,86,200,167,33
E33050032,225,102,34,68,123,92,31
E33050033,278,114,49,65,164,118,46
E33050034,581,162,55,107,419,360,59
E33050035,663,319,135,184,344,281,63
E33050036,344,99,43,56,245,198,47
E33050037,272,112,42,70,160,134,26
E33050038,336,117,40,77,219,166,53
E33050039,340,161,67,94,179,120,59
E33050040,285,120,45,75,165,120,45
E33050041,390,124,54,70,266,196,70
E33050042,269,84,43,41,185,107,78
E33050043,285,116,52,64,169,106,63
E33050044,372,110,33,77,262,197,65
E33050045,528,121,55,66,407,334,73
E33050046,328,127,52,75,201,146,55
E33050047,370,138,64,74,232,141,91
E33050048,1209,153,53,100,1056,925,131
E33050049,349,92,31,61,257,191,66
E33050050,513,109,38,71,404,290,114
E33050051,362,119,54,65,243,157,86
E33050052,244,84,33,51,160,105,55
E33050053,434,150,52,98,284,211,73
E33050054,348,76,21,55,272,238,34
E33050055,626,140,40,100,486,383,103
E33050056,824,408,166,242,416,329,87
E33050057,269,86,40,46,183,158,25
E33050058,257,53,26,27,204,157,47
E33050059,379,165,56,109,214,166,48
E33050060,495,186,60,126,309,232,77
E33050061,262,111,48,63,151,96,55
E33050062,247,83,37,46,164,109,55
E33050063,375,114,38,76,261,203,58
E33050064,372,118,36,82,254,200,54
E33050065,641,271,94,177,370,265,105
E33050066,455,142,60,82,313,255,58
E33050067,278,117,36,81,161,121,40
E33050068,316,171,82,89,145,108,37
E33050069,292,97,40,57,195,159,36
E33050070,266,109,38,71,157,124,33
E33050071,304,77,23,54,227,182,45
E33050072,447,137,42,95,310,239,71
E33050073,950,193,64,129,757,623,134
E33050074,351,124,45,79,227,192,35
E33050075,310,59,23,36,251,188,63
E33050076,315,73,29,44,242,194,48
E33050077,308,95,42,53,213,164,49
E33050078,350,135,51,84,215,169,46
E33050079,296,111,49,62,185,147,38
E33050080,292,124,44,80,168,140,28
E33050081,373,143,46,97,230,192,38
E33050082,359,148,47,101,211,176,35
E33050083,268,90,39,51,178,114,64
E33050084,333,92,36,56,241,158,83
E33050085,307,93,40,53,214,169,45
E33050086,502,126,61,65,376,227,149
E33050087,325,133,48,85,192,116,76
E33050088,258,125,47,78,133,92,41
E33050089,282,110,49,61,172,106,66
E33050090,279,107,46,61,172,112,60
E33050091,232,65,33,32,167,100,67
E33050092,301,98,26,72,203,150,53
E33050093,257,102,38,64,155,91,64
E33050094,555,103,45,58,452,360,92
E33050095,392,115,43,72,277,189,88
E33050096,445,156,54,102,289,207,82
E33050097,326,97,30,67,229,151,78
E33050098,484,161,58,103,323,232,91
E33050099,274,100,43,57,174,125,49
E33050100,329,114,41,73,215,147,68
E33050101,402,157,57,100,245,187,58
E33050102,533,221,76,145,312,239,73
E33050103,425,198,64,134,227,204,23
E33050104,303,116,27,89,187,156,31
E33050105,422,177,57,120,245,189,56
E33050106,562,269,97,172,293,207,86
E33050107,372,178,58,120,194,159,35
E33050108,629,254,76,178,375,291,84
E33050109,396,146,48,98,250,178,72
E33050110,619,85,30,55,534,456,78
E33050111,301,97,40,57,204,107,97
E33050112,308,111,41,70,197,141,56
E33050113,447,190,59,131,257,168,89
E33050114,297,120,64,56,177,112,65
E33050115,294,108,50,58,186,111,75
E33050116,313,98,41,57,215,152,63
E33050117,343,109,48,61,234,171,63
E33050118,558,168,60,108,390,344,46
E33050119,347,103,42,61,244,155,89
E33050120,366,119,47,72,247,149,98
E33050121,286,132,62,70,154,113,41
E33050122,426,125,49,76,301,219,82
E33050123,431,102,40,62,329,202,127
E33050124,579,239,71,168,340,263,77
E33050125,369,161,45,116,208,159,49
E33050126,768,325,147,178,443,380,63
E33050127,403,166,61,105,237,193,44
E33050128,305,134,62,72,171,134,37
E33050129,369,143,57,86,226,180,46
E33050130,541,196,89,107,345,313,32
E33050131,330,147,38,109,183,141,42
E33050132,461,144,45,99,317,263,54
E33050133,464,222,101,121,242,177,65
E33050134,509,283,100,183,226,187,39
E33050135,293,110,42,68,183,155,28
E33050136,724,136,38,98,588,458,130
E33050137,605,226,66,160,379,283,96
E33050138,550,249,103,146,301,253,48
E33050139,394,100,38,62,294,237,57
E33050140,350,120,34,86,230,171,59
E33050141,421,169,41,128,252,225,27
E33050142,588,137,45,92,451,356,95
E33050143,525,117,40,77,408,267,141
E33050144,264,72,32,40,192,137,55
E33050145,330,115,50,65,215,133,82
E33050146,242,102,29,73,140,92,48
E33050147,256,109,45,64,147,99,48
E33050148,373,88,26,62,285,135,150
E33050149,232,72,31,41,160,84,76
E33050150,386,167,61,106,219,162,57
E33050151,377,142,31,111,235,196,39
E33050152,249,112,47,65,137,107,30
E33050153,280,144,37,107,136,105,31
E33050154,470,197,53,144,273,179,94
E33050155,308,54,23,31,254,172,82
E33050156,391,155,53,102,236,176,60
E33050157,461,119,36,83,342,239,103
E33050158,394,124,48,76,270,190,80
E33050159,953,371,139,232,582,367,215
E33050160,311,109,25,84,202,142,60
E33050161,376,144,51,93,232,189,43
E33050162,479,135,53,82,344,221,123
E33050163,402,135,54,81,267,169,98
E33050164,302,86,29,57,216,150,66
E33050165,327,113,39,74,214,138,76
E33050166,334,140,59,81,194,122,72
E33050167,494,173,61,112,321,221,100
E33050168,258,94,38,56,164,128,36
E33050169,526,242,83,159,284,233,51
E33050170,550,198,62,136,352,312,40
E33050171,290,112,34,78,178,150,28
E33050172,281,96,28,68,185,154,31
E33050173,685,289,91,198,396,323,73
E33050174,426,143,62,81,283,226,57
E33050175,371,187,63,124,184,135,49
E33050176,297,134,64,70,163,120,43
E33050177,296,119,48,71,177,131,46
E33050178,813,178,75,103,635,496,139
E33050179,531,222,78,144,309,234,75
E33050180,275,100,33,67,175,136,39
E33050181,333,109,37,72,224,156,68
E33050182,300,116,51,65,184,131,53
E33050183,307,96,37,59,211,137,74
E33050184,365,129,62,67,236,175,61
E33050185,463,137,46,91,326,225,101
E33050186,233,96,31,65,137,93,44
E33050187,429,156,65,91,273,197,76
E33050188,252,105,44,61,147,97,50
E33050189,341,123,54,69,218,124,94
E33050190,373,105,49,56,268,187,81
E33050191,255,80,36,44,175,104,71
E33050192,417,154,60,94,263,183,80
E33050193,368,148,75,73,220,162,58
E33050194,382,166,53,113,216,168,48
E33050195,561,253,90,163,308,260,48
E33050196,283,117,30,87,166,135,31
E33050197,245,121,30,91,124,101,23
E33050198,302,155,41,114,147,109,38
E33050199,581,258,90,168,323,262,61
E33050200,450,150,67,83,300,235,65
E33050201,407,159,46,113,248,193,55
E33050202,348,88,28,60,260,189,71
E33050203,299,108,35,73,191,159,32
E33050204,245,75,25,50,170,113,57
E33050205,349,109,37,72,240,162,78
E33050206,297,126,58,68,171,112,59
E33050207,683,188,86,102,495,387,108
E33050208,297,105,34,71,192,141,51
E33050209,306,114,48,66,192,134,58
E33050210,354,138,51,87,216,132,84
E33050211,275,99,50,49,176,102,74
E33050212,282,112,50,62,170,126,44
E33050213,514,148,61,87,366,277,89
E33050214,267,122,30,92,145,108,37
E33050215,296,103,46,57,193,139,54
E33050216,511,232,64,168,279,228,51
E33050217,317,78,24,54,239,200,39
E33050218,1152,443,152,291,709,585,124
E33050219,306,121,34,87,185,142,43
E33050220,389,160,50,110,229,180,49
E33050221,287,68,25,43,219,186,33
E33050222,767,288,75,213,479,405,74
E33050223,414,155,54,101,259,198,61
E33050224,457,119,41,78,338,256,82
E33050225,306,130,41,89,176,138,38
E33050226,311,150,43,107,161,108,53
E33050227,449,178,69,109,271,209,62
E33050228,569,207,67,140,362,281,81
E33050229,252,83,41,42,169,113,56
E33050230,316,116,44,72,200,143,57
E33050231,368,137,60,77,231,158,73
E33050232,390,117,36,81,273,194,79
E33050233,350,126,53,73,224,162,62
E33050234,254,75,40,35,179,109,70
E33050235,344,122,56,66,222,147,75
E33050236,373,122,48,74,251,162,89
E33050237,354,170,53,117,184,152,32
E33050238,298,101,27,74,197,155,42
E33050239,375,179,59,120,196,162,34
E33050240,640,291,82,209,349,298,51
E33050241,256,89,20,69,167,133,34
E33050242,370,147,57,90,223,164,59
E33050243,328,74,34,40,254,206,48
E33050244,436,164,70,94,272,170,102
E33050245,729,135,42,93,594,479,115
E33050246,417,167,64,103,250,181,69
E33050247,331,95,30,65,236,180,56
E33050248,554,198,75,123,356,224,132
E33050249,368,141,67,74,227,136,91
E33050250,490,152,70,82,338,191,147
E33050251,372,133,59,74,239,142,97
E33050252,547,271,92,179,276,203,73
E33050253,291,115,53,62,176,121,55
E33050254,275,99,41,58,176,115,61
E33050255,297,95,46,49,202,117,85
E33050256,298,84,29,55,214,121,93
E33050257,467,106,37,69,361,277,84
E33050258,418,103,52,51,315,241,74
E33050259,902,224,86,138,678,513,165
E33050260,598,271,105,166,327,259,68
E33050261,345,97,44,53,248,149,99
E33050262,256,106,30,76,150,128,22
E33050263,329,159,41,118,170,131,39
E33050264,642,141,43,98,501,361,140
E33050265,233,98,45,53,135,91,44
E33050266,577,183,71,112,394,266,128
E33050267,251,120,39,81,131,94,37
E33050268,481,189,66,123,292,219,73
E33050269,474,128,41,87,346,252,94
E33050270,699,149,53,96,550,460,90
E33050271,383,132,51,81,251,157,94
E33050272,264,94,43,51,170,92,78
E33050273,264,96,42,54,168,130,38
E33050274,313,85,37,48,228,139,89
E33050275,230,70,34,36,160,90,70
E33050276,480,122,46,76,358,259,99
E33050277,420,70,27,43,350,286,64
E33050278,326,80,25,55,246,204,42
E33050279,346,144,59,85,202,117,85
E33050280,272,79,21,58,193,158,35
E33050281,255,75,26,49,180,142,38
E33050282,287,117,40,77,170,117,53
E33050283,370,82,25,57,288,225,63
E33050284,337,127,45,82,210,155,55
E33050285,307,92,35,57,215,158,57
E33050286,856,181,70,111,675,582,93
E33050287,616,156,49,107,460,267,193
E33050288,590,218,77,141,372,272,100
E33050289,281,113,49,64,168,105,63
E33050290,254,108,39,69,146,114,32
E33050291,646,139,51,88,507,412,95
E33050292,435,208,86,122,227,163,64
E33050293,374,192,72,120,182,129,53
E33050294,456,158,70,88,298,193,105
E33050295,366,133,55,78,233,158,75
E33050296,324,128,56,72,196,133,63
E33050297,500,110,36,74,390,295,95
E33050298,377,160,54,106,217,168,49
E33050299,1059,229,79,150,830,664,166
E33050300,408,127,48,79,281,207,74
E33050301,565,168,45,123,397,335,62
E33050302,422,177,50,127,245,209,36
E33050303,281,100,31,69,181,144,37
E33050304,518,227,75,152,291,236,55
E33050305,333,108,31,77,225,169,56
E33050306,500,209,59,150,291,208,83
E33050307,327,103,20,83,224,189,35
E33050308,237,55,20,35,182,148,34
E33050309,273,88,28,60,185,152,33
E33050310,296,121,41,80,175,142,33
E33050311,261,99,39,60,162,142,20
E33050312,602,122,40,82,480,392,88
E33050313,227,100,28,72,127,94,33
E33050314,529,104,29,75,425,371,54
E33050315,869,383,123,260,486,400,86
E33050316,299,99,39,60,200,150,50
E33050317,271,103,28,75,168,146,22
E33050318,512,295,87,208,217,177,40
E33050319,462,196,47,149,266,238,28
E33050320,329,119,36,83,210,133,77
E33050321,321,147,55,92,174,133,41
E33050322,312,105,42,63,207,123,84
E33050323,439,200,83,117,239,163,76
E33050324,260,108,45,63,152,111,41
E33050325,246,104,38,66,142,114,28
E33050326,250,101,36,65,149,94,55
E33050327,256,89,32,57,167,108,59
E33050328,366,94,24,70,272,223,49
E33050329,310,128,44,84,182,152,30
E33050330,891,151,39,112,740,690,50
E33050331,342,56,29,27,286,223,63
E33050332,469,46,18,28,423,343,80
E33050333,440,186,57,129,254,209,45
E33050334,462,193,63,130,269,218,51
E33050335,362,154,60,94,208,168,40
E33050336,230,84,31,53,146,95,51
E33050337,336,177,64,113,159,132,27
E33050338,289,129,39,90,160,125,35
E33050339,359,94,26,68,265,216,49
E33050340,466,169,68,101,297,221,76
E33050341,654,259,122,137,395,241,154
E33050342,539,105,38,67,434,348,86
E33050343,295,166,51,115,129,101,28
E33050344,270,66,21,45,204,143,61
E33050345,400,223,107,116,177,142,35
E33050346,433,163,61,102,270,219,51
E33050347,294,109,39,70,185,149,36
E33050348,654,159,54,105,495,411,84
E33050349,508,147,44,103,361,302,59
E33050350,980,193,48,145,787,685,102
E33050351,1208,218,80,138,990,874,116
E33050352,345,165,41,124,180,160,20
E33050353,285,125,31,94,160,118,42
E33050354,587,67,16,51,520,468,52
E33050355,331,130,43,87,201,156,45
E33050356,731,346,106,240,385,340,45
E33050357,461,171,67,104,290,225,65
E33050358,279,121,47,74,158,113,45
E33050359,250,94,46,48,156,112,44
E33050360,470,128,52,76,342,234,108
E33050361,280,93,42,51,187,141,46
E33050362,391,68,21,47,323,247,76
E33050363,260,96,39,57,164,78,86
E33050364,447,173,57,116,274,215,59
E33050365,296,120,45,75,176,119,57
E33050366,328,127,47,80,201,155,46
E33050367,446,159,54,105,287,197,90
E33050368,380,130,45,85,250,205,45
E33050369,708,238,98,140,470,350,120
E33050370,320,140,54,86,180,147,33
E33050371,585,201,57,144,384,267,117
E33050372,516,195,58,137,321,252,69
E33050373,531,93,33,60,438,329,109
E33050374,326,145,62,83,181,127,54
E33050375,342,153,59,94,189,146,43
E33050376,382,127,57,70,255,153,102
E33050377,274,107,36,71,167,129,38
E33050378,616,265,80,185,351,275,76
E33050379,341,45,12,33,296,228,68
E33050380,470,170,52,118,300,254,46
E33050381,244,103,26,77,141,108,33
E33050382,395,123,42,81,272,206,66
E33050383,341,109,47,62,232,153,79
E33050384,300,141,53,88,159,97,62
E33050385,365,88,43,45,277,192,85
E33050386,269,99,45,54,170,117,53
E33050387,251,47,16,31,204,164,40
E33050388,416,150,65,85,266,211,55
E33050389,315,122,35,87,193,150,43
E33050390,312,124,34,90,188,134,54
E33050391,352,126,33,93,226,174,52
E33050392,494,129,23,106,365,308,57
E33050393,481,189,77,112,292,235,57
E33050394,299,122,29,93,177,147,30
E33050395,414,156,59,97,258,192,66
E33050396,285,88,30,58,197,149,48
E33050397,360,109,36,73,251,214,37
E33050398,302,93,28,65,209,169,40
E33050399,251,71,25,46,180,146,34
E33050400,251,93,24,69,158,119,39
E33050401,533,99,28,71,434,325,109
E33050402,1248,112,32,80,1136,654,482
E33050403,288,79,19,60,209,163,46
E33050404,266,81,21,60,185,129,56
E33050405,304,97,27,70,207,154,53
E33050406,742,228,62,166,514,457,57
E33050407,686,249,54,195,437,367,70
E33050408,667,241,74,167,426,370,56
E33050409,344,126,42,84,218,159,59
E33050410,1366,214,44,170,1152,1102,50
E33050411,400,173,32,141,227,201,26
E33050412,378,132,56,76,246,213,33
E33050413,437,137,37,100,300,257,43
E33050414,327,128,39,89,199,163,36
E33050415,600,220,87,133,380,330,50
E33050416,571,253,80,173,318,227,91
E33050417,258,96,35,61,162,128,34
E33050418,271,108,41,67,163,141,22
E33050419,357,121,59,62,236,176,60
E33050420,242,89,26,63,153,125,28
E33050421,394,163,87,76,231,160,71
E33050422,579,311,79,232,268,206,62
E33050423,486,202,61,141,284,236,48
E33050424,261,102,26,76,159,143,16
E33050425,383,145,46,99,238,188,50
E33050426,631,303,129,174,328,262,66
E33050427,1097,117,33,84,980,918,62
E33050428,281,105,33,72,176,126,50
E33050429,259,67,32,35,192,123,69
E33050430,324,120,54,66,204,136,68
E33050431,452,121,51,70,331,254,77
E33050432,387,123,43,80,264,192,72
E33050433,501,141,56,85,360,266,94
E33050434,479,188,81,107,291,210,81
E33050435,433,174,93,81,259,174,85
E33050436,645,238,65,173,407,319,88
E33050437,272,97,37,60,175,123,52
E33050438,217,68,29,39,149,94,55
E33050439,256,80,27,53,176,136,40
E33050440,363,110,38,72,253,177,76
E33050441,245,82,34,48,163,120,43
E33050442,377,108,39,69,269,208,61
E33050443,329,130,47,83,199,148,51
E33050444,402,215,84,131,187,160,27
E33050445,333,153,38,115,180,141,39
E33050446,279,115,30,85,164,133,31
E33050447,369,147,57,90,222,173,49
E33050448,304,167,38,129,137,122,15
E33050449,314,128,36,92,186,158,28
E33050450,261,85,22,63,176,146,30
E33050451,292,105,28,77,187,141,46
E33050452,272,117,36,81,155,128,27
E33050453,223,70,31,39,153,91,62
E33050454,277,122,51,71,155,99,56
E33050455,1662,336,104,232,1326,1203,123
E33050456,417,122,62,60,295,220,75
E33050457,394,153,62,91,241,175,66
E33050458,267,71,20,51,196,139,57
E33050459,496,192,56,136,304,231,73
E33050460,341,114,47,67,227,129,98
E33050461,269,110,38,72,159,79,80
E33050462,333,110,34,76,223,144,79
E33050463,555,186,51,135,369,318,51
E33050464,253,108,45,63,145,107,38
E33050465,260,113,39,74,147,99,48
E33050466,372,126,58,68,246,145,101
E33050467,582,239,39,200,343,291,52
E33050468,478,183,71,112,295,207,88
E33050469,377,124,45,79,253,122,131
E33050470,281,91,32,59,190,115,75
E33050471,554,185,66,119,369,264,105
E33050472,333,94,38,56,239,127,112
E33050473,227,61,21,40,166,141,25
E33050474,368,114,46,68,254,149,105
E33050475,267,68,21,47,199,117,82
E33050476,696,192,47,145,504,368,136
E33050477,358,168,67,101,190,138,52
E33050478,245,55,19,36,190,129,61
E33050479,255,103,48,55,152,111,41
E33050480,431,183,69,114,248,177,71
E33050481,322,101,57,44,221,154,67
E33050482,245,83,30,53,162,102,60
E33050483,367,76,29,47,291,223,68
E33050484,711,271,95,176,440,340,100
E33050485,767,266,93,173,501,320,181
E33050486,299,108,44,64,191,137,54
E33050487,345,146,53,93,199,150,49
E33050488,672,222,65,157,450,352,98
E33050489,366,129,53,76,237,194,43
E33050490,329,107,27,80,222,182,40
E33050491,309,126,48,78,183,142,41
E33050492,241,78,37,41,163,97,66
E33050493,292,93,45,48,199,129,70
E33050494,304,64,28,36,240,180,60
E33050495,517,164,49,115,353,291,62
E33050496,302,109,41,68,193,109,84
E33050497,290,67,26,41,223,171,52
E33050498,294,130,40,90,164,133,31
E33050499,1178,172,45,127,1006,890,116
E33050500,364,130,46,84,234,175,59
E33050501,626,306,126,180,320,274,46
E33050502,665,117,36,81,548,428,120
E33050503,545,240,77,163,305,243,62
E33050504,529,142,35,107,387,336,51
E33050505,372,101,28,73,271,249,22
E33050506,345,98,36,62,247,195,52
E33050507,401,189,61,128,212,186,26
E33050508,415,130,33,97,285,252,33
E33050509,386,162,53,109,224,192,32
E33050510,289,98,33,65,191,142,49
E33050511,403,127,45,82,276,209,67
E33050512,368,132,55,77,236,140,96
E33050513,259,67,29,38,192,107,85
E33050514,604,172,48,124,432,372,60
E33050515,324,151,52,99,173,120,53
E33050516,540,188,82,106,352,219,133
E33050517,274,101,42,59,173,134,39
E33050518,498,181,95,86,317,219,98
E33050519,445,167,66,101,278,183,95
E33050520,354,97,32,65,257,193,64
E33050521,426,116,45,71,310,216,94
E33050522,494,183,63,120,311,212,99
E33050523,333,125,54,71,208,142,66
E33050524,352,102,33,69,250,169,81
E33050525,551,187,75,112,364,238,126
E33050526,478,166,73,93,312,236,76
E33050527,236,90,43,47,146,88,58
E33050528,379,131,47,84,248,193,55
E33050529,598,128,36,92,470,416,54
E33050530,284,113,46,67,171,106,65
E33050531,284,91,29,62,193,142,51
E33050532,329,138,56,82,191,124,67
E33050533,1086,150,48,102,936,728,208
E33050534,305,114,35,79,191,122,69
E33050535,421,165,53,112,256,168,88
E33050536,249,86,36,50,163,111,52
E33050537,596,117,42,75,479,366,113
E33050538,305,51,24,27,254,186,68
E33050539,347,135,36,99,212,150,62
E33050540,332,115,56,59,217,142,75
E33050541,308,128,55,73,180,134,46
E33050542,442,194,71,123,248,170,78
E33050543,665,176,86,90,489,366,123
E33050544,552,179,76,103,373,294,79
E33050545,339,135,65,70,204,117,87
E33050546,359,124,41,83,235,168,67
E33050547,1393,138,53,85,1255,1119,136
E33050548,351,97,41,56,254,190,64
E33050549,522,211,85,126,311,236,75
E33050550,285,82,38,44,203,135,68
E33050551,313,85,33,52,228,169,59
E33050552,330,109,37,72,221,166,55
E33050553,306,134,39,95,172,110,62
E33050554,317,145,42,103,172,142,30
E33050555,304,104,45,59,200,156,44
E33050556,277,100,48,52,177,106,71
E33050557,398,121,48,73,277,177,100
E33050558,334,103,31,72,231,157,74
E33050559,253,79,39,40,174,106,68
E33050560,310,118,56,62,192,122,70
E33050561,395,142,74,68,253,169,84
E33050562,330,103,44,59,227,165,62
E33050563,440,120,35,85,320,264,56
E33050564,335,86,38,48,249,169,80
E33050565,560,159,69,90,401,277,124
E33050566,271,105,51,54,166,105,61
E33050567,338,125,51,74,213,154,59
E33050568,305,104,35,69,201,146,55
E33050569,554,215,74,141,339,249,90
E33050570,240,108,29,79,132,106,26
E33050571,1059,176,62,114,883,721,162
E33050572,612,140,61,79,472,369,103
E33050573,273,82,35,47,191,148,43
E33050574,271,92,41,51,179,102,77
E33050575,434,140,63,77,294,211,83
E33050576,408,76,21,55,332,273,59
E33050577,308,132,40,92,176,138,38
E33050578,2959,266,94,172,2693,2107,586
E33050579,527,182,83,99,345,243,102
E33050580,939,143,52,91,796,564,232
E33050581,447,123,49,74,324,224,100
E33050582,271,111,46,65,160,118,42
E33050583,360,137,55,82,223,137,86
E33050584,426,108,38,70,318,255,63
E33050585,595,269,124,145,326,248,78
E33050586,595,98,34,64,497,443,54
E33050587,320,93,32,61,227,166,61
E33050588,738,341,118,223,397,287,110
E33050589,282,68,25,43,214,174,40
E33050590,976,255,69,186,721,608,113
E33050591,359,119,46,73,240,182,58
E33050592,1258,241,66,175,1017,876,141
E33050593,810,120,39,81,690,565,125
E33050594,274,125,47,78,149,106,43
E33050595,282,104,24,80,178,133,45
E33050596,358,72,30,42,286,232,54
E33050597,624,130,35,95,494,438,56
E33050598,331,153,56,97,178,138,40
E33050599,656,304,143,161,352,301,51
E33050600,257,130,47,83,127,107,20
E33050601,410,172,60,112,238,191,47
E33050602,396,154,50,104,242,214,28
E33050603,621,200,70,130,421,350,71
E33050604,664,172,70,102,492,430,62
E33050605,542,233,69,164,309,272,37
E33050606,367,115,51,64,252,178,74
E33050607,316,108,42,66,208,139,69
E33050608,260,99,42,57,161,94,67
E33050609,326,114,54,60,212,144,68
E33050610,357,131,47,84,226,150,76
E33050611,413,146,61,85,267,165,102
E33050612,373,152,63,89,221,141,80
E33050613,375,130,53,77,245,180,65
E33050614,287,119,48,71,168,125,43
E33050615,427,206,77,129,221,164,57
E33050616,282,112,37,75,170,126,44
E33050617,313,90,37,53,223,162,61
E33050618,703,309,92,217,394,265,129
E33050619,399,145,49,96,254,198,56
E33050620,442,251,79,172,191,161,30
E33050621,382,154,75,79,228,171,57
E33050622,247,118,49,69,129,101,28
E33050623,523,194,91,103,329,242,87
E33050624,356,132,53,79,224,165,59
E33050625,502,192,70,122,310,224,86
E33050626,291,118,57,61,173,118,55
E33050627,410,162,67,95,248,183,65
E33050628,288,83,31,52,205,161,44
E33050629,1005,118,55,63,887,608,279
E33050630,261,78,31,47,183,131,52
E33050631,310,64,22,42,246,182,64
E33050632,484,192,71,121,292,225,67
E33050633,351,159,65,94,192,140,52
E33050634,369,67,28,39,302,250,52
E33050635,366,88,27,61,278,215,63
E33050636,328,74,24,50,254,180,74
E33050637,360,149,41,108,211,152,59
E33050638,267,97,27,70,170,128,42
E33050639,276,91,36,55,185,137,48
E33050640,286,84,39,45,202,145,57
E33050641,579,93,26,67,486,386,100
E33050642,383,75,23,52,308,222,86
E33050643,360,114,43,71,246,155,91
E33050644,261,108,38,70,153,104,49
E33050645,447,157,48,109,290,219,71
E33050646,434,163,53,110,271,212,59
E33050647,384,86,33,53,298,206,92
E33050648,324,102,37,65,222,156,66
E33050649,654,151,42,109,503,466,37
E33050650,350,75,31,44,275,212,63
E33050651,391,132,44,88,259,204,55
E33050652,581,182,54,128,399,321,78
E33050653,307,118,41,77,189,131,58
E33050654,704,185,57,128,519,443,76
E33050655,282,99,46,53,183,116,67
E33050656,2668,250,70,180,2418,2250,168
E33050657,499,130,43,87,369,298,71
E33050658,877,187,65,122,690,577,113
E33050659,500,184,77,107,316,216,100
E33050660,358,137,57,80,221,157,64
E33050661,585,174,60,114,411,281,130
E33050662,553,229,76,153,324,241,83
E33050663,439,126,40,86,313,225,88
E33050664,271,96,40,56,175,148,27
E33050665,864,275,95,180,589,467,122
E33050666,338,159,48,111,179,130,49
E33050667,452,136,38,98,316,257,59
E33050668,295,106,30,76,189,129,60
E33050669,271,75,30,45,196,158,38
E33050670,342,154,51,103,188,150,38
E33050671,225,101,32,69,124,109,15
E33050672,266,101,46,55,165,135,30
E33050673,387,160,52,108,227,184,43
E33050674,351,138,73,65,213,146,67
E33050675,332,100,47,53,232,173,59
E33050676,386,106,35,71,280,220,60
E33050677,474,202,76,126,272,205,67
E33050678,359,99,45,54,260,175,85
E33050679,399,115,45,70,284,197,87
E33050680,636,210,71,139,426,327,99
E33050681,422,113,42,71,309,183,126
E33050682,248,96,43,53,152,115,37
E33050683,558,92,26,66,466,422,44
E33050684,508,139,45,94,369,328,41
E33050685,266,114,34,80,152,101,51
E33050686,374,72,16,56,302,267,35
E33050687,335,113,45,68,222,161,61
E33050688,477,154,36,118,323,297,26
E33050689,264,101,31,70,163,122,41
E33050690,257,110,31,79,147,106,41
E33050691,296,114,37,77,182,141,41
E33050692,539,196,66,130,343,251,92
E33050693,556,207,68,139,349,279,70
E33050694,294,96,35,61,198,141,57
E33050695,472,198,64,134,274,200,74
E33050696,445,97,37,60,348,278,70
E33050697,360,156,64,92,204,147,57
E33050698,427,160,69,91,267,206,61
E33050699,248,101,40,61,147,116,31
E33050700,235,107,35,72,128,99,29
E33050701,540,216,76,140,324,273,51
E33050702,292,95,32,63,197,137,60
E33050703,461,203,66,137,258,205,53
E33050704,316,115,59,56,201,133,68
E33050705,291,116,46,70,175,133,42
E33050706,633,220,74,146,413,310,103
E33050707,337,89,32,57,248,176,72
E33050708,381,143,63,80,238,167,71
E33050709,274,85,34,51,189,130,59
E33050710,307,119,42,77,188,154,34
E33050711,254,100,40,60,154,103,51
E33050712,341,139,46,93,202,156,46
E33050713,244,87,49,38,157,89,68
E33050714,294,70,28,42,224,145,79
E33050715,338,139,52,87,199,123,76
E33050716,251,93,37,56,158,117,41
E33050717,267,129,65,64,138,97,41
E33050718,259,101,47,54,158,88,70
E33050719,325,112,53,59,213,148,65
E33050720,298,118,42,76,180,135,45
E33050721,459,140,60,80,319,219,100
E33050722,614,121,38,83,493,363,130
E33050723,415,134,51,83,281,231,50
E33050724,509,187,62,125,322,250,72
E33050725,341,113,59,54,228,148,80
E33050726,285,112,42,70,173,116,57
E33050727,424,110,39,71,314,260,54
E33050728,405,165,65,100,240,175,65
E33050729,317,99,47,52,218,181,37
E33050730,378,116,51,65,262,181,81
E33050731,300,122,47,75,178,112,66
E33050732,435,139,24,115,296,259,37
E33050733,533,231,76,155,302,258,44
E33050734,276,182,41,141,94,73,21
E33050735,435,172,58,114,263,207,56
E33050736,315,107,30,77,208,163,45
E33050737,264,75,33,42,189,153,36
E33050738,252,79,33,46,173,132,41
E33050739,446,217,79,138,229,190,39
E33050740,614,228,98,130,386,288,98
E33050741,349,144,44,100,205,158,47
E33050742,379,157,46,111,222,167,55
E33050743,301,123,44,79,178,124,54
E33050744,296,117,47,70,179,144,35
E33050745,477,151,64,87,326,282,44
E33050746,289,109,47,62,180,150,30
E33050747,612,289,133,156,323,230,93
E33050748,591,276,112,164,315,243,72
E33050749,243,92,26,66,151,109,42
E33050750,344,132,50,82,212,147,65
E33050751,330,106,29,77,224,182,42
E33050752,462,83,26,57,379,304,75
E33050753,301,102,49,53,199,135,64
E33050754,499,209,68,141,290,253,37
E33050755,785,120,30,90,665,583,82
E33050756,993,171,44,127,822,739,83
E33050757,540,238,89,149,302,266,36
E33050758,541,118,20,98,423,373,50
E33050759,384,205,56,149,179,166,13
E33050760,437,174,61,113,263,208,55
E33050761,719,167,35,132,552,508,44
E33050762,730,273,74,199,457,383,74
E33050763,371,135,41,94,236,190,46
E33050764,361,111,40,71,250,181,69
E33050765,376,117,40,77,259,217,42
E33050766,238,113,30,83,125,98,27
E33050767,290,116,52,64,174,135,39
E33050768,528,227,70,157,301,229,72
E33050769,958,457,168,289,501,434,67
E33050770,447,165,61,104,282,214,68
E33050771,493,201,89,112,292,220,72
E33050772,720,272,81,191,448,373,75
E33050773,295,108,36,72,187,149,38
E33050774,354,143,70,73,211,151,60
E33050775,250,94,49,45,156,94,62
E33050776,355,90,38,52,265,186,79
E33050777,423,156,62,94,267,188,79
E33050778,234,78,29,49,156,103,53
E33050779,443,174,81,93,269,195,74
E33050780,273,103,42,61,170,105,65
E33050781,462,205,79,126,257,192,65
E33050782,254,63,23,40,191,144,47
E33050783,267,72,23,49,195,153,42
E33050784,316,130,50,80,186,153,33
E33050785,355,98,37,61,257,200,57
E33050786,518,252,108,144,266,214,52
E33050787,303,123,41,82,180,130,50
E33050788,499,210,74,136,289,218,71
E33050789,510,76,29,47,434,374,60
E33050790,410,168,62,106,242,172,70
E33050791,261,78,33,45,183,112,71
E33050792,264,113,52,61,151,120,31
E33050793,2131,225,57,168,1906,1393,513
E33050794,235,61,24,37,174,135,39
E33050795,391,134,50,84,257,191,66
E33050796,299,86,31,55,213,153,60
E33050797,326,131,45,86,195,148,47
E33050798,523,103,25,78,420,340,80
E33050799,239,85,26,59,154,123,31
E33050800,334,119,30,89,215,156,59
E33050801,325,99,38,61,226,175,51
E33050802,437,74,32,42,363,319,44
E33050803,406,196,68,128,210,179,31
E33050804,633,339,108,231,294,249,45
E33050805,283,94,38,56,189,124,65
E33050806,394,136,42,94,258,186,72
E33050807,546,159,62,97,387,277,110
E33050808,281,98,39,59,183,137,46
E33050809,1793,962,486,476,831,739,92
E33050810,377,112,51,61,265,164,101
E33050811,257,67,16,51,190,159,31
E33050812,217,33,13,20,184,152,32
E33050813,306,102,17,85,204,154,50
E33050814,280,74,21,53,206,143,63
E33050815,239,31,19,12,208,144,64
E33050816,507,178,60,118,329,236,93
E33050817,501,203,64,139,298,244,54
E33050818,294,118,45,73,176,132,44
E33050819,448,194,58,136,254,194,60
E33050820,235,99,39,60,136,95,41
E33050821,363,114,38,76,249,189,60
E33050822,396,151,44,107,245,166,79
E33050823,262,63,24,39,199,135,64
E33050824,976,372,134,238,604,483,121
E33050825,399,177,61,116,222,177,45
E33050826,474,138,42,96,336,284,52
E33050827,576,174,28,146,402,371,31
E33050828,692,192,58,134,500,350,150
E33050829,513,217,48,169,296,217,79
E33050830,367,83,34,49,284,221,63
E33050831,394,117,51,66,277,208,69
E33050832,279,70,23,47,209,169,40
E33050833,335,102,41,61,233,173,60
E33050834,488,121,39,82,367,265,102
E33050835,644,275,102,173,369,289,80
E33050836,1200,615,220,395,585,507,78
E33050837,448,169,59,110,279,208,71
E33050838,377,138,35,103,239,188,51
E33050839,346,105,24,81,241,211,30
E33050840,425,168,61,107,257,222,35
E33050841,292,59,20,39,233,192,41
E33050842,255,69,25,44,186,146,40
E33050843,324,128,40,88,196,164,32
E33050844,565,230,80,150,335,275,60
E33050845,305,109,41,68,196,131,65
E33050846,258,92,25,67,166,129,37
E33050847,273,100,36,64,173,139,34
E33050848,331,94,35,59,237,177,60
E33050849,275,71,25,46,204,172,32
E33050850,479,161,68,93,318,282,36
E33050851,450,120,37,83,330,262,68
E33050852,973,150,34,116,823,758,65
E33050853,460,140,16,124,320,289,31
E33050854,368,63,14,49,305,265,40
E33050855,493,83,19,64,410,341,69
E33050856,598,149,50,99,449,390,59
E33050857,414,189,70,119,225,188,37
E33050858,347,156,37,119,191,156,35
E33050859,283,123,23,100,160,133,27
E33050860,475,214,60,154,261,236,25
E33050861,712,239,64,175,473,394,79
E33050862,270,79,25,54,191,156,35
E33050863,262,78,31,47,184,150,34
E33050864,280,129,34,95,151,119,32
E33050865,417,161,41,120,256,210,46
E33050866,301,126,35,91,175,142,33
E33050867,316,137,50,87,179,153,26
E33050868,443,135,45,90,308,235,73
W35000001,298,129,38,91,169,127,42
W35000002,301,94,32,62,207,160,47
W35000003,363,166,81,85,197,165,32
W35000004,867,112,28,84,755,668,87
W35000005,266,45,9,36,221,184,37
W35000006,1179,272,77,195,907,864,43
W35000007,749,121,30,91,628,454,174
W35000008,301,106,24,82,195,186,9
W35000009,286,81,17,64,205,169,36
W35000010,724,86,22,64,638,540,98
W35000011,198,87,45,42,111,92,19
W35000012,300,118,35,83,182,164,18
W35000013,326,176,59,117,150,137,13
W35000014,294,147,69,78,147,125,22
W35000015,294,161,61,100,133,124,9
W35000016,1022,559,227,332,463,422,41
W35000017,374,56,16,40,318,283,35
W35000018,266,119,37,82,147,129,18
W35000019,308,134,43,91,174,161,13
W35000020,241,72,18,54,169,141,28
W35000021,273,90,27,63,183,142,41
W35000022,856,298,90,208,558,466,92
W35000023,449,124,26,98,325,280,45
W35000024,215,86,33,53,129,116,13
W35000025,578,132,24,108,446,438,8
W35000026,385,192,36,156,193,173,20
W35000027,926,130,40,90,796,677,119
W35000028,3155,941,135,806,2214,2019,195
W35000029,430,59,12,47,371,361,10
W35000030,364,63,14,49,301,266,35
W35000031,410,98,21,77,312,292,20
W35000032,210,60,17,43,150,124,26
W35000033,515,225,61,164,290,249,41
W35000034,284,61,20,41,223,197,26
W35000035,331,192,40,152,139,128,11
W35000036,230,91,27,64,139,122,17
W35000037,283,105,37,68,178,149,29
W35000038,256,110,39,71,146,129,17
W35000039,361,146,45,101,215,173,42
W35000040,1249,323,93,230,926,874,52
W35000041,326,97,33,64,229,208,21
W35000042,313,99,29,70,214,176,38
W35000043,745,251,72,179,494,465,29
W35000044,213,82,25,57,131,111,20
W35000045,598,300,77,223,298,268,30
W35000046,1005,196,53,143,809,747,62
W35000047,313,79,19,60,234,206,28
W35000048,427,135,43,92,292,184,108
W35000049,242,72,22,50,170,132,38
W35000050,392,175,59,116,217,183,34
W35000051,240,95,17,78,145,126,19
W35000052,636,111,21,90,525,419,106
W35000053,280,136,47,89,144,105,39
W35000054,759,385,102,283,374,354,20
W35000055,224,57,22,35,167,143,24
W35000056,233,76,22,54,157,134,23
W35000057,300,125,36,89,175,163,12
W35000058,225,86,31,55,139,125,14
W35000059,259,136,46,90,123,107,16
W35000060,211,65,15,50,146,123,23
W35000061,793,127,35,92,666,614,52
W35000062,526,212,47,165,314,267,47
W35000063,277,116,35,81,161,131,30
W35000064,386,78,16,62,308,282,26
W35000065,454,138,38,100,316,225,91
W35000066,552,174,42,132,378,334,44
W35000067,304,100,32,68,204,183,21
W35000068,359,82,8,74,277,252,25
W35000069,425,147,33,114,278,251,27
W35000070,236,117,38,79,119,106,13
W35000071,598,342,150,192,256,230,26
W35000072,877,390,88,302,487,404,83
W35000073,345,77,18,59,268,235,33
W35000074,365,89,7,82,276,242,34
W35000075,616,116,14,102,500,454,46
W35000076,706,108,12,96,598,537,61
W35000077,273,83,13,70,190,172,18
W35000078,669,57,18,39,612,555,57
W35000079,227,84,19,65,143,125,18
W35000080,770,122,34,88,648,510,138
W35000081,344,88,29,59,256,222,34
W35000082,501,212,47,165,289,247,42
W35000083,647,159,13,146,488,466,22
W35000084,645,275,63,212,370,340,30
W35000085,200,100,26,74,100,88,12
W35000086,243,110,24,86,133,122,11
W35000087,207,100,35,65,107,90,17
W35000088,256,106,29,77,150,127,23
W35000089,300,180,45,135,120,113,7
W35000090,272,93,20,73,179,151,28
W35000091,481,273,88,185,208,183,25
W35000092,302,98,15,83,204,182,22
W35000093,688,197,47,150,491,460,31
W35000094,624,301,108,193,323,262,61
W35000095,449,187,51,136,262,227,35
W35000096,715,100,33,67,615,409,206
W35000097,450,41,12,29,409,376,33
W35000098,514,37,16,21,477,400,77
W35000099,4609,191,78,113,4418,4233,185
W35000100,284,28,7,21,256,229,27
W35000101,1056,80,21,59,976,909,67
W35000102,594,90,21,69,504,433,71
W35000103,321,50,12,38,271,228,43
W35000104,1022,594,277,317,428,395,33
W35000105,1201,118,34,84,1083,954,129
W35000106,1018,289,90,199,729,658,71
W35000107,801,154,43,111,647,562,85
W35000108,1359,176,41,135,1183,1057,126
W35000109,345,116,34,82,229,207,22
W35000110,266,25,5,20,241,194,47
W35000111,575,51,18,33,524,439,85
W35000112,585,264,91,173,321,281,40
W35000113,867,177,42,135,690,598,92
W35000114,252,82,16,66,170,163,7
W35000115,766,389,134,255,377,319,58
W35000116,2002,578,159,419,1424,1361,63
W35000117,227,66,17,49,161,143,18
W35000118,737,308,78,230,429,354,75
W35000119,420,70,13,57,350,288,62
W35000120,1239,78,23,55,1161,1036,125
W35000121,297,21,5,16,276,217,59
W35000122,248,122,52,70,126,97,29
W35000123,470,102,38,64,368,314,54
W35000124,255,59,17,42,196,177,19
W35000125,313,27,6,21,286,252,34
W35000126,887,91,28,63,796,638,158
W35000127,239,51,7,44,188,162,26
W35000128,210,70,26,44,140,114,26
W35000129,532,100,24,76,432,348,84
W35000130,2594,237,84,153,2357,2091,266
W35000131,610,63,8,55,547,488,59
W35000132,1130,107,32,75,1023,935,88
W35000133,576,48,8,40,528,509,19
W35000134,1156,82,22,60,1074,936,138
W35000135,1183,127,31,96,1056,868,188
W35000136,1147,289,81,208,858,734,124
W35000137,764,490,141,349,274,249,25
W35000138,235,90,19,71,145,100,45
W35000139,618,360,161,199,258,235,23
W35000140,207,60,23,37,147,132,15
W35000141,974,101,39,62,873,688,185
W35000142,683,197,64,133,486,428,58
W35000143,220,92,18,74,128,117,11
W35000144,297,157,48,109,140,118,22
W35000145,869,242,63,179,627,601,26
W35000146,337,154,33,121,183,173,10
W35000147,374,176,45,131,198,181,17
W35000148,381,126,32,94,255,216,39
W35000149,213,111,39,72,102,98,4
W35000150,225,109,37,72,116,107,9
W35000151,244,106,33,73,138,131,7
W35000152,352,84,23,61,268,239,29
W35000153,409,83,18,65,326,290,36
W35000154,890,289,54,235,601,575,26
W35000155,1197,728,301,427,469,429,40
W35000156,892,294,121,173,598,495,103
W35000157,448,48,15,33,400,352,48
W35000158,864,73,17,56,791,659,132
W35000159,1803,182,43,139,1621,1451,170
W35000160,1123,96,29,67,1027,876,151
W35000161,528,67,25,42,461,409,52
W35000162,447,38,17,21,409,350,59
W35000163,581,86,15,71,495,377,118
W35000164,1889,180,49,131,1709,1578,131
W35000165,402,53,24,29,349,317,32
W35000166,775,125,30,95,650,515,135
W35000167,1924,160,65,95,1764,1573,191
W35000168,656,399,73,326,257,233,24
W35000169,533,149,39,110,384,356,28
W35000170,786,178,28,150,608,543,65
W35000171,1182,597,223,374,585,525,60
W35000172,198,88,20,68,110,104,6
W35000173,517,159,53,106,358,295,63
W35000174,332,133,48,85,199,158,41
W35000175,551,239,97,142,312,285,27
W35000176,242,65,25,40,177,139,38
W35000177,1053,318,67,251,735,686,49
W35000178,371,149,50,99,222,186,36
W35000179,207,96,25,71,111,94,17
W35000180,214,78,43,35,136,103,33
W35000181,360,94,14,80,266,249,17
W35000182,245,146,49,97,99,92,7
W35000183,227,102,32,70,125,108,17
W35000184,219,119,42,77,100,81,19
W35000185,233,77,22,55,156,150,6
W35000186,471,73,21,52,398,338,60
W35000187,297,138,34,104,159,142,17
W35000188,323,91,16,75,232,215,17
W35000189,932,270,63,207,662,570,92
W35000190,1806,307,90,217,1499,1320,179
W35000191,789,129,48,81,660,560,100
W35000192,362,175,50,125,187,173,14
W35000193,213,92,32,60,121,101,20
W35000194,293,116,39,77,177,144,33
W35000195,211,89,28,61,122,95,27
W35000196,533,186,54,132,347,308,39
W35000197,293,98,33,65,195,165,30
W35000198,770,166,40,126,604,515,89
W35000199,222,111,28,83,111,90,21
W35000200,500,223,49,174,277,252,25
W35000201,1125,132,37,95,993,885,108
W35000202,531,210,42,168,321,294,27
W35000203,707,74,30,44,633,543,90
W35000204,421,209,66,143,212,173,39
W35000205,331,70,15,55,261,240,21
W35000206,570,168,20,148,402,367,35
W35000207,300,110,26,84,190,166,24
W35000208,297,115,30,85,182,153,29
W35000209,326,152,40,112,174,136,38
W35000210,623,142,58,84,481,439,42
W35000211,228,113,50,63,115,100,15
W35000212,390,181,63,118,209,176,33
W35000213,405,200,88,112,205,185,20
W35000214,346,168,88,80,178,151,27
W35000215,576,232,127,105,344,285,59
W35000216,917,156,48,108,761,633,128
W35000217,407,174,49,125,233,197,36
W35000218,420,189,33,156,231,208,23
W35000219,711,409,137,272,302,265,37
W35000220,382,141,37,104,241,212,29
W35000221,1571,459,129,330,1112,1041,71
W35000222,237,59,19,40,178,156,22
W35000223,297,103,21,82,194,179,15
W35000224,2707,1195,223,972,1512,1391,121
W35000225,872,282,101,181,590,509,81
W35000226,1668,97,45,52,1571,1093,478
W35000227,587,273,89,184,314,256,58
W35000228,328,172,33,139,156,134,22
W35000229,670,213,39,174,457,426,31
W35000230,227,48,18,30,179,151,28
W35000231,509,58,19,39,451,325,126
W35000232,376,157,48,109,219,188,31
W35000233,246,102,21,81,144,134,10
W35000234,293,45,8,37,248,205,43
W35000235,204,13,6,7,191,116,75
W35000236,888,213,72,141,675,582,93
W35000237,591,147,51,96,444,349,95
W35000238,285,92,31,61,193,176,17
W35000239,239,110,43,67,129,93,36
W35000240,253,78,33,45,175,133,42
W35000241,256,20,8,12,236,195,41
W35000242,331,109,31,78,222,174,48
W35000243,247,82,25,57,165,125,40
W35000244,260,60,7,53,200,143,57
W35000245,700,199,57,142,501,414,87
W35000246,107,33,7,26,74,62,12
W35000247,523,271,101,170,252,215,37
W35000248,1711,1014,373,641,697,630,67
W35000249,1494,197,62,135,1297,1141,156
W35000250,2035,687,100,587,1348,1232,116
W35000251,405,79,15,64,326,305,21
W35000252,260,94,13,81,166,146,20
W35000253,536,297,113,184,239,217,22
W35000254,809,181,32,149,628,580,48
W35000255,347,165,38,127,182,173,9
W35000256,204,76,15,61,128,114,14
W35000257,302,107,31,76,195,172,23
W35000258,357,151,53,98,206,179,27
W35000259,289,83,13,70,206,188,18
W35000260,450,220,78,142,230,201,29
W35000261,612,278,91,187,334,304,30
W35000262,294,94,16,78,200,188,12
W35000263,205,58,18,40,147,127,20
W35000264,489,122,25,97,367,309,58
W35000265,623,237,81,156,386,302,84
W35000266,884,116,24,92,768,622,146
W35000267,465,150,34,116,315,282,33
W35000268,320,148,30,118,172,166,6
W35000269,285,82,15,67,203,181,22
W35000270,758,124,22,102,634,576,58
W35000271,203,74,12,62,129,123,6
W35000272,342,99,18,81,243,236,7
W35000273,226,107,36,71,119,99,20
W35000274,431,254,86,168,177,154,23
W35000275,274,96,24,72,178,159,19
W35000276,805,74,20,54,731,643,88
W35000277,348,42,7,35,306,273,33
W35000278,239,45,7,38,194,154,40
W35000279,239,77,12,65,162,139,23
W35000280,246,73,17,56,173,143,30
W35000281,265,100,32,68,165,124,41
W35000282,217,58,20,38,159,127,32
W35000283,587,159,54,105,428,371,57
W35000284,993,354,104,250,639,572,67
W35000285,281,58,14,44,223,188,35
W35000286,1540,214,51,163,1326,1239,87
W35000287,1065,181,18,163,884,838,46
W35000288,1028,209,17,192,819,771,48
W35000289,829,511,216,295,318,283,35
W35000290,1280,297,71,226,983,876,107
W35000291,409,69,29,40,340,296,44
W35000292,537,168,46,122,369,354,15
W35000293,342,160,76,84,182,160,22
W35000294,294,134,29,105,160,148,12
W35000295,400,261,129,132,139,127,12
W35000296,257,128,45,83,129,118,11
W35000297,1039,692,298,394,347,326,21
W35000298,355,93,20,73,262,255,7
W35000299,246,40,11,29,206,187,19
W35000300,491,68,11,57,423,400,23
W35000301,241,102,32,70,139,127,12
W35000302,268,116,32,84,152,134,18
W35000303,456,89,14,75,367,296,71
W35000304,528,152,39,113,376,327,49
W35000305,745,279,44,235,466,431,35
W35000306,235,113,41,72,122,103,19
W35000307,234,138,46,92,96,78,18
W35000308,510,322,162,160,188,171,17
W35000309,375,159,54,105,216,195,21
W35000310,284,142,53,89,142,116,26
W35000311,234,124,36,88,110,92,18
W35000312,221,90,18,72,131,123,8
W35000313,505,176,44,132,329,316,13
W35000314,202,63,14,49,139,122,17
W35000315,198,64,21,43,134,124,10
W35000316,363,96,21,75,267,233,34
W35000317,534,196,21,175,338,314,24
W35000318,794,301,123,178,493,441,52
W35000319,435,56,24,32,379,324,55
W35000320,208,41,9,32,167,148,19
W35000321,534,73,18,55,461,414,47
W35000322,392,119,32,87,273,242,31
W35000323,250,74,34,40,176,124,52
W35000324,222,75,24,51,147,104,43
W35000325,864,327,205,122,537,464,73
W35000326,691,166,35,131,525,452,73
W35000327,441,256,107,149,185,157,28
W35000328,776,240,48,192,536,479,57
W35000329,683,232,38,194,451,397,54
W35000330,213,35,6,29,178,154,24
W35000331,479,31,5,26,448,389,59
W35000332,304,47,8,39,257,207,50
W35000333,472,74,20,54,398,336,62
W35000334,289,50,10,40,239,195,44
W35000335,408,97,10,87,311,285,26
W35000336,210,58,12,46,152,147,5
W35000337,287,132,48,84,155,134,21
W35000338,383,198,85,113,185,174,11
W35000339,247,94,24,70,153,149,4
W35000340,3887,805,107,698,3082,3001,81
W35000341,442,232,89,143,210,177,33
W35000342,264,33,10,23,231,206,25
W35000343,716,118,21,97,598,508,90
W35000344,710,263,55,208,447,416,31
W35000345,696,222,44,178,474,456,18
W35000346,286,142,52,90,144,120,24
W35000347,984,313,77,236,671,589,82
W35000348,1731,524,76,448,1207,1112,95
W35000349,2150,895,252,643,1255,1195,60
W35000350,1382,184,43,141,1198,1042,156
W35000351,1239,170,37,133,1069,986,83
W35000352,906,301,73,228,605,544,61
W35000353,927,158,38,120,769,622,147
W35000354,376,61,17,44,315,254,61
W35000355,373,79,29,50,294,228,66
W35000356,418,80,14,66,338,326,12
W35000357,1105,158,38,120,947,893,54
W35000358,1416,411,128,283,1005,904,101
W35000359,211,50,15,35,161,122,39
W35000360,5315,268,115,153,5047,4547,500
W35000361,248,30,13,17,218,199,19
W35000362,794,75,32,43,719,578,141
W35000363,278,36,12,24,242,214,28
W35000364,287,135,40,95,152,133,19
W35000365,624,339,100,239,285,264,21
W35000366,215,82,24,58,133,114,19
W35000367,397,194,59,135,203,177,26
W35000368,310,128,22,106,182,161,21
W35000369,231,84,20,64,147,137,10
W35000370,248,38,12,26,210,182,28
W35000371,327,186,71,115,141,131,10
W35000372,250,112,31,81,138,111,27
W35000373,755,304,32,272,451,428,23
W35000374,517,127,40,87,390,332,58
W35000375,279,130,38,92,149,127,22
W35000376,442,213,51,162,229,211,18
W35000377,301,79,23,56,222,187,35
W35000378,300,109,28,81,191,171,20
W35000379,225,60,14,46,165,148,17
W35000380,399,60,21,39,339,286,53
W35000381,333,50,10,40,283,244,39
W35000382,429,115,33,82,314,258,56
W35000383,368,44,12,32,324,272,52
W35000384,2512,278,65,213,2234,1859,375
W35000385,345,36,12,24,309,255,54
W35000386,818,95,26,69,723,612,111
W35000387,251,51,7,44,200,173,27
W35000388,393,54,15,39,339,254,85
W35000389,469,64,18,46,405,330,75
W35000390,533,22,10,12,511,434,77
W35000391,436,59,16,43,377,325,52
W35000392,3688,284,95,189,3404,2955,449
W35000393,314,44,13,31,270,205,65
W35000394,296,37,9,28,259,228,31
W35000395,941,91,34,57,850,716,134
W35000396,431,55,15,40,376,330,46
W35000397,264,30,9,21,234,208,26
W35000398,229,32,5,27,197,169,28
W35000399,293,31,5,26,262,221,41
W35000400,338,155,38,117,183,162,21
W35000401,300,102,28,74,198,183,15
W35000402,219,83,24,59,136,120,16
W35000403,292,63,11,52,229,210,19
W35000404,896,352,55,297,544,480,64
W35000405,514,275,80,195,239,229,10
W35000406,257,99,35,64,158,134,24
W35000407,1913,722,211,511,1191,1095,96
W35000408,1102,324,70,254,778,738,40
W35000409,710,83,22,61,627,548,79
W35000410,756,389,70,319,367,300,67
W35000411,866,178,46,132,688,608,80
W35000412,939,555,206,349,384,355,29
W35000413,224,98,20,78,126,109,17
W35000414,336,197,57,140,139,115,24
W35000415,360,224,80,144,136,120,16
W35000416,1057,148,28,120,909,746,163
W35000417,340,120,40,80,220,188,32
W35000418,244,145,43,102,99,89,10
W35000419,464,144,39,105,320,288,32
W35000420,691,161,48,113,530,430,100
W35000421,940,155,63,92,785,682,103
W35000422,571,97,26,71,474,370,104
W35000423,607,292,114,178,315,262,53
W35000424,2496,781,108,673,1715,1610,105
W35000425,795,129,44,85,666,515,151
W35000426,1060,212,68,144,848,752,96
W35000427,1025,616,176,440,409,374,35
W35000428,257,78,20,58,179,160,19
W35000429,227,103,27,76,124,118,6
W35000430,264,109,41,68,155,131,24
W35000431,348,135,41,94,213,189,24
W35000432,545,117,30,87,428,394,34
W35000433,630,109,19,90,521,440,81
W35000434,778,133,39,94,645,588,57
W35000435,1130,227,44,183,903,814,89
W35000436,272,133,44,89,139,120,19
W35000437,606,113,35,78,493,440,53
W35000438,686,334,79,255,352,309,43
W35000439,433,139,29,110,294,279,15
W35000440,322,130,46,84,192,165,27
W35000441,463,148,21,127,315,303,12
W35000442,367,84,28,56,283,214,69
W35000443,1176,222,47,175,954,846,108
W35000444,2339,222,52,170,2117,1932,185
W35000445,220,31,5,26,189,146,43
W35000446,719,56,13,43,663,555,108
W35000447,270,93,16,77,177,163,14
W35000448,291,140,32,108,151,137,14
W35000449,420,74,9,65,346,326,20
W35000450,309,176,63,113,133,123,10
W35000451,411,206,65,141,205,190,15
W35000452,333,101,21,80,232,212,20
W35000453,277,137,35,102,140,124,16
W35000454,414,82,13,69,332,268,64
W35000455,399,126,22,104,273,245,28
W35000456,630,116,26,90,514,349,165
W35000457,247,48,12,36,199,173,26
W35000458,622,203,79,124,419,369,50
W35000459,968,200,54,146,768,656,112
W35000460,1219,88,34,54,1131,890,241
W35000461,640,377,147,230,263,224,39
W35000462,3389,1079,158,921,2310,2141,169
W35000463,264,88,24,64,176,160,16
W35000464,236,81,22,59,155,135,20
W35000465,908,579,287,292,329,292,37
W35000466,369,72,10,62,297,251,46
W35000467,436,61,11,50,375,334,41
W35000468,323,45,12,33,278,222,56
W35000469,220,99,17,82,121,108,13
W35000470,275,123,33,90,152,141,11
W35000471,225,114,37,77,111,96,15
W35000472,1220,302,46,256,918,870,48
W35000473,381,172,67,105,209,176,33
W35000474,1104,148,37,111,956,870,86
W35000475,940,323,48,275,617,574,43
W35000476,1011,582,291,291,429,392,37
W35000477,1146,203,63,140,943,851,92
W35000478,434,32,7,25,402,372,30
W35000479,829,136,35,101,693,623,70
W35000480,201,64,7,57,137,136,1
W35000481,256,90,21,69,166,152,14
W35000482,591,184,30,154,407,370,37
W35000483,595,299,79,220,296,278,18
W35000484,297,103,15,88,194,173,21
W35000485,426,198,65,133,228,202,26
W35000486,936,225,43,182,711,689,22
W35000487,216,67,10,57,149,141,8
W35000488,322,113,35,78,209,180,29
W35000489,211,87,12,75,124,112,12
W35000490,1358,193,49,144,1165,970,195
W35000491,511,59,18,41,452,414,38
W35000492,300,74,31,43,226,201,25
W35000493,293,129,37,92,164,138,26
W35000494,747,67,22,45,680,583,97
W35000495,165,20,5,15,145,112,33
W35000496,692,445,109,336,247,224,23
W35000497,287,170,52,118,117,97,20
W35000498,268,102,44,58,166,149,17
W35000499,246,115,39,76,131,117,14
W35000500,470,244,72,172,226,199,27
W35000501,341,28,12,16,313,277,36
W35000502,414,55,14,41,359,320,39
W35000503,913,73,26,47,840,728,112
W35000504,780,136,36,100,644,567,77
W35000505,247,63,23,40,184,150,34
W35000506,938,132,26,106,806,714,92
W35000507,792,400,157,243,392,356,36
W35000508,376,140,53,87,236,209,27
W35000509,275,84,23,61,191,166,25
W35000510,496,138,42,96,358,319,39
W35000511,342,79,18,61,263,234,29
W35000512,719,170,58,112,549,511,38
W35000513,499,199,63,136,300,253,47
W35000514,787,271,38,233,516,476,40
W35000515,612,121,26,95,491,429,62
W35000516,694,116,19,97,578,529,49
W35000517,884,163,36,127,721,644,77
W35000518,206,82,27,55,124,116,8
W35000519,298,143,31,112,155,135,20
W35000520,300,157,45,112,143,127,16
W35000521,734,85,23,62,649,612,37
W35000522,1474,345,80,265,1129,1040,89
W35000523,414,178,41,137,236,202,34
W35000524,793,261,53,208,532,483,49
W35000525,728,393,94,299,335,306,29
W35000526,828,266,101,165,562,537,25
W35000527,302,96,11,85,206,198,8
W35000528,363,146,33,113,217,187,30
W35000529,344,77,13,64,267,234,33
W35000530,517,219,75,144,298,265,33
W35000531,420,31,12,19,389,340,49
W35000532,863,94,38,56,769,699,70
W35000533,554,148,27,121,406,367,39
W35000534,687,409,136,273,278,256,22
W35000535,466,132,37,95,334,319,15
W35000536,412,271,118,153,141,127,14
W35000537,709,388,142,246,321,299,22
W35000538,700,399,98,301,301,279,22
W35000539,256,127,30,97,129,118,11
W35000540,270,134,54,80,136,122,14
W35000541,470,163,50,113,307,267,40
W35000542,293,48,23,25,245,210,35
W35000543,1713,168,61,107,1545,1330,215
W35000544,700,144,32,112,556,501,55
W35000545,435,47,11,36,388,336,52
W35000546,203,51,23,28,152,125,27
W35000547,466,104,30,74,362,317,45
W35000548,1507,234,61,173,1273,1089,184
W35000549,1066,235,42,193,831,732,99
W35000550,2538,485,94,391,2053,1865,188
W35000551,640,145,31,114,495,468,27
W35000552,552,105,19,86,447,419,28
W35000553,377,106,30,76,271,247,24
W35000554,236,105,26,79,131,115,16
W35000555,448,233,54,179,215,190,25
W35000556,1013,288,107,181,725,667,58
W35000557,352,171,53,118,181,158,23
W35000558,254,96,22,74,158,146,12
W35000559,296,81,21,60,215,174,41
W35000560,341,82,15,67,259,236,23
W35000561,403,193,74,119,210,187,23
W35000562,217,65,15,50,152,134,18
W35000563,593,341,151,190,252,223,29
W35000564,311,143,55,88,168,147,21
W35000565,278,106,41,65,172,136,36
W35000566,536,166,16,150,370,344,26
W35000567,677,126,45,81,551,412,139
W35000568,310,68,23,45,242,153,89
W35000569,222,53,26,27,169,135,34
W35000570,1085,117,38,79,968,924,44
W35000571,774,112,27,85,662,545,117
W35000572,643,80,24,56,563,479,84
W35000573,246,132,32,100,114,102,12
W35000574,657,330,126,204,327,297,30
W35000575,241,112,27,85,129,112,17
W35000576,317,122,45,77,195,148,47
W35000577,323,158,63,95,165,138,27
W35000578,273,18,5,13,255,213,42
W35000579,694,304,108,196,390,350,40
W35000580,1197,134,41,93,1063,828,235
W35000581,223,55,26,29,168,148,20
W35000582,560,129,18,111,431,369,62
W35000583,295,101,20,81,194,180,14
W35000584,345,107,21,86,238,204,34
W35000585,829,258,120,138,571,444,127
W35000586,713,96,25,71,617,532,85
W35000587,530,193,62,131,337,295,42
W35000588,1081,280,98,182,801,648,153
W35000589,418,33,8,25,385,309,76
W35000590,340,43,17,26,297,235,62
W35000591,801,85,17,68,716,602,114
W35000592,243,38,10,28,205,179,26
W35000593,336,34,9,25,302,236,66
W35000594,363,43,17,26,320,259,61
W35000595,1506,122,35,87,1384,1152,232
W35000596,540,32,16,16,508,433,75
W35000597,290,22,3,19,268,160,108
W35000598,367,38,10,28,329,244,85
W35000599,696,77,26,51,619,493,126
W35000600,423,32,8,24,391,296,95
W35000601,296,88,36,52,208,172,36
W35000602,647,211,76,135,436,348,88
W35000603,1565,543,93,450,1022,911,111
W35000604,445,136,25,111,309,284,25
W35000605,275,124,30,94,151,121,30
W35000606,430,130,20,110,300,280,20
W35000607,370,150,43,107,220,200,20
W35000608,209,97,40,57,112,102,10
W35000609,324,130,17,113,194,186,8
W35000610,315,161,49,112,154,138,16
W35000611,251,175,47,128,76,71,5
W35000612,209,77,19,58,132,121,11
W35000613,231,117,49,68,114,104,10
W35000614,457,265,105,160,192,180,12
W35000615,244,102,45,57,142,129,13
W35000616,296,154,75,79,142,123,19
W35000617,430,139,18,121,291,285,6
W35000618,484,147,21,126,337,319,18
W35000619,249,85,18,67,164,150,14
W35000620,367,123,41,82,244,204,40
W35000621,411,157,37,120,254,225,29
W35000622,211,87,18,69,124,110,14
W35000623,317,127,46,81,190,174,16
W35000624,219,73,21,52,146,123,23
W35000625,1358,640,122,518,718,689,29
W35000626,667,366,90,276,301,268,33
W35000627,252,83,16,67,169,139,30
W35000628,281,35,9,26,246,208,38
W35000629,362,79,12,67,283,210,73
W35000630,734,133,25,108,601,532,69
W35000631,709,75,20,55,634,526,108
W35000632,365,77,13,64,288,261,27
W35000633,222,34,5,29,188,147,41
W35000634,2999,511,59,452,2488,2206,282
W35000635,693,178,49,129,515,459,56
W35000636,333,72,14,58,261,251,10
W35000637,337,43,17,26,294,265,29
W35000638,2017,419,69,350,1598,1554,44
W35000639,736,69,19,50,667,587,80
W35000640,324,81,11,70,243,215,28
W35000641,334,81,19,62,253,224,29
W35000642,309,121,30,91,188,150,38
W35000643,284,78,25,53,206,159,47
W35000644,1294,668,252,416,626,545,81
W35000645,364,130,43,87,234,202,32
W35000646,315,108,33,75,207,175,32
W35000647,1659,390,55,335,1269,1228,41
W35000648,855,192,60,132,663,512,151
W35000649,354,41,9,32,313,251,62
W35000650,319,36,20,16,283,243,40
W35000651,314,44,18,26,270,213,57
W35000652,313,67,9,58,246,220,26
W35000653,279,55,11,44,224,191,33
W35000654,1170,212,46,166,958,828,130
W35000655,217,20,4,16,197,173,24
W35000656,270,79,26,53,191,166,25
W35000657,815,195,30,165,620,546,74
W35000658,639,145,29,116,494,437,57
W35000659,7571,1724,313,1411,5847,5175,672
W35000660,1285,223,45,178,1062,926,136
W35000661,1473,387,74,313,1086,1024,62
W35000662,1067,273,84,189,794,679,115
W35000663,1704,799,371,428,905,848,57
W35000664,205,28,7,21,177,158,19
W35000665,733,188,54,134,545,519,26
W35000666,553,172,48,124,381,351,30
W35000667,402,134,24,110,268,241,27
W35000668,475,47,12,35,428,354,74
W35000669,618,121,39,82,497,390,107
W35000670,367,113,37,76,254,227,27
W35000671,235,56,19,37,179,165,14
W35000672,1075,474,200,274,601,502,99
W35000673,359,148,49,99,211,174,37
W35000674,484,67,10,57,417,390,27
W35000675,784,248,120,128,536,455,81
W35000676,438,93,15,78,345,304,41
W35000677,729,105,20,85,624,578,46
W35000678,609,329,107,222,280,258,22
W35000679,231,102,31,71,129,110,19
W35000680,993,152,41,111,841,741,100
W35000681,409,58,9,49,351,310,41
W35000682,1198,178,25,153,1020,966,54
W35000683,555,112,21,91,443,366,77
W35000684,246,30,7,23,216,205,11
W35000685,249,39,13,26,210,178,32
W35000686,564,83,15,68,481,393,88
W35000687,1356,451,110,341,905,829,76
W35000688,424,64,14,50,360,330,30
W35000689,296,72,19,53,224,194,30
W35000690,307,71,18,53,236,167,69
W35000691,1306,313,88,225,993,878,115
W35000692,1155,342,63,279,813,748,65
W35000693,883,102,37,65,781,691,90
W35000694,993,111,31,80,882,725,157
W35000695,413,43,10,33,370,320,50
W35000696,430,48,5,43,382,330,52
W35000697,764,53,12,41,711,543,168
W35000698,683,50,12,38,633,532,101
W35000699,354,65,9,56,289,249,40
W35000700,216,43,15,28,173,155,18
W35000701,405,55,17,38,350,282,68
W35000702,588,80,15,65,508,436,72
W35000703,332,86,37,49,246,224,22
W35000704,1087,147,43,104,940,745,195
W35000705,499,71,24,47,428,337,91
W35000706,368,61,15,46,307,262,45
W35000707,571,48,13,35,523,421,102
W35000708,411,49,24,25,362,271,91
W35000709,248,23,3,20,225,167,58
W35000710,2676,423,82,341,2253,1983,270
W35000711,721,93,20,73,628,546,82
W35000712,328,85,37,48,243,208,35
W35000713,595,305,87,218,290,262,28
W35000714,390,29,10,19,361,312,49
W35000715,1429,543,188,355,886,839,47
W35000716,485,75,36,39,410,291,119
W35000717,798,67,16,51,731,657,74
W35000718,408,90,30,60,318,260,58
W35000719,389,81,12,69,308,294,14
W35000720,2768,324,59,265,2444,2189,255
W35000721,2302,552,59,493,1750,1638,112
W35000722,476,270,55,215,206,197,9
W35000723,715,130,23,107,585,532,53
W35000724,606,66,10,56,540,504,36
W35000725,412,74,33,41,338,308,30
W35000726,708,436,166,270,272,225,47
W35000727,698,103,28,75,595,497,98
W35000728,2147,418,89,329,1729,1551,178
W35000729,1247,165,32,133,1082,1049,33
W35000730,320,103,58,45,217,186,31
W35000731,486,61,7,54,425,379,46
W35000732,669,132,32,100,537,508,29
W35000733,1104,187,27,160,917,879,38
W35000734,1568,392,126,266,1176,1078,98
W35000735,4259,1492,194,1298,2767,2560,207
W35000736,234,64,10,54,170,129,41
W35000737,292,95,36,59,197,186,11
W35000738,1130,283,46,237,847,788,59
W35000739,1243,344,164,180,899,754,145
W35000740,444,202,103,99,242,210,32
W35000741,1636,555,132,423,1081,977,104
W35000742,560,131,71,60,429,327,102
W35000743,244,91,47,44,153,122,31
W35000744,1075,332,117,215,743,672,71
W35000745,2468,795,193,602,1673,1542,131
W35000746,312,95,42,53,217,208,9
W35000747,5398,1573,426,1147,3825,3298,527
W35000748,207,92,17,75,115,107,8
W35000749,230,94,26,68,136,124,12
W35000750,327,183,48,135,144,140,4
W35000751,433,118,38,80,315,294,21
W35000752,307,94,11,83,213,201,12
W35000753,785,517,116,401,268,230,38
W35000754,378,164,48,116,214,186,28
W35000755,177,80,29,51,97,80,17
W35000756,246,132,74,58,114,104,10
W35000757,470,136,37,99,334,301,33
W35000758,316,105,37,68,211,204,7
W35000759,221,122,51,71,99,82,17
W35000760,236,88,34,54,148,133,15
W35000761,264,152,83,69,112,84,28
W35000762,972,219,80,139,753,708,45
W35000763,391,197,109,88,194,182,12
W35000764,253,93,39,54,160,149,11
W35000765,2169,310,42,268,1859,1773,86
W35000766,301,54,26,28,247,166,81
W35000767,922,208,78,130,714,568,146
W35000768,336,106,41,65,230,193,37
W35000769,635,83,11,72,552,467,85
W35000770,504,267,123,144,237,218,19
W35000771,211,50,11,39,161,136,25
W35000772,331,87,21,66,244,213,31
W35000773,916,493,193,300,423,401,22
W35000774,275,81,45,36,194,178,16
W35000775,344,143,59,84,201,153,48
W35000776,640,144,32,112,496,458,38
W35000777,533,202,90,112,331,290,41
W35000778,356,65,9,56,291,269,22
W35000779,805,443,225,218,362,338,24
W35000780,597,181,55,126,416,365,51
W35000781,599,107,29,78,492,447,45
W35000782,631,357,147,210,274,244,30
W35000783,1027,185,66,119,842,674,168
W35000784,348,80,14,66,268,254,14
W35000785,619,131,23,108,488,447,41
W35000786,264,109,36,73,155,123,32
W35000787,231,81,28,53,150,135,15
W35000788,398,186,83,103,212,200,12
W35000789,242,101,55,46,141,118,23
W35000790,554,193,71,122,361,333,28
W35000791,498,56,21,35,442,390,52
W35000792,522,41,12,29,481,450,31
W35000793,421,189,88,101,232,214,18
W35000794,629,260,137,123,369,346,23
W35000795,332,110,30,80,222,187,35
W35000796,1039,209,38,171,830,754,76
W35000797,799,316,91,225,483,457,26
W35000798,237,114,51,63,123,101,22
W35000799,857,374,162,212,483,434,49
W35000800,660,96,23,73,564,519,45
W35000801,268,25,5,20,243,195,48
W35000802,752,287,110,177,465,370,95
W35000803,935,284,110,174,651,581,70
W35000804,307,90,18,72,217,182,35
W35000805,399,77,16,61,322,279,43
W35000806,297,150,83,67,147,112,35
W35000807,392,170,68,102,222,200,22
W35000808,284,62,17,45,222,192,30
W35000809,377,100,48,52,277,230,47
W35000810,314,39,10,29,275,233,42
W35000811,933,213,63,150,720,591,129
W35000812,500,280,145,135,220,207,13
W35000813,791,196,80,116,595,538,57
W35000814,551,79,18,61,472,425,47
W35000815,611,188,92,96,423,341,82
W35000816,786,111,42,69,675,619,56
W35000817,1065,211,100,111,854,776,78
W35000818,458,233,167,66,225,178,47
W35000819,254,133,55,78,121,101,20
W35000820,1019,257,83,174,762,670,92
W35000821,1683,959,525,434,724,675,49
W35000822,1019,129,36,93,890,799,91
W35000823,2335,662,176,486,1673,1545,128
W35000824,956,279,93,186,677,612,65
W35000825,871,491,176,315,380,340,40
W35000826,490,135,32,103,355,282,73
W35000827,520,70,19,51,450,344,106
W35000828,1320,258,27,231,1062,1037,25
W35000829,317,106,40,66,211,167,44
W35000830,410,88,27,61,322,304,18
W35000831,330,112,42,70,218,179,39
W35000832,329,155,61,94,174,137,37
W35000833,231,107,31,76,124,95,29
W35000834,336,54,17,37,282,243,39
W35000835,259,104,40,64,155,139,16
W35000836,323,53,8,45,270,221,49
W35000837,410,172,31,141,238,219,19
W35000838,882,118,16,102,764,727,37
W35000839,473,139,72,67,334,295,39
W35000840,505,95,24,71,410,350,60
W35000841,997,196,46,150,801,720,81
W35000842,1130,342,45,297,788,746,42
W35000843,312,74,14,60,238,168,70
W35000844,1101,322,120,202,779,652,127
W35000845,363,74,25,49,289,261,28
W35000846,589,288,64,224,301,262,39
W35000847,253,74,8,66,179,176,3
W35000848,565,122,15,107,443,430,13
W35000849,381,70,17,53,311,244,67
W35000850,235,41,20,21,194,168,26
W35000851,277,33,7,26,244,234,10
W35000852,468,106,36,70,362,300,62
W35000853,1251,174,69,105,1077,970,107
W35000854,360,134,59,75,226,174,52
W35000855,326,124,37,87,202,166,36
W35000856,338,87,32,55,251,157,94
W35000857,268,80,31,49,188,118,70
W35000858,376,122,42,80,254,174,80
W35000859,320,97,40,57,223,141,82
W35000860,325,120,55,65,205,155,50
W35000861,257,76,25,51,181,121,60
W35000862,487,179,51,128,308,250,58
W35000863,254,85,23,62,169,158,11
W35000864,333,142,42,100,191,150,41
W35000865,342,136,48,88,206,177,29
W35000866,277,80,17,63,197,172,25
W35000867,401,210,53,157,191,169,22
W35000868,636,283,73,210,353,316,37
W35000869,297,91,23,68,206,153,53
W35000870,352,155,53,102,197,164,33
W35000871,294,94,32,62,200,117,83
W35000872,570,230,79,151,340,277,63
W35000873,306,97,36,61,209,148,61
W35000874,291,105,55,50,186,143,43
W35000875,254,94,20,74,160,127,33
W35000876,381,183,59,124,198,153,45
W35000877,293,127,49,78,166,117,49
W35000878,410,137,38,99,273,195,78
W35000879,226,101,39,62,125,89,36
W35000880,321,133,41,92,188,137,51
W35000881,256,84,24,60,172,122,50
W35000882,297,114,33,81,183,148,35
W35000883,414,143,40,103,271,223,48
W35000884,367,125,34,91,242,216,26
W35000885,649,289,64,225,360,318,42
W35000886,295,68,24,44,227,155,72
W35000887,415,147,55,92,268,174,94
W35000888,355,108,22,86,247,175,72
W35000889,339,105,30,75,234,171,63
W35000890,1660,201,75,126,1459,1197,262
W35000891,514,142,48,94,372,313,59
W35000892,280,103,42,61,177,141,36
W35000893,290,103,41,62,187,158,29
W35000894,364,122,42,80,242,207,35
W35000895,317,101,26,75,216,160,56
W35000896,376,135,36,99,241,196,45
W35000897,1145,164,57,107,981,783,198
W35000898,352,117,39,78,235,172,63
W35000899,382,112,30,82,270,196,74
W35000900,340,140,68,72,200,173,27
W35000901,359,160,54,106,199,172,27
W35000902,666,289,114,175,377,333,44
W35000903,259,140,64,76,119,85,34
W35000904,288,110,28,82,178,143,35
W35000905,219,93,41,52,126,114,12
W35000906,406,126,47,79,280,237,43
W35000907,337,73,22,51,264,243,21
W35000908,407,161,65,96,246,204,42
W35000909,742,257,98,159,485,424,61
W35000910,418,146,37,109,272,209,63
W35000911,255,90,28,62,165,100,65
W35000912,297,114,27,87,183,153,30
W35000913,300,65,14,51,235,201,34
W35000914,274,77,21,56,197,155,42
W35000915,398,81,33,48,317,254,63
W35000916,238,67,29,38,171,115,56
W35000917,429,147,54,93,282,228,54
W35000918,347,111,42,69,236,172,64
W35000919,281,97,35,62,184,128,56
W35000920,433,124,34,90,309,267,42
W35000921,981,147,45,102,834,749,85
W35000922,701,225,68,157,476,401,75
W35000923,944,269,48,221,675,608,67
W35000924,335,115,33,82,220,167,53
W35000925,486,121,35,86,365,312,53
W35000926,401,149,43,106,252,191,61
W35000927,289,69,19,50,220,198,22
W35000928,339,126,22,104,213,184,29
W35000929,448,206,59,147,242,207,35
W35000930,234,100,40,60,134,110,24
W35000931,362,150,48,102,212,185,27
W35000932,287,84,15,69,203,188,15
W35000933,395,201,64,137,194,169,25
W35000934,354,97,35,62,257,194,63
W35000935,324,112,31,81,212,171,41
W35000936,552,210,72,138,342,278,64
W35000937,272,108,35,73,164,131,33
W35000938,430,114,30,84,316,271,45
W35000939,241,81,23,58,160,132,28
W35000940,331,106,33,73,225,168,57
W35000941,404,149,51,98,255,156,99
W35000942,388,128,35,93,260,196,64
W35000943,433,171,41,130,262,224,38
W35000944,292,102,34,68,190,133,57
W35000945,320,55,21,34,265,242,23
W35000946,407,139,31,108,268,215,53
W35000947,846,191,60,131,655,514,141
W35000948,447,183,62,121,264,211,53
W35000949,245,83,26,57,162,129,33
W35000950,550,169,53,116,381,289,92
W35000951,246,71,31,40,175,124,51
W35000952,346,123,34,89,223,140,83
W35000953,328,83,30,53,245,192,53
W35000954,580,228,65,163,352,289,63
W35000955,293,69,24,45,224,166,58
W35000956,422,110,30,80,312,259,53
W35000957,332,75,31,44,257,166,91
W35000958,295,107,31,76,188,148,40
W35000959,354,117,43,74,237,184,53
W35000960,589,134,48,86,455,326,129
W35000961,252,68,21,47,184,135,49
W35000962,241,66,29,37,175,106,69
W35000963,462,81,26,55,381,321,60
W35000964,584,208,55,153,376,320,56
W35000965,375,143,55,88,232,173,59
W35000966,399,137,32,105,262,235,27
W35000967,447,162,55,107,285,243,42
W35000968,262,82,33,49,180,134,46
W35000969,260,96,25,71,164,123,41
W35000970,530,182,55,127,348,263,85
W35000971,256,40,17,23,216,161,55
W35000972,247,82,36,46,165,116,49
W35000973,437,116,34,82,321,235,86
W35000974,236,80,19,61,156,130,26
W35000975,306,109,29,80,197,126,71
W35000976,290,75,30,45,215,145,70
W35000977,315,83,31,52,232,153,79
W35000978,303,114,49,65,189,144,45
W35000979,488,190,80,110,298,209,89
W35000980,275,86,28,58,189,129,60
W35000981,417,122,43,79,295,224,71
W35000982,232,48,17,31,184,103,81
W35000983,376,96,31,65,280,164,116
W35000984,327,73,19,54,254,206,48
W35000985,275,76,28,48,199,106,93
W35000986,446,162,64,98,284,173,111
W35000987,276,129,43,86,147,108,39
W35000988,289,92,28,64,197,151,46
W35000989,477,145,67,78,332,271,61
W35000990,314,68,20,48,246,183,63
W35000991,268,83,26,57,185,159,26
W35000992,322,149,36,113,173,127,46
W35000993,344,151,34,117,193,154,39
W35000994,232,70,23,47,162,116,46
W35000995,363,130,51,79,233,163,70
W35000996,258,82,25,57,176,112,64
W35000997,460,115,23,92,345,285,60
W35000998,655,272,84,188,383,317,66
W35000999,342,87,31,56,255,179,76
W35001000,254,55,14,41,199,143,56
W35001001,245,91,44,47,154,90,64
W35001002,259,103,26,77,156,108,48
W35001003,308,136,35,101,172,144,28
W35001004,682,377,128,249,305,273,32
W35001005,303,94,25,69,209,164,45
W35001006,493,190,41,149,303,237,66
W35001007,405,190,75,115,215,170,45
W35001008,330,95,23,72,235,159,76
W35001009,261,108,40,68,153,126,27
W35001010,505,164,32,132,341,314,27
W35001011,319,133,36,97,186,166,20
W35001012,268,119,34,85,149,113,36
W35001013,291,98,31,67,193,147,46
W35001014,521,193,34,159,328,301,27
W35001015,496,121,33,88,375,301,74
W35001016,471,170,61,109,301,213,88
W35001017,427,201,54,147,226,184,42
W35001018,516,177,51,126,339,302,37
W35001019,424,174,58,116,250,206,44
W35001020,1291,426,119,307,865,775,90
W35001021,390,148,49,99,242,180,62
W35001022,604,183,57,126,421,300,121
W35001023,417,118,30,88,299,211,88
W35001024,592,339,85,254,253,224,29
W35001025,280,100,28,72,180,137,43
W35001026,278,111,51,60,167,130,37
W35001027,428,90,30,60,338,305,33
W35001028,497,104,23,81,393,349,44
W35001029,248,79,37,42,169,129,40
W35001030,272,102,28,74,170,134,36
W35001031,420,142,35,107,278,243,35
W35001032,479,182,44,138,297,258,39
W35001033,394,141,36,105,253,222,31
W35001034,389,123,40,83,266,210,56
W35001035,303,80,22,58,223,181,42
W35001036,380,149,48,101,231,200,31
W35001037,444,202,80,122,242,206,36
W35001038,285,104,31,73,181,145,36
W35001039,266,75,21,54,191,151,40
W35001040,305,85,35,50,220,185,35
W35001041,273,108,35,73,165,122,43
W35001042,465,114,31,83,351,281,70
W35001043,291,115,35,80,176,142,34
W35001044,370,123,34,89,247,182,65
W35001045,359,120,42,78,239,193,46
W35001046,331,119,31,88,212,179,33
W35001047,255,102,47,55,153,117,36
W35001048,506,191,63,128,315,255,60
W35001049,797,329,88,241,468,398,70
W35001050,330,100,30,70,230,190,40
W35001051,409,146,40,106,263,203,60
W35001052,398,147,40,107,251,204,47
W35001053,324,68,18,50,256,219,37
W35001054,320,106,37,69,214,182,32
W35001055,666,109,34,75,557,480,77
W35001056,293,97,42,55,196,143,53
W35001057,605,205,66,139,400,314,86
W35001058,682,116,25,91,566,472,94
W35001059,275,101,45,56,174,104,70
W35001060,228,80,28,52,148,106,42
W35001061,406,127,35,92,279,233,46
W35001062,409,165,53,112,244,176,68
W35001063,259,126,53,73,133,101,32
W35001064,384,130,41,89,254,175,79
W35001065,990,229,60,169,761,689,72
W35001066,386,116,38,78,270,159,111
W35001067,349,84,31,53,265,108,157
W35001068,392,101,38,63,291,161,130
W35001069,339,111,34,77,228,129,99
W35001070,476,122,44,78,354,196,158
W35001071,478,149,65,84,329,211,118
W35001072,342,87,31,56,255,216,39
W35001073,238,69,21,48,169,86,83
W35001074,521,197,52,145,324,238,86
W35001075,654,264,68,196,390,312,78
W35001076,237,59,15,44,178,88,90
W35001077,320,83,21,62,237,160,77
W35001078,431,108,22,86,323,246,77
W35001079,337,89,26,63,248,194,54
W35001080,519,182,48,134,337,260,77
W35001081,225,61,12,49,164,144,20
W35001082,559,250,63,187,309,252,57
W35001083,276,92,31,61,184,146,38
W35001084,340,140,29,111,200,176,24
W35001085,321,149,50,99,172,142,30
W35001086,418,194,67,127,224,183,41
W35001087,863,308,93,215,555,443,112
W35001088,260,99,24,75,161,136,25
W35001089,443,166,48,118,277,214,63
W35001090,687,206,54,152,481,426,55
W35001091,517,175,43,132,342,308,34
W35001092,267,115,44,71,152,125,27
W35001093,227,68,14,54,159,139,20
W35001094,271,96,16,80,175,162,13
W35001095,244,90,29,61,154,128,26
W35001096,580,171,52,119,409,339,70
W35001097,382,124,23,101,258,219,39
W35001098,358,107,24,83,251,217,34
W35001099,282,79,33,46,203,131,72
W35001100,344,119,26,93,225,181,44
W35001101,376,131,45,86,245,166,79
W35001102,366,145,46,99,221,159,62
W35001103,693,221,78,143,472,398,74
W35001104,345,151,42,109,194,169,25
W35001105,348,104,38,66,244,168,76
W35001106,266,103,28,75,163,138,25
W35001107,3417,969,159,810,2448,2278,170
W35001108,444,138,38,100,306,256,50
W35001109,402,137,40,97,265,209,56
W35001110,250,76,30,46,174,135,39
W35001111,538,104,32,72,434,355,79
W35001112,905,104,37,67,801,739,62
W35001113,682,242,80,162,440,393,47
W35001114,622,263,85,178,359,297,62
W35001115,634,203,65,138,431,388,43
W35001116,295,105,27,78,190,125,65
W35001117,661,213,52,161,448,374,74
W35001118,290,80,44,36,210,103,107
W35001119,333,120,45,75,213,135,78
W35001120,372,122,36,86,250,203,47
W35001121,622,231,63,168,391,329,62
W35001122,259,89,35,54,170,112,58
W35001123,225,55,23,32,170,88,82
W35001124,374,131,60,71,243,144,99
W35001125,485,109,40,69,376,315,61
W35001126,345,85,33,52,260,197,63
W35001127,332,88,36,52,244,184,60
W35001128,302,105,44,61,197,152,45
W35001129,346,112,36,76,234,174,60
W35001130,558,183,54,129,375,283,92
W35001131,321,93,40,53,228,122,106
W35001132,357,96,31,65,261,167,94
W35001133,286,98,28,70,188,153,35
W35001134,405,117,39,78,288,149,139
W35001135,441,99,34,65,342,275,67
W35001136,279,95,29,66,184,130,54
W35001137,395,147,49,98,248,177,71
W35001138,531,262,87,175,269,212,57
W35001139,281,87,30,57,194,130,64
W35001140,341,128,41,87,213,150,63
W35001141,751,104,38,66,647,523,124
W35001142,328,151,51,100,177,121,56
W35001143,366,114,39,75,252,172,80
W35001144,635,164,56,108,471,372,99
W35001145,295,88,31,57,207,166,41
W35001146,280,103,41,62,177,133,44
W35001147,347,140,63,77,207,136,71
W35001148,404,113,21,92,291,249,42
W35001149,432,55,18,37,377,308,69
W35001150,593,161,44,117,432,310,122
W35001151,490,218,43,175,272,232,40
W35001152,747,196,47,149,551,463,88
W35001153,542,122,33,89,420,345,75
W35001154,405,175,58,117,230,180,50
W35001155,243,38,12,26,205,155,50
W35001156,314,162,35,127,152,134,18
W35001157,435,181,73,108,254,228,26
W35001158,307,134,36,98,173,140,33
W35001159,2542,460,129,331,2082,1869,213
W35001160,782,245,65,180,537,478,59
W35001161,427,172,51,121,255,196,59
W35001162,401,150,45,105,251,192,59
W35001163,258,117,31,86,141,122,19
W35001164,329,86,39,47,243,191,52
W35001165,546,174,90,84,372,247,125
W35001166,338,121,51,70,217,150,67
W35001167,255,67,14,53,188,134,54
W35001168,349,104,42,62,245,145,100
W35001169,388,88,32,56,300,212,88
W35001170,316,129,39,90,187,153,34
W35001171,355,137,43,94,218,179,39
W35001172,851,347,100,247,504,437,67
W35001173,507,237,99,138,270,215,55
W35001174,334,145,34,111,189,178,11
W35001175,259,127,34,93,132,115,17
W35001176,250,94,20,74,156,120,36
W35001177,625,122,33,89,503,394,109
W35001178,412,131,20,111,281,244,37
W35001179,324,158,43,115,166,145,21
W35001180,352,125,39,86,227,188,39
W35001181,250,114,39,75,136,107,29
W35001182,531,176,62,114,355,287,68
W35001183,269,91,24,67,178,160,18
W35001184,327,148,50,98,179,139,40
W35001185,502,219,60,159,283,255,28
W35001186,939,166,55,111,773,663,110
W35001187,511,208,60,148,303,229,74
W35001188,845,314,117,197,531,417,114
W35001189,654,113,30,83,541,472,69
W35001190,298,111,47,64,187,142,45
W35001191,482,180,67,113,302,256,46
W35001192,374,119,43,76,255,202,53
W35001193,429,156,58,98,273,222,51
W35001194,401,106,39,67,295,224,71
W35001195,338,125,43,82,213,170,43
W35001196,302,90,30,60,212,175,37
W35001197,420,162,60,102,258,202,56
W35001198,419,180,76,104,239,189,50
W35001199,337,136,40,96,201,152,49
W35001200,421,174,65,109,247,214,33
W35001201,369,149,70,79,220,176,44
W35001202,292,83,28,55,209,174,35
W35001203,289,140,61,79,149,120,29
W35001204,389,160,37,123,229,215,14
W35001205,716,215,83,132,501,405,96
W35001206,604,265,84,181,339,296,43
W35001207,319,74,24,50,245,189,56
W35001208,253,46,17,29,207,169,38
W35001209,346,161,60,101,185,150,35
W35001210,362,117,33,84,245,212,33
W35001211,491,202,54,148,289,223,66
W35001212,872,85,34,51,787,733,54
W35001213,393,192,56,136,201,176,25
W35001214,415,93,28,65,322,273,49
W35001215,543,263,65,198,280,233,47
W35001216,368,134,44,90,234,172,62
W35001217,330,112,46,66,218,148,70
W35001218,293,129,64,65,164,133,31
W35001219,287,93,27,66,194,140,54
W35001220,478,167,77,90,311,212,99
W35001221,248,67,22,45,181,132,49
W35001222,347,125,45,80,222,142,80
W35001223,289,110,30,80,179,145,34
W35001224,292,82,20,62,210,147,63
W35001225,396,158,57,101,238,189,49
W35001226,506,173,73,100,333,253,80
W35001227,353,174,57,117,179,139,40
W35001228,361,157,46,111,204,152,52
W35001229,1033,177,50,127,856,665,191
W35001230,387,132,42,90,255,214,41
W35001231,456,138,31,107,318,271,47
W35001232,309,128,33,95,181,156,25
W35001233,311,90,38,52,221,181,40
W35001234,310,81,28,53,229,198,31
W35001235,513,202,49,153,311,251,60
W35001236,288,114,34,80,174,136,38
W35001237,589,216,57,159,373,290,83
W35001238,462,210,60,150,252,203,49
W35001239,412,174,61,113,238,200,38
W35001240,491,189,70,119,302,232,70
W35001241,372,129,44,85,243,190,53
W35001242,534,218,53,165,316,282,34
W35001243,352,133,48,85,219,182,37
W35001244,508,193,62,131,315,249,66
W35001245,485,193,50,143,292,264,28
W35001246,397,193,55,138,204,179,25
W35001247,407,230,82,148,177,145,32
W35001248,780,276,41,235,504,478,26
W35001249,349,152,57,95,197,158,39
W35001250,604,298,97,201,306,237,69
W35001251,442,177,69,108,265,212,53
W35001252,718,174,45,129,544,497,47
W35001253,788,187,59,128,601,504,97
W35001254,277,121,29,92,156,124,32
W35001255,338,117,36,81,221,195,26
W35001256,800,363,107,256,437,388,49
W35001257,286,98,25,73,188,140,48
W35001258,841,207,71,136,634,504,130
W35001259,393,116,33,83,277,230,47
W35001260,332,86,21,65,246,192,54
W35001261,310,110,31,79,200,146,54
W35001262,257,70,31,39,187,138,49
W35001263,323,77,21,56,246,211,35
W35001264,301,140,41,99,161,140,21
W35001265,245,107,33,74,138,117,21
W35001266,290,116,25,91,174,141,33
W35001267,353,105,42,63,248,174,74
W35001268,308,74,17,57,234,194,40
W35001269,811,88,22,66,723,613,110
W35001270,223,75,31,44,148,126,22
W35001271,312,146,42,104,166,146,20
W35001272,336,137,38,99,199,130,69
W35001273,272,94,35,59,178,138,40
W35001274,606,232,70,162,374,291,83
W35001275,306,142,33,109,164,146,18
W35001276,294,77,28,49,217,150,67
W35001277,234,57,23,34,177,123,54
W35001278,248,88,33,55,160,105,55
W35001279,312,90,37,53,222,123,99
W35001280,409,142,55,87,267,174,93
W35001281,764,173,63,110,591,458,133
W35001282,389,154,45,109,235,173,62
W35001283,285,92,26,66,193,131,62
W35001284,337,138,41,97,199,163,36
W35001285,415,169,42,127,246,198,48
W35001286,243,122,37,85,121,94,27
W35001287,299,108,45,63,191,95,96
W35001288,371,111,41,70,260,124,136
W35001289,227,104,38,66,123,92,31
W35001290,365,81,35,46,284,169,115
W35001291,494,127,45,82,367,253,114
W35001292,634,201,78,123,433,305,128
W35001293,293,78,29,49,215,108,107
W35001294,334,103,43,60,231,143,88
W35001295,348,94,41,53,254,114,140
W35001296,335,105,45,60,230,147,83
W35001297,282,75,35,40,207,99,108
W35001298,289,73,20,53,216,124,92
W35001299,273,77,41,36,196,103,93
W35001300,361,109,38,71,252,148,104
W35001301,318,97,35,62,221,125,96
W35001302,374,130,30,100,244,203,41
W35001303,234,53,20,33,181,129,52
W35001304,347,139,50,89,208,154,54
W35001305,266,117,22,95,149,134,15
W35001306,293,93,23,70,200,165,35
W35001307,349,112,27,85,237,173,64
W35001308,423,146,45,101,277,221,56
W35001309,285,69,20,49,216,104,112
W35001310,511,96,32,64,415,367,48
W35001311,258,67,18,49,191,104,87
W35001312,332,99,41,58,233,114,119
W35001313,462,177,81,96,285,194,91
W35001314,422,144,66,78,278,168,110
W35001315,290,109,32,77,181,131,50
W35001316,443,94,31,63,349,259,90
W35001317,264,66,27,39,198,121,77
W35001318,338,101,45,56,237,126,111
W35001319,291,102,42,60,189,93,96
W35001320,409,98,45,53,311,154,157
W35001321,320,125,41,84,195,138,57
W35001322,411,129,45,84,282,194,88
W35001323,339,108,36,72,231,159,72
W35001324,396,105,48,57,291,161,130
W35001325,279,91,20,71,188,99,89
W35001326,353,97,46,51,256,127,129
W35001327,346,107,35,72,239,126,113
W35001328,362,135,47,88,227,136,91
W35001329,371,121,41,80,250,207,43
W35001330,474,165,31,134,309,260,49
W35001331,360,162,52,110,198,154,44
W35001332,250,80,21,59,170,122,48
W35001333,550,181,33,148,369,295,74
W35001334,476,186,62,124,290,241,49
W35001335,561,235,79,156,326,263,63
W35001336,235,69,24,45,166,138,28
W35001337,461,132,53,79,329,181,148
W35001338,501,172,63,109,329,256,73
W35001339,235,56,20,36,179,93,86
W35001340,551,143,56,87,408,241,167
W35001341,351,167,69,98,184,121,63
W35001342,447,225,79,146,222,167,55
W35001343,301,89,37,52,212,92,120
W35001344,378,67,23,44,311,229,82
W35001345,320,72,24,48,248,135,113
W35001346,455,103,36,67,352,178,174
W35001347,348,106,41,65,242,130,112
W35001348,382,139,53,86,243,167,76
W35001349,637,201,57,144,436,333,103
W35001350,397,138,45,93,259,145,114
W35001351,456,196,70,126,260,192,68
W35001352,291,61,26,35,230,115,115
W35001353,278,95,43,52,183,104,79
W35001354,336,105,39,66,231,128,103
W35001355,318,99,37,62,219,145,74
W35001356,275,68,23,45,207,84,123
W35001357,287,46,18,28,241,168,73
W35001358,256,91,28,63,165,129,36
W35001359,245,100,28,72,145,125,20
W35001360,595,238,48,190,357,309,48
W35001361,450,113,34,79,337,265,72
W35001362,589,232,56,176,357,332,25
W35001363,273,108,32,76,165,127,38
W35001364,363,133,33,100,230,181,49
W35001365,365,104,35,69,261,221,40
W35001366,273,71,24,47,202,113,89
W35001367,336,96,32,64,240,168,72
W35001368,232,68,23,45,164,76,88
W35001369,346,93,35,58,253,139,114
W35001370,320,86,34,52,234,96,138
W35001371,685,273,110,163,412,285,127
W35001372,373,88,31,57,285,201,84
W35001373,458,176,56,120,282,207,75
W35001374,227,61,24,37,166,100,66
W35001375,536,105,23,82,431,374,57
W35001376,568,166,63,103,402,266,136
W35001377,754,242,61,181,512,447,65
W35001378,321,87,28,59,234,95,139
W35001379,446,132,45,87,314,220,94
W35001380,552,181,41,140,371,286,85
W35001381,1187,200,55,145,987,783,204
W35001382,445,175,53,122,270,203,67
W35001383,531,116,42,74,415,359,56
W35001384,379,114,45,69,265,204,61
W35001385,282,85,31,54,197,107,90
W35001386,372,133,58,75,239,149,90
W35001387,287,116,50,66,171,121,50
W35001388,466,174,65,109,292,224,68
W35001389,330,126,60,66,204,130,74
W35001390,343,66,27,39,277,204,73
W35001391,330,123,42,81,207,149,58
W35001392,321,124,40,84,197,135,62
W35001393,603,140,48,92,463,371,92
W35001394,378,101,47,54,277,167,110
W35001395,368,132,43,89,236,177,59
W35001396,696,315,161,154,381,325,56
W35001397,649,314,107,207,335,301,34
W35001398,373,143,73,70,230,199,31
W35001399,258,113,61,52,145,115,30
W35001400,330,155,70,85,175,150,25
W35001401,464,238,140,98,226,165,61
W35001402,338,145,39,106,193,168,25
W35001403,643,149,50,99,494,447,47
W35001404,427,153,44,109,274,233,41
W35001405,283,75,22,53,208,194,14
W35001406,268,82,30,52,186,160,26
W35001407,270,69,28,41,201,128,73
W35001408,356,110,37,73,246,200,46
W35001409,441,136,51,85,305,161,144
W35001410,288,81,40,41,207,136,71
W35001411,349,96,32,64,253,175,78
W35001412,237,76,29,47,161,115,46
W35001413,360,149,42,107,211,181,30
W35001414,349,105,36,69,244,125,119
W35001415,312,89,40,49,223,123,100
W35001416,297,122,51,71,175,122,53
W35001417,412,137,52,85,275,180,95
W35001418,393,113,39,74,280,147,133
W35001419,276,69,22,47,207,120,87
W35001420,335,105,39,66,230,131,99
W35001421,540,247,74,173,293,227,66
W35001422,323,78,24,54,245,126,119
W35001423,401,131,49,82,270,238,32
W35001424,490,67,18,49,423,333,90
W35001425,320,139,50,89,181,150,31
W35001426,268,56,14,42,212,115,97
W35001427,234,60,19,41,174,119,55
W35001428,572,212,102,110,360,303,57
W35001429,294,83,34,49,211,110,101
W35001430,418,134,37,97,284,206,78
W35001431,360,166,50,116,194,166,28
W35001432,623,231,74,157,392,324,68
W35001433,425,121,39,82,304,208,96
W35001434,530,136,59,77,394,324,70
W35001435,610,197,58,139,413,329,84
W35001436,305,100,47,53,205,128,77
W35001437,303,74,28,46,229,124,105
W35001438,242,84,17,67,158,106,52
W35001439,486,118,46,72,368,270,98
W35001440,488,188,47,141,300,225,75
W35001441,270,106,36,70,164,126,38
W35001442,237,77,28,49,160,90,70
W35001443,310,87,29,58,223,120,103
W35001444,228,48,18,30,180,142,38
W35001445,505,172,68,104,333,224,109
W35001446,458,138,44,94,320,160,160
W35001447,431,94,31,63,337,203,134
W35001448,336,100,38,62,236,121,115
W35001449,350,134,40,94,216,156,60
W35001450,383,50,20,30,333,150,183
W35001451,508,152,47,105,356,230,126
W35001452,281,89,31,58,192,86,106
W35001453,336,111,44,67,225,128,97
W35001454,482,210,76,134,272,199,73
W35001455,577,195,61,134,382,293,89
W35001456,398,100,27,73,298,171,127
W35001457,371,148,49,99,223,168,55
W35001458,478,180,58,122,298,233,65
W35001459,482,202,59,143,280,226,54
W35001460,235,94,35,59,141,105,36
W35001461,484,156,68,88,328,214,114
W35001462,325,100,38,62,225,124,101
W35001463,321,104,36,68,217,135,82
W35001464,263,76,32,44,187,154,33
W35001465,1042,134,45,89,908,683,225
W35001466,269,112,36,76,157,98,59
W35001467,384,101,37,64,283,177,106
W35001468,362,100,34,66,262,162,100
W35001469,275,81,25,56,194,124,70
W35001470,349,83,28,55,266,136,130
W35001471,333,105,37,68,228,148,80
W35001472,316,129,50,79,187,171,16
W35001473,209,57,18,39,152,134,18
W35001474,497,197,62,135,300,256,44
W35001475,325,118,38,80,207,174,33
W35001476,305,96,22,74,209,189,20
W35001477,327,127,35,92,200,159,41
W35001478,295,97,36,61,198,151,47
W35001479,491,129,34,95,362,284,78
W35001480,527,270,67,203,257,232,25
W35001481,648,202,50,152,446,383,63
W35001482,283,91,32,59,192,120,72
W35001483,588,193,63,130,395,271,124
W35001484,446,190,58,132,256,190,66
W35001485,388,109,39,70,279,199,80
W35001486,724,239,81,158,485,346,139
W35001487,384,119,33,86,265,156,109
W35001488,467,177,42,135,290,248,42
W35001489,478,178,49,129,300,208,92
W35001490,290,107,39,68,183,113,70
W35001491,276,74,23,51,202,125,77
W35001492,469,144,58,86,325,199,126
W35001493,379,143,56,87,236,150,86
W35001494,280,114,44,70,166,93,73
W35001495,262,103,30,73,159,128,31
W35001496,365,183,47,136,182,151,31
W35001497,332,54,11,43,278,228,50
W35001498,425,75,35,40,350,281,69
W35001499,309,110,36,74,199,139,60
W35001500,318,94,30,64,224,148,76
W35001501,309,76,29,47,233,203,30
W35001502,439,142,40,102,297,230,67
W35001503,616,90,28,62,526,457,69
W35001504,562,177,50,127,385,324,61
W35001505,260,110,21,89,150,128,22
W35001506,463,184,71,113,279,199,80
W35001507,349,125,44,81,224,163,61
W35001508,313,115,37,78,198,150,48
W35001509,326,108,53,55,218,122,96
W35001510,260,129,53,76,131,101,30
W35001511,320,101,35,66,219,164,55
W35001512,313,123,65,58,190,130,60
W35001513,348,103,28,75,245,189,56
W35001514,365,149,40,109,216,170,46
W35001515,239,62,20,42,177,137,40
W35001516,341,143,36,107,198,162,36
W35001517,362,208,63,145,154,131,23
W35001518,291,124,40,84,167,133,34
W35001519,245,108,40,68,137,108,29
W35001520,465,212,69,143,253,216,37
W35001521,618,227,68,159,391,363,28
W35001522,337,124,24,100,213,179,34
W35001523,254,81,21,60,173,154,19
W35001524,397,138,46,92,259,192,67
W35001525,315,124,48,76,191,127,64
W35001526,482,159,65,94,323,220,103
W35001527,242,84,35,49,158,115,43
W35001528,403,139,60,79,264,177,87
W35001529,341,115,42,73,226,177,49
W35001530,430,174,33,141,256,208,48
W35001531,343,126,53,73,217,138,79
W35001532,493,237,62,175,256,200,56
W35001533,410,150,45,105,260,206,54
W35001534,360,156,50,106,204,166,38
W35001535,289,91,34,57,198,161,37
W35001536,313,92,14,78,221,173,48
W35001537,315,127,27,100,188,145,43
W35001538,370,171,42,129,199,165,34
W35001539,570,276,99,177,294,240,54
W35001540,788,149,32,117,639,503,136
W35001541,268,45,21,24,223,162,61
W35001542,526,132,35,97,394,262,132
W35001543,534,128,48,80,406,273,133
W35001544,362,90,32,58,272,127,145
W35001545,269,70,25,45,199,96,103
W35001546,349,140,53,87,209,159,50
W35001547,249,49,19,30,200,159,41
W35001548,285,89,35,54,196,118,78
W35001549,318,77,30,47,241,145,96
W35001550,452,156,54,102,296,190,106
W35001551,291,63,27,36,228,104,124
W35001552,379,89,30,59,290,185,105
W35001553,308,52,16,36,256,95,161
W35001554,323,97,37,60,226,113,113
W35001555,478,123,27,96,355,285,70
W35001556,348,96,29,67,252,142,110
W35001557,661,272,81,191,389,310,79
W35001558,478,109,25,84,369,256,113
W35001559,242,56,13,43,186,84,102
W35001560,383,138,44,94,245,199,46
W35001561,295,70,32,38,225,123,102
W35001562,265,72,31,41,193,98,95
W35001563,356,128,53,75,228,137,91
W35001564,316,97,15,82,219,143,76
W35001565,307,99,34,65,208,108,100
W35001566,286,74,28,46,212,117,95
W35001567,314,103,29,74,211,143,68
W35001568,438,131,45,86,307,201,106
W35001569,501,77,15,62,424,276,148
W35001570,332,140,37,103,192,162,30
W35001571,303,79,31,48,224,126,98
W35001572,642,155,49,106,487,409,78
W35001573,281,68,30,38,213,107,106
W35001574,390,130,31,99,260,236,24
W35001575,597,330,153,177,267,233,34
W35001576,319,65,20,45,254,227,27
W35001577,272,77,26,51,195,166,29
W35001578,297,92,29,63,205,149,56
W35001579,588,175,51,124,413,362,51
W35001580,321,126,37,89,195,161,34
W35001581,524,62,20,42,462,369,93
W35001582,307,115,29,86,192,161,31
W35001583,386,122,38,84,264,200,64
W35001584,286,115,32,83,171,135,36
W35001585,261,96,18,78,165,131,34
W35001586,374,92,27,65,282,234,48
W35001587,665,170,50,120,495,372,123
W35001588,374,101,41,60,273,208,65
W35001589,380,115,32,83,265,208,57
W35001590,989,147,42,105,842,731,111
W35001591,352,91,27,64,261,138,123
W35001592,303,94,40,54,209,121,88
W35001593,550,159,59,100,391,256,135
W35001594,291,100,37,63,191,146,45
W35001595,279,64,14,50,215,143,72
W35001596,336,88,25,63,248,177,71
W35001597,356,90,26,64,266,248,18
W35001598,352,126,39,87,226,179,47
W35001599,270,98,12,86,172,133,39
W35001600,351,101,21,80,250,205,45
W35001601,355,130,38,92,225,202,23
W35001602,534,225,81,144,309,261,48
W35001603,252,74,23,51,178,140,38
W35001604,821,193,44,149,628,489,139
W35001605,382,160,42,118,222,158,64
W35001606,271,109,26,83,162,123,39
W35001607,1945,336,96,240,1609,1282,327
W35001608,258,92,19,73,166,130,36
W35001609,535,181,71,110,354,270,84
W35001610,335,85,18,67,250,173,77
W35001611,470,131,30,101,339,249,90
W35001612,259,88,31,57,171,130,41
W35001613,247,86,33,53,161,104,57
W35001614,301,87,29,58,214,151,63
W35001615,483,133,60,73,350,269,81
W35001616,368,121,51,70,247,174,73
W35001617,276,86,32,54,190,142,48
W35001618,243,77,16,61,166,146,20
W35001619,309,113,34,79,196,162,34
W35001620,332,137,49,88,195,157,38
W35001621,286,81,21,60,205,147,58
W35001622,276,100,43,57,176,120,56
W35001623,265,90,17,73,175,152,23
W35001624,266,105,34,71,161,138,23
W35001625,325,124,33,91,201,174,27
W35001626,1860,530,80,450,1330,1085,245
W35001627,272,69,21,48,203,143,60
W35001628,296,107,29,78,189,150,39
W35001629,299,133,40,93,166,130,36
W35001630,246,108,45,63,138,104,34
W35001631,452,184,55,129,268,198,70
W35001632,604,211,57,154,393,337,56
W35001633,324,141,25,116,183,165,18
W35001634,289,112,34,78,177,140,37
W35001635,305,125,31,94,180,159,21
W35001636,945,290,91,199,655,538,117
W35001637,346,90,17,73,256,221,35
W35001638,410,165,35,130,245,214,31
W35001639,295,125,46,79,170,133,37
W35001640,507,127,40,87,380,361,19
W35001641,499,186,62,124,313,242,71
W35001642,625,99,36,63,526,465,61
W35001643,231,92,22,70,139,112,27
W35001644,264,120,26,94,144,121,23
W35001645,334,141,31,110,193,166,27
W35001646,1168,550,216,334,618,561,57
W35001647,470,192,37,155,278,226,52
W35001648,265,102,23,79,163,134,29
W35001649,299,95,29,66,204,169,35
W35001650,376,177,45,132,199,166,33
W35001651,233,64,17,47,169,132,37
W35001652,649,286,67,219,363,321,42
W35001653,298,94,25,69,204,162,42
W35001654,286,124,28,96,162,119,43
W35001655,361,84,21,63,277,237,40
W35001656,527,232,70,162,295,236,59
W35001657,286,112,32,80,174,149,25
W35001658,659,151,38,113,508,446,62
W35001659,411,166,48,118,245,211,34
W35001660,289,75,22,53,214,127,87
W35001661,707,212,73,139,495,408,87
W35001662,4454,1370,207,1163,3084,2733,351
W35001663,334,118,44,74,216,186,30
W35001664,300,117,51,66,183,153,30
W35001665,742,136,53,83,606,519,87
W35001666,347,77,24,53,270,233,37
W35001667,430,154,59,95,276,209,67
W35001668,438,119,25,94,319,291,28
W35001669,265,128,29,99,137,122,15
W35001670,265,128,37,91,137,117,20
W35001671,335,142,30,112,193,160,33
W35001672,294,103,25,78,191,156,35
W35001673,302,78,28,50,224,190,34
W35001674,399,131,45,86,268,226,42
W35001675,704,170,32,138,534,507,27
W35001676,310,104,29,75,206,157,49
W35001677,413,141,43,98,272,213,59
W35001678,472,154,40,114,318,281,37
W35001679,310,121,47,74,189,140,49
W35001680,283,115,34,81,168,131,37
W35001681,572,190,57,133,382,326,56
W35001682,331,146,43,103,185,144,41
W35001683,466,104,25,79,362,284,78
W35001684,272,110,19,91,162,144,18
W35001685,837,147,47,100,690,587,103
W35001686,521,213,26,187,308,258,50
W35001687,325,125,33,92,200,176,24
W35001688,304,92,32,60,212,182,30
W35001689,260,109,28,81,151,130,21
W35001690,264,126,32,94,138,118,20
W35001691,356,109,14,95,247,202,45
W35001692,305,69,11,58,236,202,34
W35001693,614,135,45,90,479,404,75
W35001694,489,207,64,143,282,238,44
W35001695,241,79,27,52,162,134,28
W35001696,301,119,39,80,182,152,30
W35001697,402,180,54,126,222,180,42
W35001698,688,124,19,105,564,430,134
W35001699,381,135,38,97,246,201,45
W35001700,405,167,52,115,238,180,58
W35001701,467,194,48,146,273,219,54
W35001702,367,129,48,81,238,198,40
W35001703,338,140,33,107,198,158,40
W35001704,321,129,39,90,192,152,40
W35001705,768,422,150,272,346,308,38
W35001706,576,136,38,98,440,362,78
W35001707,448,207,41,166,241,200,41
W35001708,272,86,26,60,186,145,41
W35001709,260,118,36,82,142,117,25
W35001710,370,143,34,109,227,176,51
W35001711,326,113,24,89,213,174,39
W35001712,463,138,34,104,325,299,26
W35001713,964,237,73,164,727,659,68
W35001714,339,112,30,82,227,199,28
W35001715,268,115,30,85,153,129,24
W35001716,326,93,17,76,233,187,46
W35001717,317,110,27,83,207,173,34
W35001718,624,82,21,61,542,491,51
W35001719,266,115,39,76,151,132,19
W35001720,386,148,24,124,238,197,41
W35001721,489,163,49,114,326,280,46
W35001722,498,155,37,118,343,294,49
W35001723,266,80,18,62,186,169,17
W35001724,217,69,23,46,148,118,30
W35001725,603,139,44,95,464,394,70
W35001726,320,72,15,57,248,214,34
W35001727,299,97,33,64,202,176,26
W35001728,382,147,49,98,235,182,53
W35001729,604,160,66,94,444,284,160
W35001730,605,248,55,193,357,308,49
W35001731,319,143,36,107,176,141,35
W35001732,240,89,36,53,151,121,30
W35001733,513,209,76,133,304,228,76
W35001734,160,59,18,41,101,80,21
W35001735,290,117,40,77,173,126,47
W35001736,562,184,49,135,378,323,55
W35001737,894,155,34,121,739,604,135
W35001738,1311,185,36,149,1126,1015,111
W35001739,253,103,31,72,150,124,26
W35001740,280,108,29,79,172,144,28
W35001741,284,103,37,66,181,158,23
W35001742,355,137,46,91,218,163,55
W35001743,916,249,47,202,667,617,50
W35001744,292,144,76,68,148,122,26
W35001745,618,299,108,191,319,264,55
W35001746,285,117,43,74,168,140,28
W35001747,765,305,94,211,460,388,72
W35001748,357,180,72,108,177,150,27
W35001749,412,175,57,118,237,200,37
W35001750,594,222,73,149,372,343,29
W35001751,552,151,56,95,401,368,33
W35001752,604,192,61,131,412,354,58
W35001753,387,200,80,120,187,158,29
W35001754,431,170,60,110,261,241,20
W35001755,478,122,14,108,356,338,18
W35001756,362,59,16,43,303,262,41
W35001757,594,287,83,204,307,262,45
W35001758,453,233,65,168,220,187,33
W35001759,506,254,122,132,252,214,38
W35001760,237,107,36,71,130,87,43
W35001761,263,108,43,65,155,118,37
W35001762,289,144,49,95,145,116,29
W35001763,537,191,49,142,346,296,50
W35001764,527,177,48,129,350,306,44
W35001765,424,174,68,106,250,194,56
W35001766,355,149,48,101,206,168,38
W35001767,280,118,48,70,162,128,34
W35001768,476,211,82,129,265,220,45
W35001769,308,129,60,69,179,130,49
W35001770,381,146,78,68,235,188,47
W35001771,282,134,41,93,148,112,36
W35001772,405,164,58,106,241,189,52
W35001773,315,117,27,90,198,166,32
W35001774,420,153,58,95,267,194,73
W35001775,316,125,41,84,191,101,90
W35001776,312,132,57,75,180,126,54
W35001777,206,74,32,42,132,102,30
W35001778,233,77,33,44,156,116,40
W35001779,282,96,40,56,186,150,36
W35001780,292,114,40,74,178,138,40
W35001781,245,83,35,48,162,134,28
W35001782,259,107,41,66,152,109,43
W35001783,229,99,32,67,130,106,24
W35001784,419,169,54,115,250,201,49
W35001785,352,69,19,50,283,201,82
W35001786,324,91,31,60,233,183,50
W35001787,389,145,37,108,244,209,35
W35001788,270,44,25,19,226,180,46
W35001789,276,57,27,30,219,154,65
W35001790,291,106,42,64,185,134,51
W35001791,449,213,62,151,236,193,43
W35001792,306,111,33,78,195,147,48
W35001793,302,99,32,67,203,167,36
W35001794,446,89,25,64,357,329,28
W35001795,330,212,68,144,118,102,16
W35001796,549,215,70,145,334,272,62
W35001797,281,91,31,60,190,142,48
W35001798,253,117,45,72,136,102,34
W35001799,244,77,18,59,167,137,30
W35001800,516,96,33,63,420,353,67
W35001801,407,175,34,141,232,207,25
W35001802,282,53,17,36,229,188,41
W35001803,252,53,29,24,199,155,44
W35001804,329,112,42,70,217,167,50
W35001805,366,134,36,98,232,204,28
W35001806,285,96,29,67,189,148,41
W35001807,287,116,32,84,171,140,31
W35001808,245,112,33,79,133,118,15
W35001809,277,92,26,66,185,156,29
W35001810,283,135,28,107,148,130,18
W35001811,251,108,31,77,143,118,25
W35001812,478,159,42,117,319,260,59
W35001813,309,112,28,84,197,175,22
W35001814,321,93,27,66,228,198,30
W35001815,358,132,33,99,226,193,33
W35001816,314,99,32,67,215,155,60
W35001817,280,125,33,92,155,125,30
W35001818,253,105,21,84,148,127,21
W35001819,397,101,28,73,296,232,64
W35001820,399,185,51,134,214,173,41
W35001821,336,85,23,62,251,211,40
W35001822,574,235,70,165,339,272,67
W35001823,264,112,34,78,152,117,35
W35001824,511,207,38,169,304,266,38
W35001825,321,112,37,75,209,172,37
W35001826,212,95,43,52,117,97,20
W35001827,380,179,62,117,201,164,37
W35001828,416,156,55,101,260,208,52
W35001829,1287,219,57,162,1068,902,166
W35001830,624,81,34,47,543,478,65
W35001831,474,199,51,148,275,217,58
W35001832,265,95,30,65,170,134,36
W35001833,340,144,38,106,196,160,36
W35001834,441,180,70,110,261,194,67
W35001835,311,116,16,100,195,173,22
W35001836,605,130,28,102,475,426,49
W35001837,270,100,35,65,170,134,36
W35001838,317,114,28,86,203,178,25
W35001839,283,91,35,56,192,161,31
W35001840,385,182,50,132,203,156,47
W35001841,310,154,35,119,156,128,28
W35001842,302,149,53,96,153,130,23
W35001843,367,155,42,113,212,181,31
W35001844,476,198,54,144,278,240,38
W35001845,261,93,46,47,168,155,13
W35001846,273,95,20,75,178,147,31
W35001847,265,80,31,49,185,147,38
W35001848,608,168,49,119,440,349,91
W35001849,339,85,28,57,254,218,36
W35001850,511,227,95,132,284,237,47
W35001851,267,132,35,97,135,98,37
W35001852,394,136,36,100,258,209,49
W35001853,324,112,21,91,212,180,32
W35001854,249,129,24,105,120,98,22
W35001855,247,76,19,57,171,153,18
W35001856,544,242,65,177,302,258,44
W35001857,550,282,75,207,268,238,30
W35001858,563,221,59,162,342,286,56
W35001859,534,196,62,134,338,277,61
W35001860,448,133,45,88,315,253,62
W35001861,355,128,39,89,227,182,45
W35001862,432,187,61,126,245,206,39
W35001863,371,168,47,121,203,175,28
W35001864,463,93,29,64,370,330,40
W35001865,272,125,46,79,147,113,34
W35001866,402,150,51,99,252,193,59
W35001867,247,120,29,91,127,101,26
W35001868,367,64,25,39,303,253,50
W35001869,260,106,23,83,154,117,37
W35001870,596,188,54,134,408,351,57
W35001871,339,104,20,84,235,205,30
W35001872,288,111,35,76,177,138,39
W35001873,260,84,19,65,176,143,33
W35001874,247,68,18,50,179,146,33
W35001875,295,141,33,108,154,124,30
W35001876,541,88,29,59,453,376,77
W35001877,1185,669,309,360,516,480,36
W35001878,274,103,22,81,171,145,26
W35001879,301,112,35,77,189,147,42
W35001880,893,176,51,125,717,550,167
W35001881,337,123,30,93,214,173,41
W35001882,375,122,37,85,253,180,73
W35001883,428,175,50,125,253,204,49
W35001884,618,260,84,176,358,308,50
W35001885,761,112,32,80,649,544,105
W35001886,312,117,33,84,195,151,44
W35001887,365,156,57,99,209,163,46
W35001888,406,105,23,82,301,220,81
W35001889,2848,826,134,692,2022,1830,192
W35001890,952,212,61,151,740,668,72
W35001891,470,234,61,173,236,215,21
W35001892,307,87,36,51,220,181,39
W35001893,744,261,86,175,483,367,116
W35001894,1045,397,115,282,648,581,67
W35001895,373,132,39,93,241,175,66
W35001896,1051,306,62,244,745,672,73
W35001897,393,153,39,114,240,218,22
W35001898,412,87,24,63,325,245,80
W35001899,790,320,129,191,470,414,56
W35001900,315,105,30,75,210,185,25
W35001901,774,304,96,208,470,394,76
W35001902,306,104,33,71,202,153,49
W35001903,268,109,47,62,159,119,40
W35001904,254,72,25,47,182,146,36
W35001905,309,118,44,74,191,154,37
W35001906,437,191,51,140,246,198,48
W35001907,322,109,37,72,213,199,14
W35001908,318,98,29,69,220,172,48
W35001909,318,130,44,86,188,150,38
W35001910,232,91,29,62,141,110,31
W35001911,339,125,41,84,214,159,55
W35001912,341,136,30,106,205,163,42
W35001913,317,107,28,79,210,175,35
W35001914,344,102,46,56,242,158,84
W35001915,344,171,59,112,173,150,23
W35001916,365,139,46,93,226,178,48
W35001917,304,97,30,67,207,153,54
W35001918,319,129,51,78,190,145,45
W35001919,457,172,72,100,285,238,47
W35001920,680,280,85,195,400,324,76
W35001921,455,171,79,92,284,197,87
W35001922,339,120,48,72,219,133,86
W35001923,309,106,40,66,203,126,77
W35001924,513,173,70,103,340,258,82
W35001925,275,88,42,46,187,114,73
W35001926,397,137,55,82,260,211,49
W35001927,327,117,59,58,210,145,65
W35001928,406,167,73,94,239,177,62
W35001929,306,138,60,78,168,107,61
W35001930,239,87,47,40,152,81,71
W35001931,320,123,41,82,197,127,70
W35001932,256,95,25,70,161,111,50
W35001933,391,130,64,66,261,184,77
W35001934,668,116,36,80,552,438,114
W35001935,659,205,51,154,454,380,74
W35001936,264,98,29,69,166,125,41
W35001937,277,40,12,28,237,205,32
W35001938,300,116,51,65,184,153,31
W35001939,554,188,52,136,366,283,83
W35001940,240,88,36,52,152,120,32
W35001941,370,198,56,142,172,150,22
W35001942,540,239,58,181,301,269,32
W35001943,471,191,60,131,280,223,57
W35001944,323,100,36,64,223,178,45
W35001945,474,198,66,132,276,221,55
W35001946,250,80,28,52,170,142,28
W35001947,328,125,33,92,203,166,37
W35001948,366,127,42,85,239,209,30
W35001949,495,143,47,96,352,294,58
W35001950,305,135,40,95,170,127,43
W35001951,280,111,43,68,169,129,40
W35001952,288,118,42,76,170,135,35
W35001953,383,162,66,96,221,167,54
W35001954,349,123,39,84,226,189,37
W35001955,348,113,28,85,235,189,46
W35001956,292,112,30,82,180,157,23
W35001957,531,218,52,166,313,265,48
W35001958,450,87,24,63,363,299,64
W35001959,262,110,55,55,152,108,44
W35001960,255,110,34,76,145,122,23
W35001961,401,177,60,117,224,165,59
W35001962,331,135,51,84,196,146,50
W35001963,362,109,35,74,253,195,58
W35001964,269,88,28,60,181,134,47
W35001965,492,129,36,93,363,279,84
W35001966,412,214,70,144,198,165,33
W35001967,255,61,18,43,194,156,38
W35001968,717,231,67,164,486,396,90
W35001969,334,133,48,85,201,139,62
W35001970,329,108,36,72,221,165,56
W35001971,796,429,147,282,367,310,57
W35001972,348,125,61,64,223,163,60
W35001973,254,70,16,54,184,132,52
W35001974,410,211,67,144,199,167,32
W35001975,560,197,44,153,363,310,53
W35001976,523,218,68,150,305,266,39
W35001977,277,109,26,83,168,135,33
W35001978,332,82,27,55,250,183,67
W35001979,248,84,28,56,164,130,34
W35001980,473,181,50,131,292,243,49
W35001981,340,132,25,107,208,169,39
W35001982,443,185,55,130,258,200,58
W35001983,409,184,25,159,225,188,37
W35001984,525,205,62,143,320,244,76
W35001985,326,136,42,94,190,161,29
W35001986,2164,151,65,86,2013,1502,511
W35001987,283,85,41,44,198,130,68
W35001988,392,95,36,59,297,216,81
W35001989,345,139,54,85,206,148,58
W35001990,291,106,49,57,185,129,56
W35001991,1705,303,68,235,1402,1228,174
W35001992,468,61,28,33,407,346,61
W35001993,505,158,53,105,347,297,50
W35001994,282,99,34,65,183,125,58
W35001995,396,148,39,109,248,208,40
W35001996,286,114,36,78,172,122,50
W35001997,358,63,21,42,295,191,104
W35001998,763,110,40,70,653,561,92
W35001999,348,156,53,103,192,148,44
W35002000,250,47,15,32,203,165,38
W35002001,245,78,22,56,167,138,29
W35002002,442,87,32,55,355,230,125
W35002003,348,128,40,88,220,183,37
W35002004,478,108,29,79,370,337,33
W35002005,606,347,93,254,259,229,30
W35002006,309,112,31,81,197,177,20
W35002007,333,173,54,119,160,135,25
W35002008,407,137,47,90,270,215,55
W35002009,284,66,13,53,218,195,23
W35002010,364,131,21,110,233,210,23
W35002011,383,112,32,80,271,223,48
W35002012,257,88,25,63,169,154,15
W35002013,431,172,46,126,259,231,28
W35002014,345,134,41,93,211,183,28
W35002015,587,279,95,184,308,247,61
W35002016,292,92,32,60,200,161,39
W35002017,306,105,37,68,201,163,38
W35002018,664,237,35,202,427,386,41
W35002019,308,132,38,94,176,142,34
W35002020,521,193,61,132,328,271,57
W35002021,497,193,63,130,304,246,58
W35002022,869,175,44,131,694,625,69
W35002023,501,213,73,140,288,235,53
W35002024,327,103,31,72,224,194,30
W35002025,304,107,25,82,197,157,40
W35002026,561,211,42,169,350,286,64
W35002027,344,92,39,53,252,228,24
W35002028,321,112,33,79,209,156,53
W35002029,394,149,35,114,245,207,38
W35002030,287,72,16,56,215,192,23
W35002031,312,120,40,80,192,174,18
W35002032,319,146,25,121,173,149,24
W35002033,326,92,42,50,234,204,30
W35002034,550,258,70,188,292,258,34
W35002035,263,89,26,63,174,154,20
W35002036,313,111,24,87,202,183,19
W35002037,282,86,22,64,196,183,13
W35002038,575,85,26,59,490,437,53
W35002039,426,152,49,103,274,220,54
W35002040,533,211,48,163,322,266,56
W35002041,460,150,48,102,310,251,59
W35002042,667,140,29,111,527,449,78
W35002043,366,99,25,74,267,223,44
W35002044,309,121,42,79,188,151,37
W35002045,347,147,51,96,200,172,28
W35002046,438,108,34,74,330,278,52
W35002047,371,127,27,100,244,225,19
W35002048,571,167,50,117,404,337,67
W35002049,848,402,107,295,446,397,49
W35002050,372,123,38,85,249,204,45
W35002051,551,188,37,151,363,336,27
W35002052,412,147,54,93,265,203,62
W35002053,499,181,51,130,318,232,86
W35002054,421,136,29,107,285,242,43
W35002055,956,324,73,251,632,560,72
W35002056,334,97,23,74,237,201,36
W35002057,563,229,67,162,334,278,56
W35002058,326,108,35,73,218,183,35
W35002059,303,89,23,66,214,178,36
W35002060,283,103,31,72,180,150,30
W35002061,348,122,46,76,226,189,37
W35002062,336,122,39,83,214,164,50
W35002063,297,111,25,86,186,160,26
W35002064,339,127,27,100,212,183,29
W35002065,411,138,46,92,273,230,43
W35002066,300,98,27,71,202,166,36
W35002067,355,121,32,89,234,200,34
W35002068,336,141,28,113,195,166,29
W35002069,350,101,39,62,249,200,49
W35002070,803,271,65,206,532,504,28
W35002071,354,126,49,77,228,184,44
W35002072,711,173,50,123,538,482,56
W35002073,262,70,25,45,192,175,17
W35002074,546,212,55,157,334,291,43
W35002075,351,128,47,81,223,185,38
W35002076,410,99,37,62,311,255,56
W35002077,377,168,39,129,209,187,22
W35002078,372,126,53,73,246,214,32
W35002079,324,138,35,103,186,155,31
W35002080,275,100,31,69,175,150,25
W35002081,2180,606,268,338,1574,1377,197
W35002082,376,193,95,98,183,136,47
W35002083,268,77,28,49,191,166,25
W35002084,266,85,26,59,181,149,32
W35002085,266,73,19,54,193,157,36
W35002086,483,119,34,85,364,306,58
W35002087,301,115,21,94,186,157,29
W35002088,413,93,24,69,320,267,53
W35002089,319,101,27,74,218,164,54
W35002090,369,137,37,100,232,188,44
W35002091,332,129,23,106,203,168,35
W35002092,246,110,49,61,136,101,35
W35002093,290,81,20,61,209,162,47
W35002094,278,126,33,93,152,127,25
W35002095,736,152,40,112,584,488,96
W35002096,476,124,19,105,352,305,47
W35002097,398,138,43,95,260,218,42
W35002098,388,122,46,76,266,211,55
W35002099,1147,302,43,259,845,722,123
W35002100,778,311,95,216,467,402,65
W35002101,413,85,23,62,328,232,96
W35002102,368,139,54,85,229,169,60
W35002103,473,99,43,56,374,297,77
W35002104,300,89,36,53,211,169,42
W35002105,464,146,33,113,318,273,45
W35002106,344,118,27,91,226,202,24
W35002107,318,66,25,41,252,214,38
W35002108,373,112,46,66,261,200,61
W35002109,348,152,45,107,196,165,31
W35002110,347,137,41,96,210,177,33
W35002111,1010,240,48,192,770,652,118
W35002112,576,182,63,119,394,312,82
W35002113,758,138,38,100,620,517,103
W35002114,507,152,53,99,355,321,34
W35002115,530,262,83,179,268,247,21
W35002116,295,117,48,69,178,139,39
W35002117,407,109,32,77,298,249,49
W35002118,288,93,32,61,195,151,44
W35002119,799,207,61,146,592,501,91
W35002120,677,248,96,152,429,330,99
W35002121,251,56,14,42,195,152,43
W35002122,270,74,20,54,196,155,41
W35002123,279,88,23,65,191,135,56
W35002124,634,157,53,104,477,378,99
W35002125,274,110,34,76,164,126,38
W35002126,372,124,40,84,248,198,50
W35002127,2509,647,148,499,1862,1602,260
W35002128,295,103,22,81,192,154,38
W35002129,235,71,34,37,164,134,30
W35002130,300,104,31,73,196,179,17
W35002131,384,117,37,80,267,190,77
W35002132,392,144,44,100,248,203,45
W35002133,495,189,54,135,306,281,25
W35002134,258,118,40,78,140,116,24
W35002135,1595,402,100,302,1193,1098,95
W35002136,281,110,22,88,171,147,24
W35002137,368,59,14,45,309,283,26
W35002138,351,130,25,105,221,200,21
W35002139,536,146,40,106,390,347,43
W35002140,390,106,32,74,284,251,33
W35002141,300,111,30,81,189,144,45
W35002142,284,85,41,44,199,174,25
W35002143,357,62,13,49,295,232,63
W35002144,329,96,33,63,233,186,47
W35002145,616,231,70,161,385,340,45
W35002146,452,163,42,121,289,231,58
W35002147,300,69,25,44,231,188,43
W35002148,590,203,52,151,387,325,62
W35002149,283,97,33,64,186,144,42
W35002150,308,115,46,69,193,165,28
W35002151,639,148,41,107,491,416,75
W35002152,730,120,36,84,610,505,105
W35002153,654,246,54,192,408,343,65
W35002154,294,97,35,62,197,158,39
W35002155,409,106,40,66,303,202,101
W35002156,392,96,14,82,296,239,57
W35002157,425,140,36,104,285,237,48
W35002158,344,104,34,70,240,208,32
W35002159,370,82,18,64,288,248,40
W35002160,522,244,56,188,278,236,42
W35002161,292,101,38,63,191,162,29
W35002162,419,174,43,131,245,223,22
W35002163,298,103,30,73,195,165,30
W35002164,301,105,27,78,196,168,28
W35002165,368,144,49,95,224,176,48
W35002166,351,120,50,70,231,184,47
W35002167,366,143,36,107,223,169,54
W35002168,1451,136,53,83,1315,1185,130
W35002169,314,105,36,69,209,171,38
W35002170,419,130,53,77,289,225,64
W35002171,331,52,13,39,279,223,56
W35002172,295,80,29,51,215,170,45
W35002173,228,77,27,50,151,109,42
W35002174,325,88,35,53,237,186,51
W35002175,312,96,13,83,216,186,30
W35002176,327,114,36,78,213,169,44
W35002177,415,123,45,78,292,227,65
W35002178,853,135,37,98,718,616,102
W35002179,279,94,32,62,185,152,33
W35002180,464,179,63,116,285,255,30
W35002181,294,131,26,105,163,125,38
W35002182,371,149,38,111,222,185,37
W35002183,302,96,29,67,206,174,32
W35002184,344,76,30,46,268,210,58
W35002185,359,133,32,101,226,189,37
W35002186,422,113,34,79,309,272,37
W35002187,538,75,35,40,463,389,74
W35002188,295,104,35,69,191,157,34
W35002189,488,130,46,84,358,278,80
W35002190,346,145,40,105,201,184,17
W35002191,1790,220,68,152,1570,1381,189
W35002192,392,139,47,92,253,208,45
W35002193,748,121,38,83,627,512,115
W35002194,562,186,53,133,376,331,45
W35002195,285,86,27,59,199,166,33
W35002196,232,95,25,70,137,114,23
W35002197,506,233,65,168,273,225,48
W35002198,303,95,32,63,208,164,44
W35002199,367,105,32,73,262,208,54
W35002200,541,195,51,144,346,311,35
W35002201,249,62,19,43,187,143,44
W35002202,950,135,43,92,815,678,137
W35002203,310,108,42,66,202,152,50
W35002204,253,58,24,34,195,158,37
W35002205,371,133,41,92,238,194,44
W35002206,327,50,15,35,277,237,40
W35002207,335,110,44,66,225,186,39
W35002208,343,123,55,68,220,173,47
W35002209,280,97,35,62,183,149,34
W35002210,276,102,41,61,174,135,39
W35002211,355,149,31,118,206,176,30
W35002212,709,275,108,167,434,368,66
W35002213,602,209,75,134,393,296,97
W35002214,262,105,24,81,157,136,21
W35002215,396,166,57,109,230,190,40
W35002216,485,176,61,115,309,241,68
W35002217,364,103,40,63,261,208,53
W35002218,449,171,51,120,278,233,45
W35002219,320,115,41,74,205,159,46
W35002220,282,94,23,71,188,138,50
W35002221,457,174,75,99,283,206,77
W35002222,681,402,76,326,279,248,31
W35002223,687,314,105,209,373,325,48
W35002224,326,117,40,77,209,168,41
W35002225,341,143,34,109,198,160,38
W35002226,514,188,72,116,326,268,58
W35002227,243,67,13,54,176,153,23
W35002228,388,94,31,63,294,262,32
W35002229,589,111,30,81,478,412,66
W35002230,380,148,31,117,232,201,31
W35002231,702,285,52,233,417,374,43
W35002232,636,158,28,130,478,418,60
W35002233,384,117,43,74,267,209,58
W35002234,553,145,27,118,408,379,29
W35002235,647,98,24,74,549,483,66
W35002236,301,97,33,64,204,150,54
W35002237,255,91,30,61,164,135,29
W35002238,323,125,35,90,198,164,34
W35002239,405,150,46,104,255,220,35
W35002240,1881,203,62,141,1678,1479,199
W35002241,433,132,32,100,301,251,50
W35002242,307,70,14,56,237,187,50
W35002243,583,229,76,153,354,310,44
W35002244,479,102,34,68,377,312,65
W35002245,283,98,29,69,185,140,45
W35002246,2016,270,78,192,1746,1571,175
W35002247,244,109,32,77,135,108,27
W35002248,286,123,41,82,163,134,29
W35002249,960,258,66,192,702,632,70
W35002250,246,91,39,52,155,128,27
W35002251,348,154,36,118,194,152,42
W35002252,482,113,34,79,369,339,30
W35002253,696,368,86,282,328,285,43
W35002254,382,148,41,107,234,208,26
W35002255,804,230,58,172,574,492,82
W35002256,355,79,29,50,276,243,33
W35002257,372,136,46,90,236,189,47
W35002258,638,209,70,139,429,349,80
W35002259,228,88,28,60,140,113,27
W35002260,580,213,36,177,367,291,76
W35002261,435,204,61,143,231,207,24
W35002262,286,102,41,61,184,148,36
W35002263,335,79,17,62,256,224,32
W35002264,260,47,13,34,213,163,50
W35002265,503,207,71,136,296,260,36
W35002266,305,141,55,86,164,147,17
W35002267,585,188,55,133,397,351,46
W35002268,523,177,44,133,346,292,54
W35002269,286,141,37,104,145,123,22
W35002270,819,144,42,102,675,600,75
W35002271,363,158,37,121,205,169,36
W35002272,301,98,30,68,203,171,32
W35002273,316,125,45,80,191,152,39
W35002274,291,67,10,57,224,177,47
W35002275,312,95,32,63,217,177,40
W35002276,654,115,25,90,539,467,72
W35002277,348,142,36,106,206,171,35
W35002278,268,91,29,62,177,134,43
W35002279,303,115,39,76,188,159,29
W35002280,427,141,43,98,286,243,43
W35002281,465,169,44,125,296,250,46
W35002282,258,85,19,66,173,158,15
W35002283,418,151,54,97,267,230,37
W35002284,547,118,30,88,429,359,70
W35002285,302,92,26,66,210,164,46
W35002286,443,182,73,109,261,231,30
W35002287,486,152,41,111,334,293,41
W35002288,311,112,44,68,199,161,38
W35002289,745,146,45,101,599,480,119
W35002290,388,137,53,84,251,201,50
W35002291,226,76,33,43,150,120,30
W35002292,382,65,19,46,317,271,46
W35002293,324,107,33,74,217,179,38
W35002294,1097,165,34,131,932,833,99
W35002295,942,341,66,275,601,547,54
W35002296,304,90,22,68,214,187,27
W35002297,578,103,27,76,475,393,82
W35002298,605,80,28,52,525,410,115
W35002299,294,101,33,68,193,175,18
W35002300,399,158,50,108,241,201,40
W35002301,516,232,46,186,284,249,35
W35002302,271,79,23,56,192,161,31
W35002303,227,87,25,62,140,121,19
W35002304,227,102,37,65,125,107,18
W35002305,426,167,45,122,259,208,51
W35002306,313,121,41,80,192,156,36
W35002307,365,130,44,86,235,190,45
W35002308,820,221,53,168,599,487,112
W35002309,369,168,55,113,201,165,36
W35002310,336,135,40,95,201,167,34
W35002311,577,245,71,174,332,271,61
W35002312,383,110,37,73,273,223,50
W35002313,708,239,94,145,469,372,97
W35002314,312,118,38,80,194,143,51
W35002315,726,226,55,171,500,450,50
W35002316,604,108,31,77,496,406,90
W35002317,251,72,32,40,179,103,76
W35002318,286,75,31,44,211,98,113
W35002319,320,117,45,72,203,161,42
W35002320,593,211,59,152,382,311,71
W35002321,2235,640,85,555,1595,1421,174
W35002322,534,224,57,167,310,263,47
W35002323,259,115,27,88,144,120,24
W35002324,473,183,64,119,290,228,62
W35002325,311,113,39,74,198,158,40
W35002326,325,87,16,71,238,183,55
W35002327,282,117,35,82,165,136,29
W35002328,332,122,46,76,210,163,47
W35002329,355,108,35,73,247,203,44
W35002330,552,89,34,55,463,407,56
W35002331,708,256,93,163,452,375,77
W35002332,253,104,29,75,149,115,34
W35002333,283,85,20,65,198,128,70
W35002334,254,89,34,55,165,127,38
W35002335,355,154,42,112,201,162,39
W35002336,339,103,44,59,236,182,54
W35002337,321,132,35,97,189,151,38
W35002338,279,102,34,68,177,127,50
W35002339,334,134,63,71,200,159,41
W35002340,755,265,99,166,490,364,126
W35002341,444,156,44,112,288,210,78
W35002342,395,109,49,60,286,185,101
W35002343,247,86,28,58,161,98,63
W35002344,328,102,40,62,226,151,75
W35002345,253,83,32,51,170,94,76
W35002346,261,83,33,50,178,105,73
W35002347,604,139,35,104,465,391,74
W35002348,303,102,43,59,201,104,97
W35002349,371,87,42,45,284,219,65
W35002350,276,98,39,59,178,122,56
W35002351,601,177,59,118,424,289,135
W35002352,304,127,45,82,177,126,51
W35002353,382,119,42,77,263,221,42
W35002354,417,211,90,121,206,163,43
W35002355,448,100,36,64,348,294,54
W35002356,235,74,38,36,161,74,87
W35002357,268,105,49,56,163,115,48
W35002358,257,101,42,59,156,98,58
W35002359,474,196,45,151,278,227,51
W35002360,414,155,72,83,259,189,70
W35002361,287,108,47,61,179,136,43
W35002362,415,127,45,82,288,181,107
W35002363,268,104,46,58,164,111,53
W35002364,239,78,37,41,161,100,61
W35002365,290,122,32,90,168,140,28
W35002366,589,162,39,123,427,355,72
W35002367,279,117,38,79,162,123,39
W35002368,331,123,38,85,208,171,37
W35002369,459,172,57,115,287,219,68
W35002370,460,122,47,75,338,277,61
W35002371,310,125,64,61,185,129,56
W35002372,399,103,43,60,296,205,91
W35002373,663,237,92,145,426,339,87
W35002374,362,144,79,65,218,131,87
W35002375,341,112,41,71,229,162,67
W35002376,295,128,49,79,167,130,37
W35002377,542,286,110,176,256,213,43
W35002378,579,218,70,148,361,290,71
W35002379,313,121,38,83,192,164,28
W35002380,483,82,26,56,401,334,67
W35002381,255,129,49,80,126,102,24
W35002382,329,96,31,65,233,175,58
W35002383,720,125,44,81,595,494,101
W35002384,396,186,86,100,210,166,44
W35002385,291,94,37,57,197,166,31
W35002386,298,83,24,59,215,161,54
W35002387,830,298,125,173,532,465,67
W35002388,360,116,39,77,244,192,52
W35002389,337,134,46,88,203,173,30
W35002390,550,167,47,120,383,340,43
W35002391,641,255,73,182,386,315,71
W35002392,252,48,14,34,204,150,54
W35002393,301,117,32,85,184,154,30
W35002394,322,173,62,111,149,118,31
W35002395,405,150,54,96,255,211,44
W35002396,532,245,55,190,287,240,47
W35002397,344,119,38,81,225,186,39
W35002398,361,140,19,121,221,168,53
W35002399,291,150,25,125,141,119,22
W35002400,1231,173,56,117,1058,887,171
W35002401,270,110,40,70,160,127,33
W35002402,2198,439,80,359,1759,1499,260
W35002403,315,73,33,40,242,184,58
W35002404,354,118,38,80,236,191,45
W35002405,237,70,24,46,167,118,49
W35002406,570,205,69,136,365,283,82
W35002407,520,219,70,149,301,264,37
W35002408,307,92,18,74,215,170,45
W35002409,325,95,17,78,230,198,32
W35002410,370,122,50,72,248,216,32
W35002411,535,138,53,85,397,339,58
W35002412,406,154,35,119,252,226,26
W35002413,405,82,31,51,323,263,60
W35002414,343,91,36,55,252,208,44
W35002415,369,160,50,110,209,161,48
W35002416,437,187,59,128,250,197,53
W35002417,250,91,19,72,159,125,34
W35002418,458,198,57,141,260,220,40
W35002419,255,101,37,64,154,120,34
W35002420,354,131,42,89,223,171,52
W35002421,259,87,43,44,172,138,34
W35002422,276,75,35,40,201,168,33
W35002423,266,111,32,79,155,132,23
W35002424,587,174,61,113,413,344,69
W35002425,278,92,31,61,186,154,32
W35002426,255,108,36,72,147,113,34
W35002427,352,146,34,112,206,186,20
W35002428,416,161,53,108,255,225,30
W35002429,297,127,32,95,170,139,31
W35002430,451,159,42,117,292,241,51
W35002431,446,133,36,97,313,268,45
W35002432,248,82,30,52,166,112,54
W35002433,1449,393,94,299,1056,981,75
W35002434,268,93,32,61,175,120,55
W35002435,261,66,13,53,195,170,25
W35002436,358,138,38,100,220,184,36
W35002437,288,82,22,60,206,167,39
W35002438,296,136,29,107,160,119,41
W35002439,540,127,54,73,413,365,48
W35002440,510,115,32,83,395,342,53
W35002441,263,79,15,64,184,139,45
W35002442,366,115,30,85,251,201,50
W35002443,367,143,40,103,224,179,45
W35002444,250,91,32,59,159,141,18
W35002445,3407,1084,177,907,2323,2076,247
W35002446,268,78,18,60,190,164,26
W35002447,642,226,71,155,416,319,97
W35002448,276,74,21,53,202,149,53
W35002449,506,114,39,75,392,334,58
W35002450,457,144,63,81,313,223,90
W35002451,263,104,36,68,159,138,21
W35002452,701,390,131,259,311,282,29
W35002453,318,155,47,108,163,133,30
W35002454,253,70,18,52,183,152,31
W35002455,272,85,17,68,187,147,40
W35002456,222,107,32,75,115,98,17
W35002457,320,134,30,104,186,165,21
W35002458,274,94,22,72,180,165,15
W35002459,346,82,35,47,264,200,64
W35002460,794,196,53,143,598,509,89
W35002461,287,60,11,49,227,177,50
W35002462,662,59,15,44,603,545,58
W35002463,573,117,21,96,456,375,81
W35002464,324,108,35,73,216,165,51
W35002465,239,74,32,42,165,117,48
W35002466,1489,287,86,201,1202,1068,134
W35002467,2979,516,57,459,2463,2390,73
W35002468,217,55,21,34,162,103,59
W35002469,354,129,58,71,225,180,45
W35002470,339,102,32,70,237,172,65
W35002471,646,272,130,142,374,298,76
W35002472,324,127,27,100,197,170,27
W35002473,881,368,137,231,513,390,123
W35002474,528,196,51,145,332,278,54
W35002475,554,162,66,96,392,297,95
W35002476,293,118,57,61,175,129,46
W35002477,384,155,79,76,229,180,49
W35002478,283,91,32,59,192,146,46
W35002479,471,171,43,128,300,224,76
W35002480,739,170,38,132,569,492,77
W35002481,814,170,33,137,644,583,61
W35002482,1096,301,29,272,795,760,35
W35002483,420,189,68,121,231,185,46
W35002484,1267,358,69,289,909,852,57
W35002485,301,139,59,80,162,120,42
W35002486,429,182,67,115,247,190,57
W35002487,481,186,68,118,295,235,60
W35002488,336,143,63,80,193,146,47
W35002489,820,157,42,115,663,566,97
W35002490,319,124,28,96,195,166,29
W35002491,310,108,26,82,202,164,38
W35002492,360,174,77,97,186,135,51
W35002493,321,123,51,72,198,151,47
W35002494,269,100,36,64,169,132,37
W35002495,340,123,36,87,217,173,44
W35002496,452,128,38,90,324,256,68
W35002497,329,162,48,114,167,144,23
W35002498,1583,338,83,255,1245,1128,117
W35002499,619,223,52,171,396,364,32
W35002500,385,127,42,85,258,208,50
W35002501,460,133,46,87,327,264,63
W35002502,314,97,31,66,217,171,46
W35002503,523,226,56,170,297,264,33
W35002504,295,98,38,60,197,146,51
W35002505,333,155,42,113,178,140,38
W35002506,353,143,50,93,210,169,41
W35002507,272,102,37,65,170,136,34
W35002508,554,207,66,141,347,291,56
W35002509,484,145,32,113,339,276,63
W35002510,370,143,70,73,227,187,40
W35002511,534,238,86,152,296,235,61
W35002512,327,103,41,62,224,180,44
W35002513,396,128,41,87,268,218,50
W35002514,511,147,35,112,364,297,67
W35002515,651,231,69,162,420,370,50
W35002516,376,82,20,62,294,250,44
W35002517,282,92,14,78,190,165,25
W35002518,547,210,66,144,337,276,61
W35002519,362,129,43,86,233,185,48
W35002520,272,82,27,55,190,149,41
W35002521,1162,366,82,284,796,695,101
W35002522,285,113,40,73,172,131,41
W35002523,321,102,41,61,219,176,43
W35002524,251,121,34,87,130,99,31
W35002525,660,283,156,127,377,304,73
W35002526,691,245,88,157,446,363,83
W35002527,317,90,22,68,227,176,51
W35002528,746,244,74,170,502,448,54
W35002529,368,112,37,75,256,213,43
W35002530,534,258,93,165,276,209,67
W35002531,668,289,86,203,379,298,81
W35002532,318,100,43,57,218,164,54
W35002533,627,162,22,140,465,437,28
W35002534,270,75,32,43,195,138,57
W35002535,257,104,26,78,153,126,27
W35002536,259,89,32,57,170,138,32
W35002537,357,127,26,101,230,191,39
W35002538,279,119,32,87,160,124,36
W35002539,261,73,19,54,188,156,32
W35002540,322,101,38,63,221,179,42
W35002541,361,99,31,68,262,214,48
W35002542,348,106,22,84,242,215,27
W35002543,298,101,49,52,197,162,35
W35002544,299,124,49,75,175,138,37
W35002545,495,166,54,112,329,251,78
W35002546,251,82,30,52,169,141,28
W35002547,364,156,32,124,208,175,33
W35002548,364,175,88,87,189,156,33
W35002549,262,88,39,49,174,137,37
W35002550,264,89,24,65,175,144,31
W35002551,326,133,52,81,193,154,39
W35002552,353,113,42,71,240,175,65
W35002553,330,125,51,74,205,169,36
W35002554,341,123,44,79,218,154,64
W35002555,1864,282,101,181,1582,1331,251
W35002556,291,97,31,66,194,157,37
W35002557,416,136,38,98,280,234,46
W35002558,412,169,47,122,243,211,32
W35002559,636,228,86,142,408,371,37
W35002560,258,103,48,55,155,133,22
W35002561,822,272,117,155,550,458,92
W35002562,381,193,100,93,188,144,44
W35002563,291,115,61,54,176,134,42
W35002564,391,154,92,62,237,196,41
W35002565,307,101,47,54,206,168,38
W35002566,331,122,32,90,209,168,41
W35002567,403,162,48,114,241,222,19
W35002568,287,112,35,77,175,151,24
W35002569,331,154,69,85,177,123,54
W35002570,307,110,47,63,197,162,35
W35002571,563,240,90,150,323,276,47
W35002572,243,70,39,31,173,125,48
W35002573,431,144,31,113,287,247,40
W35002574,369,92,25,67,277,206,71
W35002575,399,165,53,112,234,195,39
W35002576,291,104,27,77,187,158,29
W35002577,303,59,9,50,244,204,40
W35002578,719,329,225,104,390,335,55
W35002579,323,200,116,84,123,91,32
W35002580,3198,486,106,380,2712,2572,140
W35002581,294,118,61,57,176,149,27
W35002582,693,207,109,98,486,379,107
W35002583,973,409,177,232,564,536,28
W35002584,278,128,64,64,150,127,23
W35002585,309,92,45,47,217,202,15
W35002586,692,350,143,207,342,290,52
W35002587,257,97,40,57,160,129,31
W35002588,262,98,35,63,164,133,31
W35002589,407,120,28,92,287,258,29
W35002590,377,189,79,110,188,143,45
W35002591,240,85,35,50,155,130,25
W35002592,542,241,84,157,301,235,66
W35002593,334,123,36,87,211,176,35
W35002594,486,125,56,69,361,325,36
W35002595,313,92,31,61,221,161,60
W35002596,229,66,23,43,163,139,24
W35002597,235,58,13,45,177,153,24
W35002598,568,257,73,184,311,250,61
W35002599,244,70,29,41,174,146,28
W35002600,319,99,32,67,220,175,45
W35002601,403,102,25,77,301,247,54
W35002602,284,92,28,64,192,168,24
W35002603,303,93,34,59,210,177,33
W35002604,294,112,26,86,182,145,37
W35002605,254,94,24,70,160,133,27
W35002606,561,182,43,139,379,351,28
W35002607,468,199,76,123,269,216,53
W35002608,267,85,25,60,182,161,21
W35002609,473,131,38,93,342,285,57
W35002610,214,81,25,56,133,112,21
W35002611,653,200,43,157,453,390,63
W35002612,692,146,45,101,546,468,78
W35002613,362,143,36,107,219,190,29
W35002614,284,63,22,41,221,197,24
W35002615,333,118,31,87,215,172,43
W35002616,604,238,57,181,366,287,79
W35002617,779,88,42,46,691,550,141
W35002618,281,103,27,76,178,150,28
W35002619,324,73,25,48,251,214,37
W35002620,949,353,100,253,596,517,79
W35002621,666,274,75,199,392,340,52
W35002622,409,143,42,101,266,225,41
W35002623,247,101,26,75,146,123,23
W35002624,410,148,32,116,262,224,38
W35002625,542,173,49,124,369,336,33
W35002626,266,88,28,60,178,143,35
W35002627,486,133,42,91,353,289,64
W35002628,290,72,18,54,218,187,31
W35002629,322,118,32,86,204,149,55
W35002630,283,133,48,85,150,126,24
W35002631,298,119,28,91,179,147,32
W35002632,354,144,30,114,210,192,18
W35002633,340,121,44,77,219,166,53
W35002634,294,135,35,100,159,137,22
W35002635,415,173,55,118,242,222,20
W35002636,519,198,65,133,321,246,75
W35002637,308,144,46,98,164,134,30
W35002638,421,171,47,124,250,188,62
W35002639,403,148,48,100,255,198,57
W35002640,328,104,22,82,224,178,46
W35002641,339,133,35,98,206,170,36
W35002642,642,267,69,198,375,280,95
W35002643,535,106,28,78,429,349,80
W35002644,291,74,26,48,217,85,132
W35002645,323,88,42,46,235,102,133
W35002646,495,141,55,86,354,241,113
W35002647,319,69,25,44,250,143,107
W35002648,277,59,25,34,218,118,100
W35002649,229,59,28,31,170,87,83
W35002650,302,71,28,43,231,188,43
W35002651,298,99,32,67,199,158,41
W35002652,355,113,34,79,242,194,48
W35002653,2142,704,124,580,1438,1287,151
W35002654,299,147,40,107,152,124,28
W35002655,429,180,35,145,249,230,19
W35002656,310,144,35,109,166,122,44
W35002657,261,109,47,62,152,92,60
W35002658,311,103,13,90,208,162,46
W35002659,313,85,18,67,228,183,45
W35002660,455,156,44,112,299,238,61
W35002661,356,151,39,112,205,165,40
W35002662,464,165,39,126,299,240,59
W35002663,385,126,40,86,259,194,65
W35002664,453,171,45,126,282,226,56
W35002665,292,77,29,48,215,156,59
W35002666,305,69,19,50,236,128,108
W35002667,295,100,28,72,195,147,48
W35002668,336,90,39,51,246,138,108
W35002669,720,217,57,160,503,403,100
W35002670,279,122,53,69,157,105,52
W35002671,387,100,41,59,287,195,92
W35002672,471,91,25,66,380,255,125
W35002673,382,109,34,75,273,144,129
W35002674,356,82,29,53,274,193,81
W35002675,396,110,43,67,286,164,122
W35002676,261,86,24,62,175,131,44
W35002677,382,131,46,85,251,214,37
W35002678,341,133,35,98,208,157,51
W35002679,453,182,60,122,271,220,51
W35002680,478,131,26,105,347,278,69
W35002681,247,109,49,60,138,102,36
W35002682,281,122,54,68,159,121,38
W35002683,258,76,28,48,182,132,50
W35002684,299,74,25,49,225,186,39
W35002685,672,207,60,147,465,363,102
W35002686,739,101,29,72,638,533,105
W35002687,364,136,50,86,228,186,42
W35002688,878,195,70,125,683,577,106
W35002689,509,172,70,102,337,236,101
W35002690,356,168,71,97,188,128,60
W35002691,286,102,42,60,184,127,57
W35002692,485,201,55,146,284,232,52
W35002693,358,105,39,66,253,146,107
W35002694,450,170,52,118,280,215,65
W35002695,277,75,25,50,202,142,60
W35002696,286,68,19,49,218,103,115
W35002697,261,83,29,54,178,113,65
W35002698,221,73,24,49,148,91,57
W35002699,364,99,37,62,265,157,108
W35002700,288,92,30,62,196,107,89
W35002701,262,71,28,43,191,126,65
W35002702,588,165,60,105,423,346,77
W35002703,624,103,27,76,521,379,142
W35002704,735,68,18,50,667,536,131
W35002705,303,23,7,16,280,210,70
W35002706,174,52,18,34,122,93,29
W35002707,281,70,19,51,211,163,48
W35002708,440,80,16,64,360,317,43
W35002709,699,175,37,138,524,464,60
W35002710,428,123,27,96,305,246,59
